#  E (eV)   dos(E)     Int dos(E) EFermi =    5.544 eV
 -15.000  0.0000E+00  0.0000E+00
 -14.990  0.0000E+00  0.0000E+00
 -14.980  0.0000E+00  0.0000E+00
 -14.970  0.0000E+00  0.0000E+00
 -14.960  0.0000E+00  0.0000E+00
 -14.950  0.0000E+00  0.0000E+00
 -14.940  0.0000E+00  0.0000E+00
 -14.930  0.0000E+00  0.0000E+00
 -14.920  0.0000E+00  0.0000E+00
 -14.910  0.0000E+00  0.0000E+00
 -14.900  0.0000E+00  0.0000E+00
 -14.890  0.0000E+00  0.0000E+00
 -14.880  0.0000E+00  0.0000E+00
 -14.870  0.0000E+00  0.0000E+00
 -14.860  0.0000E+00  0.0000E+00
 -14.850  0.0000E+00  0.0000E+00
 -14.840  0.0000E+00  0.0000E+00
 -14.830  0.0000E+00  0.0000E+00
 -14.820  0.0000E+00  0.0000E+00
 -14.810  0.0000E+00  0.0000E+00
 -14.800  0.0000E+00  0.0000E+00
 -14.790  0.0000E+00  0.0000E+00
 -14.780  0.0000E+00  0.0000E+00
 -14.770  0.0000E+00  0.0000E+00
 -14.760  0.0000E+00  0.0000E+00
 -14.750  0.0000E+00  0.0000E+00
 -14.740  0.0000E+00  0.0000E+00
 -14.730  0.0000E+00  0.0000E+00
 -14.720  0.0000E+00  0.0000E+00
 -14.710  0.0000E+00  0.0000E+00
 -14.700  0.0000E+00  0.0000E+00
 -14.690  0.0000E+00  0.0000E+00
 -14.680  0.0000E+00  0.0000E+00
 -14.670  0.0000E+00  0.0000E+00
 -14.660  0.0000E+00  0.0000E+00
 -14.650  0.0000E+00  0.0000E+00
 -14.640  0.0000E+00  0.0000E+00
 -14.630  0.0000E+00  0.0000E+00
 -14.620  0.0000E+00  0.0000E+00
 -14.610  0.0000E+00  0.0000E+00
 -14.600  0.0000E+00  0.0000E+00
 -14.590  0.0000E+00  0.0000E+00
 -14.580  0.0000E+00  0.0000E+00
 -14.570  0.0000E+00  0.0000E+00
 -14.560  0.0000E+00  0.0000E+00
 -14.550  0.0000E+00  0.0000E+00
 -14.540  0.0000E+00  0.0000E+00
 -14.530  0.0000E+00  0.0000E+00
 -14.520  0.0000E+00  0.0000E+00
 -14.510  0.0000E+00  0.0000E+00
 -14.500  0.0000E+00  0.0000E+00
 -14.490  0.0000E+00  0.0000E+00
 -14.480  0.0000E+00  0.0000E+00
 -14.470  0.0000E+00  0.0000E+00
 -14.460  0.0000E+00  0.0000E+00
 -14.450  0.0000E+00  0.0000E+00
 -14.440  0.0000E+00  0.0000E+00
 -14.430  0.0000E+00  0.0000E+00
 -14.420  0.0000E+00  0.0000E+00
 -14.410  0.0000E+00  0.0000E+00
 -14.400  0.0000E+00  0.0000E+00
 -14.390  0.0000E+00  0.0000E+00
 -14.380  0.0000E+00  0.0000E+00
 -14.370  0.0000E+00  0.0000E+00
 -14.360  0.0000E+00  0.0000E+00
 -14.350  0.0000E+00  0.0000E+00
 -14.340  0.0000E+00  0.0000E+00
 -14.330  0.0000E+00  0.0000E+00
 -14.320  0.0000E+00  0.0000E+00
 -14.310  0.0000E+00  0.0000E+00
 -14.300  0.0000E+00  0.0000E+00
 -14.290  0.0000E+00  0.0000E+00
 -14.280  0.0000E+00  0.0000E+00
 -14.270  0.0000E+00  0.0000E+00
 -14.260  0.0000E+00  0.0000E+00
 -14.250  0.0000E+00  0.0000E+00
 -14.240  0.0000E+00  0.0000E+00
 -14.230  0.0000E+00  0.0000E+00
 -14.220  0.0000E+00  0.0000E+00
 -14.210  0.0000E+00  0.0000E+00
 -14.200  0.0000E+00  0.0000E+00
 -14.190  0.0000E+00  0.0000E+00
 -14.180  0.0000E+00  0.0000E+00
 -14.170  0.0000E+00  0.0000E+00
 -14.160  0.0000E+00  0.0000E+00
 -14.150  0.0000E+00  0.0000E+00
 -14.140  0.0000E+00  0.0000E+00
 -14.130  0.0000E+00  0.0000E+00
 -14.120  0.0000E+00  0.0000E+00
 -14.110  0.0000E+00  0.0000E+00
 -14.100  0.0000E+00  0.0000E+00
 -14.090  0.0000E+00  0.0000E+00
 -14.080  0.0000E+00  0.0000E+00
 -14.070  0.0000E+00  0.0000E+00
 -14.060  0.0000E+00  0.0000E+00
 -14.050  0.0000E+00  0.0000E+00
 -14.040  0.0000E+00  0.0000E+00
 -14.030  0.0000E+00  0.0000E+00
 -14.020  0.0000E+00  0.0000E+00
 -14.010  0.0000E+00  0.0000E+00
 -14.000  0.0000E+00  0.0000E+00
 -13.990  0.0000E+00  0.0000E+00
 -13.980  0.0000E+00  0.0000E+00
 -13.970  0.0000E+00  0.0000E+00
 -13.960  0.0000E+00  0.0000E+00
 -13.950  0.0000E+00  0.0000E+00
 -13.940  0.0000E+00  0.0000E+00
 -13.930  0.0000E+00  0.0000E+00
 -13.920  0.0000E+00  0.0000E+00
 -13.910  0.0000E+00  0.0000E+00
 -13.900  0.0000E+00  0.0000E+00
 -13.890  0.0000E+00  0.0000E+00
 -13.880  0.0000E+00  0.0000E+00
 -13.870  0.0000E+00  0.0000E+00
 -13.860  0.0000E+00  0.0000E+00
 -13.850  0.0000E+00  0.0000E+00
 -13.840  0.0000E+00  0.0000E+00
 -13.830  0.0000E+00  0.0000E+00
 -13.820  0.0000E+00  0.0000E+00
 -13.810  0.0000E+00  0.0000E+00
 -13.800  0.0000E+00  0.0000E+00
 -13.790  0.0000E+00  0.0000E+00
 -13.780  0.2533E+01  0.4815E-02
 -13.770  0.3177E+01  0.3520E-01
 -13.760  0.3186E+01  0.6591E-01
 -13.750  0.3037E+01  0.9705E-01
 -13.740  0.3073E+01  0.1288E+00
 -13.730  0.3267E+01  0.1603E+00
 -13.720  0.3162E+01  0.1925E+00
 -13.710  0.3351E+01  0.2251E+00
 -13.700  0.3264E+01  0.2581E+00
 -13.690  0.3422E+01  0.2915E+00
 -13.680  0.3377E+01  0.3254E+00
 -13.670  0.3470E+01  0.3594E+00
 -13.660  0.3469E+01  0.3945E+00
 -13.650  0.3537E+01  0.4295E+00
 -13.640  0.3663E+01  0.4653E+00
 -13.630  0.3615E+01  0.5016E+00
 -13.620  0.3718E+01  0.5383E+00
 -13.610  0.3787E+01  0.5759E+00
 -13.600  0.3803E+01  0.6138E+00
 -13.590  0.3913E+01  0.6522E+00
 -13.580  0.3937E+01  0.6917E+00
 -13.570  0.4016E+01  0.7315E+00
 -13.560  0.4117E+01  0.7721E+00
 -13.550  0.4167E+01  0.8137E+00
 -13.540  0.4252E+01  0.8557E+00
 -13.530  0.4341E+01  0.8987E+00
 -13.520  0.4437E+01  0.9428E+00
 -13.510  0.4520E+01  0.9874E+00
 -13.500  0.4639E+01  0.1033E+01
 -13.490  0.4745E+01  0.1080E+01
 -13.480  0.4832E+01  0.1128E+01
 -13.470  0.4985E+01  0.1177E+01
 -13.460  0.5085E+01  0.1228E+01
 -13.450  0.5235E+01  0.1279E+01
 -13.440  0.5397E+01  0.1332E+01
 -13.430  0.5545E+01  0.1387E+01
 -13.420  0.5730E+01  0.1443E+01
 -13.410  0.5890E+01  0.1502E+01
 -13.400  0.6126E+01  0.1562E+01
 -13.390  0.6361E+01  0.1624E+01
 -13.380  0.6578E+01  0.1689E+01
 -13.370  0.6888E+01  0.1756E+01
 -13.360  0.7209E+01  0.1826E+01
 -13.350  0.7501E+01  0.1900E+01
 -13.340  0.7951E+01  0.1978E+01
 -13.330  0.8421E+01  0.2059E+01
 -13.320  0.8988E+01  0.2146E+01
 -13.310  0.9664E+01  0.2239E+01
 -13.300  0.1042E+02  0.2339E+01
 -13.290  0.1156E+02  0.2449E+01
 -13.280  0.1291E+02  0.2570E+01
 -13.270  0.1515E+02  0.2710E+01
 -13.260  0.1940E+02  0.2880E+01
 -13.250  0.2170E+02  0.3130E+01
 -13.240  0.1724E+02  0.3317E+01
 -13.230  0.1420E+02  0.3472E+01
 -13.220  0.1291E+02  0.3611E+01
 -13.210  0.1255E+02  0.3737E+01
 -13.200  0.1101E+02  0.3854E+01
 -13.190  0.1127E+02  0.3964E+01
 -13.180  0.0000E+00  0.4000E+01
 -13.170  0.0000E+00  0.4000E+01
 -13.160  0.0000E+00  0.4000E+01
 -13.150  0.0000E+00  0.4000E+01
 -13.140  0.0000E+00  0.4000E+01
 -13.130  0.0000E+00  0.4000E+01
 -13.120  0.0000E+00  0.4000E+01
 -13.110  0.0000E+00  0.4000E+01
 -13.100  0.0000E+00  0.4000E+01
 -13.090  0.0000E+00  0.4000E+01
 -13.080  0.0000E+00  0.4000E+01
 -13.070  0.0000E+00  0.4000E+01
 -13.060  0.0000E+00  0.4000E+01
 -13.050  0.0000E+00  0.4000E+01
 -13.040  0.0000E+00  0.4000E+01
 -13.030  0.0000E+00  0.4000E+01
 -13.020  0.0000E+00  0.4000E+01
 -13.010  0.0000E+00  0.4000E+01
 -13.000  0.0000E+00  0.4000E+01
 -12.990  0.0000E+00  0.4000E+01
 -12.980  0.0000E+00  0.4000E+01
 -12.970  0.0000E+00  0.4000E+01
 -12.960  0.0000E+00  0.4000E+01
 -12.950  0.0000E+00  0.4000E+01
 -12.940  0.0000E+00  0.4000E+01
 -12.930  0.0000E+00  0.4000E+01
 -12.920  0.0000E+00  0.4000E+01
 -12.910  0.0000E+00  0.4000E+01
 -12.900  0.0000E+00  0.4000E+01
 -12.890  0.0000E+00  0.4000E+01
 -12.880  0.0000E+00  0.4000E+01
 -12.870  0.0000E+00  0.4000E+01
 -12.860  0.0000E+00  0.4000E+01
 -12.850  0.0000E+00  0.4000E+01
 -12.840  0.0000E+00  0.4000E+01
 -12.830  0.0000E+00  0.4000E+01
 -12.820  0.0000E+00  0.4000E+01
 -12.810  0.0000E+00  0.4000E+01
 -12.800  0.0000E+00  0.4000E+01
 -12.790  0.0000E+00  0.4000E+01
 -12.780  0.0000E+00  0.4000E+01
 -12.770  0.0000E+00  0.4000E+01
 -12.760  0.0000E+00  0.4000E+01
 -12.750  0.0000E+00  0.4000E+01
 -12.740  0.0000E+00  0.4000E+01
 -12.730  0.0000E+00  0.4000E+01
 -12.720  0.0000E+00  0.4000E+01
 -12.710  0.0000E+00  0.4000E+01
 -12.700  0.0000E+00  0.4000E+01
 -12.690  0.0000E+00  0.4000E+01
 -12.680  0.0000E+00  0.4000E+01
 -12.670  0.0000E+00  0.4000E+01
 -12.660  0.0000E+00  0.4000E+01
 -12.650  0.0000E+00  0.4000E+01
 -12.640  0.0000E+00  0.4000E+01
 -12.630  0.0000E+00  0.4000E+01
 -12.620  0.0000E+00  0.4000E+01
 -12.610  0.0000E+00  0.4000E+01
 -12.600  0.0000E+00  0.4000E+01
 -12.590  0.0000E+00  0.4000E+01
 -12.580  0.0000E+00  0.4000E+01
 -12.570  0.0000E+00  0.4000E+01
 -12.560  0.0000E+00  0.4000E+01
 -12.550  0.0000E+00  0.4000E+01
 -12.540  0.0000E+00  0.4000E+01
 -12.530  0.0000E+00  0.4000E+01
 -12.520  0.0000E+00  0.4000E+01
 -12.510  0.0000E+00  0.4000E+01
 -12.500  0.0000E+00  0.4000E+01
 -12.490  0.0000E+00  0.4000E+01
 -12.480  0.0000E+00  0.4000E+01
 -12.470  0.0000E+00  0.4000E+01
 -12.460  0.0000E+00  0.4000E+01
 -12.450  0.0000E+00  0.4000E+01
 -12.440  0.0000E+00  0.4000E+01
 -12.430  0.0000E+00  0.4000E+01
 -12.420  0.0000E+00  0.4000E+01
 -12.410  0.0000E+00  0.4000E+01
 -12.400  0.0000E+00  0.4000E+01
 -12.390  0.0000E+00  0.4000E+01
 -12.380  0.0000E+00  0.4000E+01
 -12.370  0.0000E+00  0.4000E+01
 -12.360  0.0000E+00  0.4000E+01
 -12.350  0.0000E+00  0.4000E+01
 -12.340  0.0000E+00  0.4000E+01
 -12.330  0.0000E+00  0.4000E+01
 -12.320  0.0000E+00  0.4000E+01
 -12.310  0.0000E+00  0.4000E+01
 -12.300  0.0000E+00  0.4000E+01
 -12.290  0.0000E+00  0.4000E+01
 -12.280  0.0000E+00  0.4000E+01
 -12.270  0.0000E+00  0.4000E+01
 -12.260  0.0000E+00  0.4000E+01
 -12.250  0.0000E+00  0.4000E+01
 -12.240  0.0000E+00  0.4000E+01
 -12.230  0.0000E+00  0.4000E+01
 -12.220  0.0000E+00  0.4000E+01
 -12.210  0.0000E+00  0.4000E+01
 -12.200  0.0000E+00  0.4000E+01
 -12.190  0.0000E+00  0.4000E+01
 -12.180  0.0000E+00  0.4000E+01
 -12.170  0.0000E+00  0.4000E+01
 -12.160  0.0000E+00  0.4000E+01
 -12.150  0.0000E+00  0.4000E+01
 -12.140  0.0000E+00  0.4000E+01
 -12.130  0.0000E+00  0.4000E+01
 -12.120  0.0000E+00  0.4000E+01
 -12.110  0.0000E+00  0.4000E+01
 -12.100  0.0000E+00  0.4000E+01
 -12.090  0.0000E+00  0.4000E+01
 -12.080  0.0000E+00  0.4000E+01
 -12.070  0.0000E+00  0.4000E+01
 -12.060  0.0000E+00  0.4000E+01
 -12.050  0.0000E+00  0.4000E+01
 -12.040  0.0000E+00  0.4000E+01
 -12.030  0.0000E+00  0.4000E+01
 -12.020  0.0000E+00  0.4000E+01
 -12.010  0.0000E+00  0.4000E+01
 -12.000  0.0000E+00  0.4000E+01
 -11.990  0.0000E+00  0.4000E+01
 -11.980  0.0000E+00  0.4000E+01
 -11.970  0.0000E+00  0.4000E+01
 -11.960  0.0000E+00  0.4000E+01
 -11.950  0.0000E+00  0.4000E+01
 -11.940  0.0000E+00  0.4000E+01
 -11.930  0.0000E+00  0.4000E+01
 -11.920  0.0000E+00  0.4000E+01
 -11.910  0.0000E+00  0.4000E+01
 -11.900  0.0000E+00  0.4000E+01
 -11.890  0.0000E+00  0.4000E+01
 -11.880  0.0000E+00  0.4000E+01
 -11.870  0.0000E+00  0.4000E+01
 -11.860  0.0000E+00  0.4000E+01
 -11.850  0.0000E+00  0.4000E+01
 -11.840  0.0000E+00  0.4000E+01
 -11.830  0.0000E+00  0.4000E+01
 -11.820  0.0000E+00  0.4000E+01
 -11.810  0.0000E+00  0.4000E+01
 -11.800  0.0000E+00  0.4000E+01
 -11.790  0.0000E+00  0.4000E+01
 -11.780  0.0000E+00  0.4000E+01
 -11.770  0.0000E+00  0.4000E+01
 -11.760  0.0000E+00  0.4000E+01
 -11.750  0.0000E+00  0.4000E+01
 -11.740  0.0000E+00  0.4000E+01
 -11.730  0.0000E+00  0.4000E+01
 -11.720  0.0000E+00  0.4000E+01
 -11.710  0.0000E+00  0.4000E+01
 -11.700  0.0000E+00  0.4000E+01
 -11.690  0.0000E+00  0.4000E+01
 -11.680  0.0000E+00  0.4000E+01
 -11.670  0.0000E+00  0.4000E+01
 -11.660  0.0000E+00  0.4000E+01
 -11.650  0.0000E+00  0.4000E+01
 -11.640  0.0000E+00  0.4000E+01
 -11.630  0.0000E+00  0.4000E+01
 -11.620  0.0000E+00  0.4000E+01
 -11.610  0.0000E+00  0.4000E+01
 -11.600  0.0000E+00  0.4000E+01
 -11.590  0.0000E+00  0.4000E+01
 -11.580  0.0000E+00  0.4000E+01
 -11.570  0.0000E+00  0.4000E+01
 -11.560  0.0000E+00  0.4000E+01
 -11.550  0.0000E+00  0.4000E+01
 -11.540  0.0000E+00  0.4000E+01
 -11.530  0.0000E+00  0.4000E+01
 -11.520  0.0000E+00  0.4000E+01
 -11.510  0.0000E+00  0.4000E+01
 -11.500  0.0000E+00  0.4000E+01
 -11.490  0.0000E+00  0.4000E+01
 -11.480  0.0000E+00  0.4000E+01
 -11.470  0.0000E+00  0.4000E+01
 -11.460  0.0000E+00  0.4000E+01
 -11.450  0.0000E+00  0.4000E+01
 -11.440  0.0000E+00  0.4000E+01
 -11.430  0.0000E+00  0.4000E+01
 -11.420  0.0000E+00  0.4000E+01
 -11.410  0.0000E+00  0.4000E+01
 -11.400  0.0000E+00  0.4000E+01
 -11.390  0.0000E+00  0.4000E+01
 -11.380  0.0000E+00  0.4000E+01
 -11.370  0.0000E+00  0.4000E+01
 -11.360  0.0000E+00  0.4000E+01
 -11.350  0.0000E+00  0.4000E+01
 -11.340  0.0000E+00  0.4000E+01
 -11.330  0.0000E+00  0.4000E+01
 -11.320  0.0000E+00  0.4000E+01
 -11.310  0.0000E+00  0.4000E+01
 -11.300  0.0000E+00  0.4000E+01
 -11.290  0.0000E+00  0.4000E+01
 -11.280  0.0000E+00  0.4000E+01
 -11.270  0.0000E+00  0.4000E+01
 -11.260  0.0000E+00  0.4000E+01
 -11.250  0.0000E+00  0.4000E+01
 -11.240  0.0000E+00  0.4000E+01
 -11.230  0.0000E+00  0.4000E+01
 -11.220  0.0000E+00  0.4000E+01
 -11.210  0.0000E+00  0.4000E+01
 -11.200  0.0000E+00  0.4000E+01
 -11.190  0.0000E+00  0.4000E+01
 -11.180  0.0000E+00  0.4000E+01
 -11.170  0.0000E+00  0.4000E+01
 -11.160  0.0000E+00  0.4000E+01
 -11.150  0.0000E+00  0.4000E+01
 -11.140  0.0000E+00  0.4000E+01
 -11.130  0.0000E+00  0.4000E+01
 -11.120  0.0000E+00  0.4000E+01
 -11.110  0.0000E+00  0.4000E+01
 -11.100  0.0000E+00  0.4000E+01
 -11.090  0.0000E+00  0.4000E+01
 -11.080  0.0000E+00  0.4000E+01
 -11.070  0.0000E+00  0.4000E+01
 -11.060  0.0000E+00  0.4000E+01
 -11.050  0.0000E+00  0.4000E+01
 -11.040  0.0000E+00  0.4000E+01
 -11.030  0.0000E+00  0.4000E+01
 -11.020  0.0000E+00  0.4000E+01
 -11.010  0.0000E+00  0.4000E+01
 -11.000  0.0000E+00  0.4000E+01
 -10.990  0.0000E+00  0.4000E+01
 -10.980  0.0000E+00  0.4000E+01
 -10.970  0.0000E+00  0.4000E+01
 -10.960  0.0000E+00  0.4000E+01
 -10.950  0.0000E+00  0.4000E+01
 -10.940  0.0000E+00  0.4000E+01
 -10.930  0.0000E+00  0.4000E+01
 -10.920  0.0000E+00  0.4000E+01
 -10.910  0.0000E+00  0.4000E+01
 -10.900  0.0000E+00  0.4000E+01
 -10.890  0.0000E+00  0.4000E+01
 -10.880  0.0000E+00  0.4000E+01
 -10.870  0.0000E+00  0.4000E+01
 -10.860  0.0000E+00  0.4000E+01
 -10.850  0.0000E+00  0.4000E+01
 -10.840  0.0000E+00  0.4000E+01
 -10.830  0.0000E+00  0.4000E+01
 -10.820  0.0000E+00  0.4000E+01
 -10.810  0.0000E+00  0.4000E+01
 -10.800  0.0000E+00  0.4000E+01
 -10.790  0.0000E+00  0.4000E+01
 -10.780  0.0000E+00  0.4000E+01
 -10.770  0.0000E+00  0.4000E+01
 -10.760  0.0000E+00  0.4000E+01
 -10.750  0.0000E+00  0.4000E+01
 -10.740  0.0000E+00  0.4000E+01
 -10.730  0.0000E+00  0.4000E+01
 -10.720  0.0000E+00  0.4000E+01
 -10.710  0.0000E+00  0.4000E+01
 -10.700  0.0000E+00  0.4000E+01
 -10.690  0.0000E+00  0.4000E+01
 -10.680  0.0000E+00  0.4000E+01
 -10.670  0.0000E+00  0.4000E+01
 -10.660  0.0000E+00  0.4000E+01
 -10.650  0.0000E+00  0.4000E+01
 -10.640  0.0000E+00  0.4000E+01
 -10.630  0.0000E+00  0.4000E+01
 -10.620  0.0000E+00  0.4000E+01
 -10.610  0.0000E+00  0.4000E+01
 -10.600  0.0000E+00  0.4000E+01
 -10.590  0.0000E+00  0.4000E+01
 -10.580  0.0000E+00  0.4000E+01
 -10.570  0.0000E+00  0.4000E+01
 -10.560  0.0000E+00  0.4000E+01
 -10.550  0.0000E+00  0.4000E+01
 -10.540  0.0000E+00  0.4000E+01
 -10.530  0.0000E+00  0.4000E+01
 -10.520  0.0000E+00  0.4000E+01
 -10.510  0.0000E+00  0.4000E+01
 -10.500  0.0000E+00  0.4000E+01
 -10.490  0.0000E+00  0.4000E+01
 -10.480  0.0000E+00  0.4000E+01
 -10.470  0.0000E+00  0.4000E+01
 -10.460  0.0000E+00  0.4000E+01
 -10.450  0.0000E+00  0.4000E+01
 -10.440  0.0000E+00  0.4000E+01
 -10.430  0.0000E+00  0.4000E+01
 -10.420  0.0000E+00  0.4000E+01
 -10.410  0.0000E+00  0.4000E+01
 -10.400  0.0000E+00  0.4000E+01
 -10.390  0.0000E+00  0.4000E+01
 -10.380  0.0000E+00  0.4000E+01
 -10.370  0.0000E+00  0.4000E+01
 -10.360  0.0000E+00  0.4000E+01
 -10.350  0.0000E+00  0.4000E+01
 -10.340  0.0000E+00  0.4000E+01
 -10.330  0.0000E+00  0.4000E+01
 -10.320  0.0000E+00  0.4000E+01
 -10.310  0.0000E+00  0.4000E+01
 -10.300  0.0000E+00  0.4000E+01
 -10.290  0.0000E+00  0.4000E+01
 -10.280  0.0000E+00  0.4000E+01
 -10.270  0.0000E+00  0.4000E+01
 -10.260  0.0000E+00  0.4000E+01
 -10.250  0.0000E+00  0.4000E+01
 -10.240  0.0000E+00  0.4000E+01
 -10.230  0.0000E+00  0.4000E+01
 -10.220  0.0000E+00  0.4000E+01
 -10.210  0.0000E+00  0.4000E+01
 -10.200  0.0000E+00  0.4000E+01
 -10.190  0.0000E+00  0.4000E+01
 -10.180  0.0000E+00  0.4000E+01
 -10.170  0.0000E+00  0.4000E+01
 -10.160  0.0000E+00  0.4000E+01
 -10.150  0.0000E+00  0.4000E+01
 -10.140  0.0000E+00  0.4000E+01
 -10.130  0.0000E+00  0.4000E+01
 -10.120  0.0000E+00  0.4000E+01
 -10.110  0.0000E+00  0.4000E+01
 -10.100  0.0000E+00  0.4000E+01
 -10.090  0.0000E+00  0.4000E+01
 -10.080  0.0000E+00  0.4000E+01
 -10.070  0.0000E+00  0.4000E+01
 -10.060  0.0000E+00  0.4000E+01
 -10.050  0.0000E+00  0.4000E+01
 -10.040  0.0000E+00  0.4000E+01
 -10.030  0.0000E+00  0.4000E+01
 -10.020  0.0000E+00  0.4000E+01
 -10.010  0.0000E+00  0.4000E+01
 -10.000  0.0000E+00  0.4000E+01
  -9.990  0.0000E+00  0.4000E+01
  -9.980  0.0000E+00  0.4000E+01
  -9.970  0.0000E+00  0.4000E+01
  -9.960  0.0000E+00  0.4000E+01
  -9.950  0.0000E+00  0.4000E+01
  -9.940  0.0000E+00  0.4000E+01
  -9.930  0.0000E+00  0.4000E+01
  -9.920  0.0000E+00  0.4000E+01
  -9.910  0.0000E+00  0.4000E+01
  -9.900  0.0000E+00  0.4000E+01
  -9.890  0.0000E+00  0.4000E+01
  -9.880  0.0000E+00  0.4000E+01
  -9.870  0.0000E+00  0.4000E+01
  -9.860  0.0000E+00  0.4000E+01
  -9.850  0.0000E+00  0.4000E+01
  -9.840  0.0000E+00  0.4000E+01
  -9.830  0.0000E+00  0.4000E+01
  -9.820  0.0000E+00  0.4000E+01
  -9.810  0.0000E+00  0.4000E+01
  -9.800  0.0000E+00  0.4000E+01
  -9.790  0.0000E+00  0.4000E+01
  -9.780  0.0000E+00  0.4000E+01
  -9.770  0.0000E+00  0.4000E+01
  -9.760  0.0000E+00  0.4000E+01
  -9.750  0.0000E+00  0.4000E+01
  -9.740  0.0000E+00  0.4000E+01
  -9.730  0.0000E+00  0.4000E+01
  -9.720  0.0000E+00  0.4000E+01
  -9.710  0.0000E+00  0.4000E+01
  -9.700  0.0000E+00  0.4000E+01
  -9.690  0.0000E+00  0.4000E+01
  -9.680  0.0000E+00  0.4000E+01
  -9.670  0.0000E+00  0.4000E+01
  -9.660  0.0000E+00  0.4000E+01
  -9.650  0.0000E+00  0.4000E+01
  -9.640  0.0000E+00  0.4000E+01
  -9.630  0.0000E+00  0.4000E+01
  -9.620  0.0000E+00  0.4000E+01
  -9.610  0.0000E+00  0.4000E+01
  -9.600  0.0000E+00  0.4000E+01
  -9.590  0.0000E+00  0.4000E+01
  -9.580  0.0000E+00  0.4000E+01
  -9.570  0.0000E+00  0.4000E+01
  -9.560  0.0000E+00  0.4000E+01
  -9.550  0.0000E+00  0.4000E+01
  -9.540  0.0000E+00  0.4000E+01
  -9.530  0.0000E+00  0.4000E+01
  -9.520  0.0000E+00  0.4000E+01
  -9.510  0.0000E+00  0.4000E+01
  -9.500  0.0000E+00  0.4000E+01
  -9.490  0.0000E+00  0.4000E+01
  -9.480  0.0000E+00  0.4000E+01
  -9.470  0.0000E+00  0.4000E+01
  -9.460  0.0000E+00  0.4000E+01
  -9.450  0.0000E+00  0.4000E+01
  -9.440  0.0000E+00  0.4000E+01
  -9.430  0.0000E+00  0.4000E+01
  -9.420  0.0000E+00  0.4000E+01
  -9.410  0.0000E+00  0.4000E+01
  -9.400  0.0000E+00  0.4000E+01
  -9.390  0.0000E+00  0.4000E+01
  -9.380  0.0000E+00  0.4000E+01
  -9.370  0.0000E+00  0.4000E+01
  -9.360  0.0000E+00  0.4000E+01
  -9.350  0.0000E+00  0.4000E+01
  -9.340  0.0000E+00  0.4000E+01
  -9.330  0.0000E+00  0.4000E+01
  -9.320  0.0000E+00  0.4000E+01
  -9.310  0.0000E+00  0.4000E+01
  -9.300  0.0000E+00  0.4000E+01
  -9.290  0.0000E+00  0.4000E+01
  -9.280  0.0000E+00  0.4000E+01
  -9.270  0.0000E+00  0.4000E+01
  -9.260  0.0000E+00  0.4000E+01
  -9.250  0.0000E+00  0.4000E+01
  -9.240  0.0000E+00  0.4000E+01
  -9.230  0.0000E+00  0.4000E+01
  -9.220  0.0000E+00  0.4000E+01
  -9.210  0.0000E+00  0.4000E+01
  -9.200  0.0000E+00  0.4000E+01
  -9.190  0.0000E+00  0.4000E+01
  -9.180  0.0000E+00  0.4000E+01
  -9.170  0.0000E+00  0.4000E+01
  -9.160  0.0000E+00  0.4000E+01
  -9.150  0.0000E+00  0.4000E+01
  -9.140  0.0000E+00  0.4000E+01
  -9.130  0.0000E+00  0.4000E+01
  -9.120  0.0000E+00  0.4000E+01
  -9.110  0.0000E+00  0.4000E+01
  -9.100  0.0000E+00  0.4000E+01
  -9.090  0.0000E+00  0.4000E+01
  -9.080  0.0000E+00  0.4000E+01
  -9.070  0.0000E+00  0.4000E+01
  -9.060  0.0000E+00  0.4000E+01
  -9.050  0.0000E+00  0.4000E+01
  -9.040  0.0000E+00  0.4000E+01
  -9.030  0.0000E+00  0.4000E+01
  -9.020  0.0000E+00  0.4000E+01
  -9.010  0.0000E+00  0.4000E+01
  -9.000  0.0000E+00  0.4000E+01
  -8.990  0.0000E+00  0.4000E+01
  -8.980  0.0000E+00  0.4000E+01
  -8.970  0.0000E+00  0.4000E+01
  -8.960  0.0000E+00  0.4000E+01
  -8.950  0.0000E+00  0.4000E+01
  -8.940  0.0000E+00  0.4000E+01
  -8.930  0.0000E+00  0.4000E+01
  -8.920  0.0000E+00  0.4000E+01
  -8.910  0.0000E+00  0.4000E+01
  -8.900  0.0000E+00  0.4000E+01
  -8.890  0.0000E+00  0.4000E+01
  -8.880  0.0000E+00  0.4000E+01
  -8.870  0.0000E+00  0.4000E+01
  -8.860  0.0000E+00  0.4000E+01
  -8.850  0.0000E+00  0.4000E+01
  -8.840  0.0000E+00  0.4000E+01
  -8.830  0.0000E+00  0.4000E+01
  -8.820  0.0000E+00  0.4000E+01
  -8.810  0.0000E+00  0.4000E+01
  -8.800  0.0000E+00  0.4000E+01
  -8.790  0.0000E+00  0.4000E+01
  -8.780  0.0000E+00  0.4000E+01
  -8.770  0.0000E+00  0.4000E+01
  -8.760  0.0000E+00  0.4000E+01
  -8.750  0.0000E+00  0.4000E+01
  -8.740  0.0000E+00  0.4000E+01
  -8.730  0.0000E+00  0.4000E+01
  -8.720  0.0000E+00  0.4000E+01
  -8.710  0.0000E+00  0.4000E+01
  -8.700  0.0000E+00  0.4000E+01
  -8.690  0.0000E+00  0.4000E+01
  -8.680  0.0000E+00  0.4000E+01
  -8.670  0.0000E+00  0.4000E+01
  -8.660  0.0000E+00  0.4000E+01
  -8.650  0.0000E+00  0.4000E+01
  -8.640  0.0000E+00  0.4000E+01
  -8.630  0.0000E+00  0.4000E+01
  -8.620  0.0000E+00  0.4000E+01
  -8.610  0.0000E+00  0.4000E+01
  -8.600  0.0000E+00  0.4000E+01
  -8.590  0.0000E+00  0.4000E+01
  -8.580  0.0000E+00  0.4000E+01
  -8.570  0.0000E+00  0.4000E+01
  -8.560  0.0000E+00  0.4000E+01
  -8.550  0.0000E+00  0.4000E+01
  -8.540  0.0000E+00  0.4000E+01
  -8.530  0.0000E+00  0.4000E+01
  -8.520  0.0000E+00  0.4000E+01
  -8.510  0.0000E+00  0.4000E+01
  -8.500  0.0000E+00  0.4000E+01
  -8.490  0.0000E+00  0.4000E+01
  -8.480  0.0000E+00  0.4000E+01
  -8.470  0.0000E+00  0.4000E+01
  -8.460  0.0000E+00  0.4000E+01
  -8.450  0.0000E+00  0.4000E+01
  -8.440  0.0000E+00  0.4000E+01
  -8.430  0.0000E+00  0.4000E+01
  -8.420  0.0000E+00  0.4000E+01
  -8.410  0.0000E+00  0.4000E+01
  -8.400  0.0000E+00  0.4000E+01
  -8.390  0.0000E+00  0.4000E+01
  -8.380  0.4614E+00  0.4003E+01
  -8.370  0.1147E+01  0.4013E+01
  -8.360  0.1164E+01  0.4024E+01
  -8.350  0.1180E+01  0.4035E+01
  -8.340  0.1143E+01  0.4047E+01
  -8.330  0.1108E+01  0.4058E+01
  -8.320  0.1197E+01  0.4070E+01
  -8.310  0.1135E+01  0.4081E+01
  -8.300  0.1119E+01  0.4093E+01
  -8.290  0.1158E+01  0.4104E+01
  -8.280  0.1185E+01  0.4116E+01
  -8.270  0.1137E+01  0.4127E+01
  -8.260  0.1141E+01  0.4139E+01
  -8.250  0.1155E+01  0.4150E+01
  -8.240  0.1197E+01  0.4162E+01
  -8.230  0.1181E+01  0.4174E+01
  -8.220  0.1140E+01  0.4185E+01
  -8.210  0.1151E+01  0.4197E+01
  -8.200  0.1173E+01  0.4209E+01
  -8.190  0.1193E+01  0.4220E+01
  -8.180  0.1196E+01  0.4232E+01
  -8.170  0.1168E+01  0.4244E+01
  -8.160  0.1161E+01  0.4256E+01
  -8.150  0.1168E+01  0.4267E+01
  -8.140  0.1191E+01  0.4279E+01
  -8.130  0.1210E+01  0.4291E+01
  -8.120  0.1201E+01  0.4303E+01
  -8.110  0.1180E+01  0.4315E+01
  -8.100  0.1182E+01  0.4327E+01
  -8.090  0.1185E+01  0.4339E+01
  -8.080  0.1189E+01  0.4351E+01
  -8.070  0.1212E+01  0.4363E+01
  -8.060  0.1230E+01  0.4375E+01
  -8.050  0.1211E+01  0.4387E+01
  -8.040  0.1193E+01  0.4399E+01
  -8.030  0.1198E+01  0.4411E+01
  -8.020  0.1206E+01  0.4423E+01
  -8.010  0.1213E+01  0.4435E+01
  -8.000  0.1219E+01  0.4447E+01
  -7.990  0.1234E+01  0.4460E+01
  -7.980  0.1240E+01  0.4472E+01
  -7.970  0.1223E+01  0.4484E+01
  -7.960  0.1217E+01  0.4496E+01
  -7.950  0.1218E+01  0.4509E+01
  -7.940  0.1229E+01  0.4521E+01
  -7.930  0.1238E+01  0.4533E+01
  -7.920  0.1246E+01  0.4546E+01
  -7.910  0.1255E+01  0.4558E+01
  -7.900  0.1258E+01  0.4571E+01
  -7.890  0.1248E+01  0.4583E+01
  -7.880  0.1246E+01  0.4596E+01
  -7.870  0.1246E+01  0.4608E+01
  -7.860  0.1248E+01  0.4621E+01
  -7.850  0.1256E+01  0.4633E+01
  -7.840  0.1269E+01  0.4646E+01
  -7.830  0.1278E+01  0.4659E+01
  -7.820  0.1287E+01  0.4671E+01
  -7.810  0.1279E+01  0.4684E+01
  -7.800  0.1271E+01  0.4697E+01
  -7.790  0.1275E+01  0.4710E+01
  -7.780  0.1279E+01  0.4722E+01
  -7.770  0.1283E+01  0.4735E+01
  -7.760  0.1287E+01  0.4748E+01
  -7.750  0.1293E+01  0.4761E+01
  -7.740  0.1307E+01  0.4774E+01
  -7.730  0.1318E+01  0.4787E+01
  -7.720  0.1319E+01  0.4800E+01
  -7.710  0.1306E+01  0.4813E+01
  -7.700  0.1304E+01  0.4826E+01
  -7.690  0.1312E+01  0.4840E+01
  -7.680  0.1318E+01  0.4853E+01
  -7.670  0.1324E+01  0.4866E+01
  -7.660  0.1330E+01  0.4879E+01
  -7.650  0.1335E+01  0.4892E+01
  -7.640  0.1343E+01  0.4906E+01
  -7.630  0.1357E+01  0.4919E+01
  -7.620  0.1352E+01  0.4933E+01
  -7.610  0.1349E+01  0.4946E+01
  -7.600  0.1350E+01  0.4960E+01
  -7.590  0.1351E+01  0.4973E+01
  -7.580  0.1357E+01  0.4987E+01
  -7.570  0.1368E+01  0.5001E+01
  -7.560  0.1376E+01  0.5014E+01
  -7.550  0.1383E+01  0.5028E+01
  -7.540  0.1390E+01  0.5042E+01
  -7.530  0.1397E+01  0.5056E+01
  -7.520  0.1397E+01  0.5070E+01
  -7.510  0.1399E+01  0.5084E+01
  -7.500  0.1402E+01  0.5098E+01
  -7.490  0.1405E+01  0.5112E+01
  -7.480  0.1409E+01  0.5126E+01
  -7.470  0.1413E+01  0.5140E+01
  -7.460  0.1426E+01  0.5154E+01
  -7.450  0.1435E+01  0.5169E+01
  -7.440  0.1444E+01  0.5183E+01
  -7.430  0.1453E+01  0.5197E+01
  -7.420  0.1456E+01  0.5212E+01
  -7.410  0.1451E+01  0.5227E+01
  -7.400  0.1458E+01  0.5241E+01
  -7.390  0.1466E+01  0.5256E+01
  -7.380  0.1472E+01  0.5270E+01
  -7.370  0.1478E+01  0.5285E+01
  -7.360  0.1484E+01  0.5300E+01
  -7.350  0.1490E+01  0.5315E+01
  -7.340  0.1505E+01  0.5330E+01
  -7.330  0.1516E+01  0.5345E+01
  -7.320  0.1526E+01  0.5360E+01
  -7.310  0.1527E+01  0.5375E+01
  -7.300  0.1528E+01  0.5391E+01
  -7.290  0.1531E+01  0.5406E+01
  -7.280  0.1542E+01  0.5421E+01
  -7.270  0.1554E+01  0.5437E+01
  -7.260  0.1562E+01  0.5452E+01
  -7.250  0.1570E+01  0.5468E+01
  -7.240  0.1578E+01  0.5484E+01
  -7.230  0.1586E+01  0.5500E+01
  -7.220  0.1602E+01  0.5516E+01
  -7.210  0.1615E+01  0.5532E+01
  -7.200  0.1619E+01  0.5548E+01
  -7.190  0.1624E+01  0.5564E+01
  -7.180  0.1631E+01  0.5580E+01
  -7.170  0.1637E+01  0.5597E+01
  -7.160  0.1652E+01  0.5613E+01
  -7.150  0.1666E+01  0.5630E+01
  -7.140  0.1677E+01  0.5646E+01
  -7.130  0.1688E+01  0.5663E+01
  -7.120  0.1699E+01  0.5680E+01
  -7.110  0.1709E+01  0.5697E+01
  -7.100  0.1728E+01  0.5714E+01
  -7.090  0.1737E+01  0.5732E+01
  -7.080  0.1748E+01  0.5749E+01
  -7.070  0.1758E+01  0.5767E+01
  -7.060  0.1768E+01  0.5784E+01
  -7.050  0.1779E+01  0.5802E+01
  -7.040  0.1800E+01  0.5820E+01
  -7.030  0.1817E+01  0.5838E+01
  -7.020  0.1831E+01  0.5856E+01
  -7.010  0.1846E+01  0.5875E+01
  -7.000  0.1860E+01  0.5893E+01
  -6.990  0.1875E+01  0.5912E+01
  -6.980  0.1896E+01  0.5931E+01
  -6.970  0.1914E+01  0.5950E+01
  -6.960  0.1930E+01  0.5969E+01
  -6.950  0.1945E+01  0.5988E+01
  -6.940  0.1959E+01  0.6008E+01
  -6.930  0.1985E+01  0.6028E+01
  -6.920  0.2010E+01  0.6048E+01
  -6.910  0.2030E+01  0.6068E+01
  -6.900  0.2050E+01  0.6088E+01
  -6.890  0.2069E+01  0.6109E+01
  -6.880  0.2095E+01  0.6130E+01
  -6.870  0.2126E+01  0.6151E+01
  -6.860  0.2153E+01  0.6172E+01
  -6.850  0.2176E+01  0.6194E+01
  -6.840  0.2199E+01  0.6216E+01
  -6.830  0.2228E+01  0.6238E+01
  -6.820  0.2269E+01  0.6260E+01
  -6.810  0.2298E+01  0.6283E+01
  -6.800  0.2327E+01  0.6306E+01
  -6.790  0.2356E+01  0.6330E+01
  -6.780  0.2408E+01  0.6353E+01
  -6.770  0.2453E+01  0.6378E+01
  -6.760  0.2495E+01  0.6402E+01
  -6.750  0.2532E+01  0.6428E+01
  -6.740  0.2572E+01  0.6453E+01
  -6.730  0.2641E+01  0.6479E+01
  -6.720  0.2690E+01  0.6506E+01
  -6.710  0.2737E+01  0.6533E+01
  -6.700  0.2784E+01  0.6560E+01
  -6.690  0.2882E+01  0.6589E+01
  -6.680  0.2965E+01  0.6618E+01
  -6.670  0.3036E+01  0.6648E+01
  -6.660  0.3135E+01  0.6679E+01
  -6.650  0.3248E+01  0.6711E+01
  -6.640  0.3342E+01  0.6744E+01
  -6.630  0.3484E+01  0.6778E+01
  -6.620  0.3630E+01  0.6813E+01
  -6.610  0.3772E+01  0.6850E+01
  -6.600  0.4057E+01  0.6889E+01
  -6.590  0.4332E+01  0.6931E+01
  -6.580  0.4809E+01  0.6977E+01
  -6.570  0.5459E+01  0.7027E+01
  -6.560  0.9284E+01  0.7093E+01
  -6.550  0.5304E+01  0.7157E+01
  -6.540  0.5028E+01  0.7206E+01
  -6.530  0.4413E+01  0.7250E+01
  -6.520  0.4190E+01  0.7294E+01
  -6.510  0.3818E+01  0.7334E+01
  -6.500  0.3676E+01  0.7372E+01
  -6.490  0.3503E+01  0.7407E+01
  -6.480  0.3313E+01  0.7442E+01
  -6.470  0.3258E+01  0.7475E+01
  -6.460  0.3286E+01  0.7507E+01
  -6.450  0.3145E+01  0.7540E+01
  -6.440  0.2980E+01  0.7570E+01
  -6.430  0.2985E+01  0.7600E+01
  -6.420  0.2812E+01  0.7629E+01
  -6.410  0.2739E+01  0.7656E+01
  -6.400  0.2785E+01  0.7684E+01
  -6.390  0.2679E+01  0.7712E+01
  -6.380  0.2653E+01  0.7738E+01
  -6.370  0.2490E+01  0.7764E+01
  -6.360  0.2478E+01  0.7789E+01
  -6.350  0.2605E+01  0.7814E+01
  -6.340  0.2453E+01  0.7839E+01
  -6.330  0.2284E+01  0.7863E+01
  -6.320  0.2293E+01  0.7887E+01
  -6.310  0.2410E+01  0.7910E+01
  -6.300  0.2365E+01  0.7933E+01
  -6.290  0.1998E+01  0.7954E+01
  -6.280  0.2069E+01  0.7978E+01
  -6.270  0.9751E+00  0.7999E+01
  -6.260  0.0000E+00  0.8000E+01
  -6.250  0.0000E+00  0.8000E+01
  -6.240  0.0000E+00  0.8000E+01
  -6.230  0.0000E+00  0.8000E+01
  -6.220  0.0000E+00  0.8000E+01
  -6.210  0.0000E+00  0.8000E+01
  -6.200  0.0000E+00  0.8000E+01
  -6.190  0.0000E+00  0.8000E+01
  -6.180  0.0000E+00  0.8000E+01
  -6.170  0.0000E+00  0.8000E+01
  -6.160  0.0000E+00  0.8000E+01
  -6.150  0.0000E+00  0.8000E+01
  -6.140  0.0000E+00  0.8000E+01
  -6.130  0.0000E+00  0.8000E+01
  -6.120  0.0000E+00  0.8000E+01
  -6.110  0.0000E+00  0.8000E+01
  -6.100  0.0000E+00  0.8000E+01
  -6.090  0.0000E+00  0.8000E+01
  -6.080  0.0000E+00  0.8000E+01
  -6.070  0.0000E+00  0.8000E+01
  -6.060  0.0000E+00  0.8000E+01
  -6.050  0.0000E+00  0.8000E+01
  -6.040  0.0000E+00  0.8000E+01
  -6.030  0.0000E+00  0.8000E+01
  -6.020  0.0000E+00  0.8000E+01
  -6.010  0.0000E+00  0.8000E+01
  -6.000  0.0000E+00  0.8000E+01
  -5.990  0.0000E+00  0.8000E+01
  -5.980  0.0000E+00  0.8000E+01
  -5.970  0.0000E+00  0.8000E+01
  -5.960  0.0000E+00  0.8000E+01
  -5.950  0.0000E+00  0.8000E+01
  -5.940  0.0000E+00  0.8000E+01
  -5.930  0.0000E+00  0.8000E+01
  -5.920  0.0000E+00  0.8000E+01
  -5.910  0.0000E+00  0.8000E+01
  -5.900  0.0000E+00  0.8000E+01
  -5.890  0.0000E+00  0.8000E+01
  -5.880  0.0000E+00  0.8000E+01
  -5.870  0.0000E+00  0.8000E+01
  -5.860  0.0000E+00  0.8000E+01
  -5.850  0.0000E+00  0.8000E+01
  -5.840  0.0000E+00  0.8000E+01
  -5.830  0.0000E+00  0.8000E+01
  -5.820  0.0000E+00  0.8000E+01
  -5.810  0.0000E+00  0.8000E+01
  -5.800  0.0000E+00  0.8000E+01
  -5.790  0.0000E+00  0.8000E+01
  -5.780  0.0000E+00  0.8000E+01
  -5.770  0.0000E+00  0.8000E+01
  -5.760  0.0000E+00  0.8000E+01
  -5.750  0.0000E+00  0.8000E+01
  -5.740  0.0000E+00  0.8000E+01
  -5.730  0.0000E+00  0.8000E+01
  -5.720  0.0000E+00  0.8000E+01
  -5.710  0.0000E+00  0.8000E+01
  -5.700  0.0000E+00  0.8000E+01
  -5.690  0.0000E+00  0.8000E+01
  -5.680  0.0000E+00  0.8000E+01
  -5.670  0.0000E+00  0.8000E+01
  -5.660  0.0000E+00  0.8000E+01
  -5.650  0.0000E+00  0.8000E+01
  -5.640  0.0000E+00  0.8000E+01
  -5.630  0.0000E+00  0.8000E+01
  -5.620  0.0000E+00  0.8000E+01
  -5.610  0.0000E+00  0.8000E+01
  -5.600  0.0000E+00  0.8000E+01
  -5.590  0.0000E+00  0.8000E+01
  -5.580  0.0000E+00  0.8000E+01
  -5.570  0.0000E+00  0.8000E+01
  -5.560  0.0000E+00  0.8000E+01
  -5.550  0.0000E+00  0.8000E+01
  -5.540  0.0000E+00  0.8000E+01
  -5.530  0.0000E+00  0.8000E+01
  -5.520  0.0000E+00  0.8000E+01
  -5.510  0.0000E+00  0.8000E+01
  -5.500  0.0000E+00  0.8000E+01
  -5.490  0.0000E+00  0.8000E+01
  -5.480  0.0000E+00  0.8000E+01
  -5.470  0.0000E+00  0.8000E+01
  -5.460  0.0000E+00  0.8000E+01
  -5.450  0.0000E+00  0.8000E+01
  -5.440  0.0000E+00  0.8000E+01
  -5.430  0.0000E+00  0.8000E+01
  -5.420  0.0000E+00  0.8000E+01
  -5.410  0.0000E+00  0.8000E+01
  -5.400  0.0000E+00  0.8000E+01
  -5.390  0.0000E+00  0.8000E+01
  -5.380  0.0000E+00  0.8000E+01
  -5.370  0.0000E+00  0.8000E+01
  -5.360  0.0000E+00  0.8000E+01
  -5.350  0.0000E+00  0.8000E+01
  -5.340  0.0000E+00  0.8000E+01
  -5.330  0.0000E+00  0.8000E+01
  -5.320  0.0000E+00  0.8000E+01
  -5.310  0.0000E+00  0.8000E+01
  -5.300  0.0000E+00  0.8000E+01
  -5.290  0.0000E+00  0.8000E+01
  -5.280  0.0000E+00  0.8000E+01
  -5.270  0.0000E+00  0.8000E+01
  -5.260  0.0000E+00  0.8000E+01
  -5.250  0.0000E+00  0.8000E+01
  -5.240  0.0000E+00  0.8000E+01
  -5.230  0.0000E+00  0.8000E+01
  -5.220  0.0000E+00  0.8000E+01
  -5.210  0.0000E+00  0.8000E+01
  -5.200  0.0000E+00  0.8000E+01
  -5.190  0.0000E+00  0.8000E+01
  -5.180  0.0000E+00  0.8000E+01
  -5.170  0.0000E+00  0.8000E+01
  -5.160  0.0000E+00  0.8000E+01
  -5.150  0.0000E+00  0.8000E+01
  -5.140  0.0000E+00  0.8000E+01
  -5.130  0.0000E+00  0.8000E+01
  -5.120  0.0000E+00  0.8000E+01
  -5.110  0.0000E+00  0.8000E+01
  -5.100  0.0000E+00  0.8000E+01
  -5.090  0.0000E+00  0.8000E+01
  -5.080  0.0000E+00  0.8000E+01
  -5.070  0.0000E+00  0.8000E+01
  -5.060  0.0000E+00  0.8000E+01
  -5.050  0.0000E+00  0.8000E+01
  -5.040  0.0000E+00  0.8000E+01
  -5.030  0.0000E+00  0.8000E+01
  -5.020  0.0000E+00  0.8000E+01
  -5.010  0.0000E+00  0.8000E+01
  -5.000  0.0000E+00  0.8000E+01
  -4.990  0.0000E+00  0.8000E+01
  -4.980  0.0000E+00  0.8000E+01
  -4.970  0.0000E+00  0.8000E+01
  -4.960  0.0000E+00  0.8000E+01
  -4.950  0.0000E+00  0.8000E+01
  -4.940  0.0000E+00  0.8000E+01
  -4.930  0.0000E+00  0.8000E+01
  -4.920  0.0000E+00  0.8000E+01
  -4.910  0.0000E+00  0.8000E+01
  -4.900  0.0000E+00  0.8000E+01
  -4.890  0.0000E+00  0.8000E+01
  -4.880  0.0000E+00  0.8000E+01
  -4.870  0.0000E+00  0.8000E+01
  -4.860  0.0000E+00  0.8000E+01
  -4.850  0.0000E+00  0.8000E+01
  -4.840  0.0000E+00  0.8000E+01
  -4.830  0.0000E+00  0.8000E+01
  -4.820  0.0000E+00  0.8000E+01
  -4.810  0.0000E+00  0.8000E+01
  -4.800  0.0000E+00  0.8000E+01
  -4.790  0.0000E+00  0.8000E+01
  -4.780  0.0000E+00  0.8000E+01
  -4.770  0.0000E+00  0.8000E+01
  -4.760  0.0000E+00  0.8000E+01
  -4.750  0.0000E+00  0.8000E+01
  -4.740  0.0000E+00  0.8000E+01
  -4.730  0.0000E+00  0.8000E+01
  -4.720  0.0000E+00  0.8000E+01
  -4.710  0.0000E+00  0.8000E+01
  -4.700  0.0000E+00  0.8000E+01
  -4.690  0.0000E+00  0.8000E+01
  -4.680  0.0000E+00  0.8000E+01
  -4.670  0.0000E+00  0.8000E+01
  -4.660  0.0000E+00  0.8000E+01
  -4.650  0.0000E+00  0.8000E+01
  -4.640  0.0000E+00  0.8000E+01
  -4.630  0.0000E+00  0.8000E+01
  -4.620  0.0000E+00  0.8000E+01
  -4.610  0.0000E+00  0.8000E+01
  -4.600  0.0000E+00  0.8000E+01
  -4.590  0.0000E+00  0.8000E+01
  -4.580  0.0000E+00  0.8000E+01
  -4.570  0.0000E+00  0.8000E+01
  -4.560  0.0000E+00  0.8000E+01
  -4.550  0.0000E+00  0.8000E+01
  -4.540  0.0000E+00  0.8000E+01
  -4.530  0.0000E+00  0.8000E+01
  -4.520  0.0000E+00  0.8000E+01
  -4.510  0.0000E+00  0.8000E+01
  -4.500  0.0000E+00  0.8000E+01
  -4.490  0.0000E+00  0.8000E+01
  -4.480  0.0000E+00  0.8000E+01
  -4.470  0.0000E+00  0.8000E+01
  -4.460  0.0000E+00  0.8000E+01
  -4.450  0.0000E+00  0.8000E+01
  -4.440  0.0000E+00  0.8000E+01
  -4.430  0.0000E+00  0.8000E+01
  -4.420  0.0000E+00  0.8000E+01
  -4.410  0.0000E+00  0.8000E+01
  -4.400  0.0000E+00  0.8000E+01
  -4.390  0.0000E+00  0.8000E+01
  -4.380  0.0000E+00  0.8000E+01
  -4.370  0.0000E+00  0.8000E+01
  -4.360  0.0000E+00  0.8000E+01
  -4.350  0.0000E+00  0.8000E+01
  -4.340  0.0000E+00  0.8000E+01
  -4.330  0.0000E+00  0.8000E+01
  -4.320  0.0000E+00  0.8000E+01
  -4.310  0.0000E+00  0.8000E+01
  -4.300  0.0000E+00  0.8000E+01
  -4.290  0.0000E+00  0.8000E+01
  -4.280  0.0000E+00  0.8000E+01
  -4.270  0.0000E+00  0.8000E+01
  -4.260  0.0000E+00  0.8000E+01
  -4.250  0.0000E+00  0.8000E+01
  -4.240  0.0000E+00  0.8000E+01
  -4.230  0.0000E+00  0.8000E+01
  -4.220  0.0000E+00  0.8000E+01
  -4.210  0.0000E+00  0.8000E+01
  -4.200  0.0000E+00  0.8000E+01
  -4.190  0.0000E+00  0.8000E+01
  -4.180  0.0000E+00  0.8000E+01
  -4.170  0.0000E+00  0.8000E+01
  -4.160  0.0000E+00  0.8000E+01
  -4.150  0.0000E+00  0.8000E+01
  -4.140  0.0000E+00  0.8000E+01
  -4.130  0.0000E+00  0.8000E+01
  -4.120  0.0000E+00  0.8000E+01
  -4.110  0.0000E+00  0.8000E+01
  -4.100  0.0000E+00  0.8000E+01
  -4.090  0.0000E+00  0.8000E+01
  -4.080  0.0000E+00  0.8000E+01
  -4.070  0.0000E+00  0.8000E+01
  -4.060  0.0000E+00  0.8000E+01
  -4.050  0.0000E+00  0.8000E+01
  -4.040  0.0000E+00  0.8000E+01
  -4.030  0.0000E+00  0.8000E+01
  -4.020  0.0000E+00  0.8000E+01
  -4.010  0.0000E+00  0.8000E+01
  -4.000  0.0000E+00  0.8000E+01
  -3.990  0.0000E+00  0.8000E+01
  -3.980  0.0000E+00  0.8000E+01
  -3.970  0.0000E+00  0.8000E+01
  -3.960  0.0000E+00  0.8000E+01
  -3.950  0.0000E+00  0.8000E+01
  -3.940  0.0000E+00  0.8000E+01
  -3.930  0.0000E+00  0.8000E+01
  -3.920  0.0000E+00  0.8000E+01
  -3.910  0.0000E+00  0.8000E+01
  -3.900  0.0000E+00  0.8000E+01
  -3.890  0.0000E+00  0.8000E+01
  -3.880  0.0000E+00  0.8000E+01
  -3.870  0.0000E+00  0.8000E+01
  -3.860  0.0000E+00  0.8000E+01
  -3.850  0.0000E+00  0.8000E+01
  -3.840  0.0000E+00  0.8000E+01
  -3.830  0.0000E+00  0.8000E+01
  -3.820  0.0000E+00  0.8000E+01
  -3.810  0.0000E+00  0.8000E+01
  -3.800  0.0000E+00  0.8000E+01
  -3.790  0.0000E+00  0.8000E+01
  -3.780  0.0000E+00  0.8000E+01
  -3.770  0.0000E+00  0.8000E+01
  -3.760  0.0000E+00  0.8000E+01
  -3.750  0.0000E+00  0.8000E+01
  -3.740  0.0000E+00  0.8000E+01
  -3.730  0.0000E+00  0.8000E+01
  -3.720  0.0000E+00  0.8000E+01
  -3.710  0.0000E+00  0.8000E+01
  -3.700  0.0000E+00  0.8000E+01
  -3.690  0.0000E+00  0.8000E+01
  -3.680  0.0000E+00  0.8000E+01
  -3.670  0.0000E+00  0.8000E+01
  -3.660  0.0000E+00  0.8000E+01
  -3.650  0.0000E+00  0.8000E+01
  -3.640  0.0000E+00  0.8000E+01
  -3.630  0.0000E+00  0.8000E+01
  -3.620  0.0000E+00  0.8000E+01
  -3.610  0.0000E+00  0.8000E+01
  -3.600  0.0000E+00  0.8000E+01
  -3.590  0.0000E+00  0.8000E+01
  -3.580  0.0000E+00  0.8000E+01
  -3.570  0.0000E+00  0.8000E+01
  -3.560  0.0000E+00  0.8000E+01
  -3.550  0.0000E+00  0.8000E+01
  -3.540  0.0000E+00  0.8000E+01
  -3.530  0.0000E+00  0.8000E+01
  -3.520  0.0000E+00  0.8000E+01
  -3.510  0.0000E+00  0.8000E+01
  -3.500  0.0000E+00  0.8000E+01
  -3.490  0.0000E+00  0.8000E+01
  -3.480  0.0000E+00  0.8000E+01
  -3.470  0.0000E+00  0.8000E+01
  -3.460  0.0000E+00  0.8000E+01
  -3.450  0.0000E+00  0.8000E+01
  -3.440  0.0000E+00  0.8000E+01
  -3.430  0.0000E+00  0.8000E+01
  -3.420  0.0000E+00  0.8000E+01
  -3.410  0.0000E+00  0.8000E+01
  -3.400  0.0000E+00  0.8000E+01
  -3.390  0.0000E+00  0.8000E+01
  -3.380  0.0000E+00  0.8000E+01
  -3.370  0.0000E+00  0.8000E+01
  -3.360  0.0000E+00  0.8000E+01
  -3.350  0.0000E+00  0.8000E+01
  -3.340  0.0000E+00  0.8000E+01
  -3.330  0.0000E+00  0.8000E+01
  -3.320  0.0000E+00  0.8000E+01
  -3.310  0.0000E+00  0.8000E+01
  -3.300  0.0000E+00  0.8000E+01
  -3.290  0.0000E+00  0.8000E+01
  -3.280  0.0000E+00  0.8000E+01
  -3.270  0.0000E+00  0.8000E+01
  -3.260  0.0000E+00  0.8000E+01
  -3.250  0.0000E+00  0.8000E+01
  -3.240  0.0000E+00  0.8000E+01
  -3.230  0.0000E+00  0.8000E+01
  -3.220  0.0000E+00  0.8000E+01
  -3.210  0.0000E+00  0.8000E+01
  -3.200  0.0000E+00  0.8000E+01
  -3.190  0.0000E+00  0.8000E+01
  -3.180  0.0000E+00  0.8000E+01
  -3.170  0.0000E+00  0.8000E+01
  -3.160  0.0000E+00  0.8000E+01
  -3.150  0.0000E+00  0.8000E+01
  -3.140  0.0000E+00  0.8000E+01
  -3.130  0.0000E+00  0.8000E+01
  -3.120  0.0000E+00  0.8000E+01
  -3.110  0.0000E+00  0.8000E+01
  -3.100  0.0000E+00  0.8000E+01
  -3.090  0.0000E+00  0.8000E+01
  -3.080  0.0000E+00  0.8000E+01
  -3.070  0.0000E+00  0.8000E+01
  -3.060  0.0000E+00  0.8000E+01
  -3.050  0.0000E+00  0.8000E+01
  -3.040  0.0000E+00  0.8000E+01
  -3.030  0.0000E+00  0.8000E+01
  -3.020  0.0000E+00  0.8000E+01
  -3.010  0.0000E+00  0.8000E+01
  -3.000  0.0000E+00  0.8000E+01
  -2.990  0.0000E+00  0.8000E+01
  -2.980  0.0000E+00  0.8000E+01
  -2.970  0.0000E+00  0.8000E+01
  -2.960  0.0000E+00  0.8000E+01
  -2.950  0.0000E+00  0.8000E+01
  -2.940  0.0000E+00  0.8000E+01
  -2.930  0.0000E+00  0.8000E+01
  -2.920  0.0000E+00  0.8000E+01
  -2.910  0.0000E+00  0.8000E+01
  -2.900  0.0000E+00  0.8000E+01
  -2.890  0.0000E+00  0.8000E+01
  -2.880  0.0000E+00  0.8000E+01
  -2.870  0.0000E+00  0.8000E+01
  -2.860  0.0000E+00  0.8000E+01
  -2.850  0.0000E+00  0.8000E+01
  -2.840  0.0000E+00  0.8000E+01
  -2.830  0.0000E+00  0.8000E+01
  -2.820  0.0000E+00  0.8000E+01
  -2.810  0.0000E+00  0.8000E+01
  -2.800  0.0000E+00  0.8000E+01
  -2.790  0.0000E+00  0.8000E+01
  -2.780  0.0000E+00  0.8000E+01
  -2.770  0.0000E+00  0.8000E+01
  -2.760  0.0000E+00  0.8000E+01
  -2.750  0.0000E+00  0.8000E+01
  -2.740  0.0000E+00  0.8000E+01
  -2.730  0.0000E+00  0.8000E+01
  -2.720  0.0000E+00  0.8000E+01
  -2.710  0.0000E+00  0.8000E+01
  -2.700  0.0000E+00  0.8000E+01
  -2.690  0.0000E+00  0.8000E+01
  -2.680  0.0000E+00  0.8000E+01
  -2.670  0.0000E+00  0.8000E+01
  -2.660  0.0000E+00  0.8000E+01
  -2.650  0.0000E+00  0.8000E+01
  -2.640  0.0000E+00  0.8000E+01
  -2.630  0.0000E+00  0.8000E+01
  -2.620  0.0000E+00  0.8000E+01
  -2.610  0.0000E+00  0.8000E+01
  -2.600  0.0000E+00  0.8000E+01
  -2.590  0.0000E+00  0.8000E+01
  -2.580  0.0000E+00  0.8000E+01
  -2.570  0.0000E+00  0.8000E+01
  -2.560  0.0000E+00  0.8000E+01
  -2.550  0.0000E+00  0.8000E+01
  -2.540  0.0000E+00  0.8000E+01
  -2.530  0.0000E+00  0.8000E+01
  -2.520  0.0000E+00  0.8000E+01
  -2.510  0.0000E+00  0.8000E+01
  -2.500  0.0000E+00  0.8000E+01
  -2.490  0.0000E+00  0.8000E+01
  -2.480  0.0000E+00  0.8000E+01
  -2.470  0.0000E+00  0.8000E+01
  -2.460  0.0000E+00  0.8000E+01
  -2.450  0.0000E+00  0.8000E+01
  -2.440  0.0000E+00  0.8000E+01
  -2.430  0.0000E+00  0.8000E+01
  -2.420  0.0000E+00  0.8000E+01
  -2.410  0.0000E+00  0.8000E+01
  -2.400  0.0000E+00  0.8000E+01
  -2.390  0.0000E+00  0.8000E+01
  -2.380  0.0000E+00  0.8000E+01
  -2.370  0.0000E+00  0.8000E+01
  -2.360  0.0000E+00  0.8000E+01
  -2.350  0.0000E+00  0.8000E+01
  -2.340  0.0000E+00  0.8000E+01
  -2.330  0.0000E+00  0.8000E+01
  -2.320  0.0000E+00  0.8000E+01
  -2.310  0.0000E+00  0.8000E+01
  -2.300  0.0000E+00  0.8000E+01
  -2.290  0.0000E+00  0.8000E+01
  -2.280  0.0000E+00  0.8000E+01
  -2.270  0.0000E+00  0.8000E+01
  -2.260  0.0000E+00  0.8000E+01
  -2.250  0.0000E+00  0.8000E+01
  -2.240  0.0000E+00  0.8000E+01
  -2.230  0.0000E+00  0.8000E+01
  -2.220  0.0000E+00  0.8000E+01
  -2.210  0.0000E+00  0.8000E+01
  -2.200  0.0000E+00  0.8000E+01
  -2.190  0.0000E+00  0.8000E+01
  -2.180  0.0000E+00  0.8000E+01
  -2.170  0.0000E+00  0.8000E+01
  -2.160  0.0000E+00  0.8000E+01
  -2.150  0.0000E+00  0.8000E+01
  -2.140  0.0000E+00  0.8000E+01
  -2.130  0.0000E+00  0.8000E+01
  -2.120  0.0000E+00  0.8000E+01
  -2.110  0.0000E+00  0.8000E+01
  -2.100  0.0000E+00  0.8000E+01
  -2.090  0.0000E+00  0.8000E+01
  -2.080  0.0000E+00  0.8000E+01
  -2.070  0.0000E+00  0.8000E+01
  -2.060  0.0000E+00  0.8000E+01
  -2.050  0.0000E+00  0.8000E+01
  -2.040  0.0000E+00  0.8000E+01
  -2.030  0.0000E+00  0.8000E+01
  -2.020  0.0000E+00  0.8000E+01
  -2.010  0.0000E+00  0.8000E+01
  -2.000  0.0000E+00  0.8000E+01
  -1.990  0.0000E+00  0.8000E+01
  -1.980  0.0000E+00  0.8000E+01
  -1.970  0.0000E+00  0.8000E+01
  -1.960  0.0000E+00  0.8000E+01
  -1.950  0.0000E+00  0.8000E+01
  -1.940  0.0000E+00  0.8000E+01
  -1.930  0.0000E+00  0.8000E+01
  -1.920  0.0000E+00  0.8000E+01
  -1.910  0.0000E+00  0.8000E+01
  -1.900  0.0000E+00  0.8000E+01
  -1.890  0.0000E+00  0.8000E+01
  -1.880  0.0000E+00  0.8000E+01
  -1.870  0.0000E+00  0.8000E+01
  -1.860  0.0000E+00  0.8000E+01
  -1.850  0.0000E+00  0.8000E+01
  -1.840  0.0000E+00  0.8000E+01
  -1.830  0.0000E+00  0.8000E+01
  -1.820  0.0000E+00  0.8000E+01
  -1.810  0.0000E+00  0.8000E+01
  -1.800  0.0000E+00  0.8000E+01
  -1.790  0.0000E+00  0.8000E+01
  -1.780  0.0000E+00  0.8000E+01
  -1.770  0.0000E+00  0.8000E+01
  -1.760  0.0000E+00  0.8000E+01
  -1.750  0.5769E+00  0.8001E+01
  -1.740  0.1526E+01  0.8013E+01
  -1.730  0.1595E+01  0.8028E+01
  -1.720  0.2645E+01  0.8046E+01
  -1.710  0.3071E+01  0.8074E+01
  -1.700  0.3075E+01  0.8105E+01
  -1.690  0.3014E+01  0.8135E+01
  -1.680  0.3107E+01  0.8165E+01
  -1.670  0.3205E+01  0.8197E+01
  -1.660  0.3084E+01  0.8228E+01
  -1.650  0.3102E+01  0.8259E+01
  -1.640  0.3229E+01  0.8291E+01
  -1.630  0.3251E+01  0.8323E+01
  -1.620  0.3165E+01  0.8356E+01
  -1.610  0.3220E+01  0.8387E+01
  -1.600  0.3304E+01  0.8420E+01
  -1.590  0.3321E+01  0.8453E+01
  -1.580  0.3349E+01  0.8487E+01
  -1.570  0.3310E+01  0.8520E+01
  -1.560  0.3388E+01  0.8553E+01
  -1.550  0.3422E+01  0.8587E+01
  -1.540  0.3448E+01  0.8622E+01
  -1.530  0.3511E+01  0.8656E+01
  -1.520  0.3509E+01  0.8692E+01
  -1.510  0.3536E+01  0.8727E+01
  -1.500  0.3597E+01  0.8762E+01
  -1.490  0.3638E+01  0.8799E+01
  -1.480  0.3694E+01  0.8835E+01
  -1.470  0.3751E+01  0.8872E+01
  -1.460  0.3770E+01  0.8910E+01
  -1.450  0.3818E+01  0.8948E+01
  -1.440  0.3900E+01  0.8987E+01
  -1.430  0.3951E+01  0.9026E+01
  -1.420  0.4048E+01  0.9066E+01
  -1.410  0.4135E+01  0.9107E+01
  -1.400  0.4180E+01  0.9148E+01
  -1.390  0.4294E+01  0.9191E+01
  -1.380  0.4403E+01  0.9234E+01
  -1.370  0.4505E+01  0.9279E+01
  -1.360  0.4706E+01  0.9325E+01
  -1.350  0.4861E+01  0.9373E+01
  -1.340  0.5105E+01  0.9422E+01
  -1.330  0.5398E+01  0.9475E+01
  -1.320  0.5891E+01  0.9531E+01
  -1.310  0.6870E+01  0.9595E+01
  -1.300  0.6524E+01  0.9664E+01
  -1.290  0.6154E+01  0.9727E+01
  -1.280  0.6766E+01  0.9792E+01
  -1.270  0.6090E+01  0.9858E+01
  -1.260  0.5284E+01  0.9915E+01
  -1.250  0.4804E+01  0.9965E+01
  -1.240  0.4504E+01  0.1001E+02
  -1.230  0.4213E+01  0.1006E+02
  -1.220  0.4080E+01  0.1010E+02
  -1.210  0.3823E+01  0.1014E+02
  -1.200  0.3649E+01  0.1017E+02
  -1.190  0.3510E+01  0.1021E+02
  -1.180  0.3373E+01  0.1024E+02
  -1.170  0.3192E+01  0.1028E+02
  -1.160  0.3135E+01  0.1031E+02
  -1.150  0.3117E+01  0.1034E+02
  -1.140  0.2908E+01  0.1037E+02
  -1.130  0.2770E+01  0.1040E+02
  -1.120  0.2640E+01  0.1042E+02
  -1.110  0.3238E+01  0.1045E+02
  -1.100  0.2200E+01  0.1048E+02
  -1.090  0.1936E+01  0.1050E+02
  -1.080  0.1903E+01  0.1052E+02
  -1.070  0.1875E+01  0.1054E+02
  -1.060  0.1848E+01  0.1055E+02
  -1.050  0.1818E+01  0.1057E+02
  -1.040  0.1789E+01  0.1059E+02
  -1.030  0.1760E+01  0.1061E+02
  -1.020  0.1734E+01  0.1063E+02
  -1.010  0.1714E+01  0.1064E+02
  -1.000  0.1695E+01  0.1066E+02
  -0.990  0.1676E+01  0.1068E+02
  -0.980  0.1655E+01  0.1069E+02
  -0.970  0.1632E+01  0.1071E+02
  -0.960  0.1610E+01  0.1073E+02
  -0.950  0.1592E+01  0.1074E+02
  -0.940  0.1603E+01  0.1076E+02
  -0.930  0.1627E+01  0.1077E+02
  -0.920  0.1651E+01  0.1079E+02
  -0.910  0.1677E+01  0.1081E+02
  -0.900  0.1703E+01  0.1082E+02
  -0.890  0.1724E+01  0.1084E+02
  -0.880  0.1750E+01  0.1086E+02
  -0.870  0.1776E+01  0.1088E+02
  -0.860  0.1803E+01  0.1089E+02
  -0.850  0.1948E+01  0.1091E+02
  -0.840  0.2015E+01  0.1093E+02
  -0.830  0.1992E+01  0.1095E+02
  -0.820  0.2021E+01  0.1097E+02
  -0.810  0.2001E+01  0.1099E+02
  -0.800  0.1994E+01  0.1101E+02
  -0.790  0.2009E+01  0.1103E+02
  -0.780  0.1986E+01  0.1105E+02
  -0.770  0.1983E+01  0.1107E+02
  -0.760  0.1996E+01  0.1109E+02
  -0.750  0.2001E+01  0.1111E+02
  -0.740  0.2003E+01  0.1113E+02
  -0.730  0.2014E+01  0.1115E+02
  -0.720  0.2022E+01  0.1117E+02
  -0.710  0.2033E+01  0.1119E+02
  -0.700  0.2030E+01  0.1121E+02
  -0.690  0.2041E+01  0.1123E+02
  -0.680  0.2058E+01  0.1126E+02
  -0.670  0.2084E+01  0.1128E+02
  -0.660  0.2128E+01  0.1130E+02
  -0.650  0.2226E+01  0.1132E+02
  -0.640  0.2494E+01  0.1134E+02
  -0.630  0.3401E+01  0.1137E+02
  -0.620  0.3461E+01  0.1141E+02
  -0.610  0.3515E+01  0.1144E+02
  -0.600  0.4234E+01  0.1148E+02
  -0.590  0.5008E+01  0.1153E+02
  -0.580  0.5172E+01  0.1158E+02
  -0.570  0.5581E+01  0.1163E+02
  -0.560  0.6106E+01  0.1169E+02
  -0.550  0.6547E+01  0.1175E+02
  -0.540  0.6843E+01  0.1182E+02
  -0.530  0.7445E+01  0.1189E+02
  -0.520  0.5207E+01  0.1195E+02
  -0.510  0.5913E+01  0.1200E+02
  -0.500  0.5172E+01  0.1206E+02
  -0.490  0.5179E+01  0.1211E+02
  -0.480  0.5983E+01  0.1216E+02
  -0.470  0.5735E+01  0.1223E+02
  -0.460  0.4268E+01  0.1228E+02
  -0.450  0.4046E+01  0.1232E+02
  -0.440  0.3919E+01  0.1236E+02
  -0.430  0.3782E+01  0.1240E+02
  -0.420  0.3672E+01  0.1244E+02
  -0.410  0.3524E+01  0.1247E+02
  -0.400  0.3336E+01  0.1251E+02
  -0.390  0.3105E+01  0.1254E+02
  -0.380  0.2640E+01  0.1257E+02
  -0.370  0.2656E+01  0.1259E+02
  -0.360  0.2677E+01  0.1262E+02
  -0.350  0.2681E+01  0.1265E+02
  -0.340  0.2688E+01  0.1267E+02
  -0.330  0.2769E+01  0.1270E+02
  -0.320  0.2829E+01  0.1273E+02
  -0.310  0.2857E+01  0.1276E+02
  -0.300  0.2868E+01  0.1279E+02
  -0.290  0.2902E+01  0.1282E+02
  -0.280  0.2999E+01  0.1284E+02
  -0.270  0.3161E+01  0.1288E+02
  -0.260  0.3261E+01  0.1291E+02
  -0.250  0.3456E+01  0.1294E+02
  -0.240  0.3526E+01  0.1298E+02
  -0.230  0.3509E+01  0.1301E+02
  -0.220  0.3409E+01  0.1305E+02
  -0.210  0.3254E+01  0.1308E+02
  -0.200  0.3258E+01  0.1311E+02
  -0.190  0.3110E+01  0.1314E+02
  -0.180  0.2806E+01  0.1317E+02
  -0.170  0.2730E+01  0.1320E+02
  -0.160  0.2638E+01  0.1323E+02
  -0.150  0.2503E+01  0.1325E+02
  -0.140  0.2445E+01  0.1328E+02
  -0.130  0.2368E+01  0.1330E+02
  -0.120  0.2394E+01  0.1333E+02
  -0.110  0.2527E+01  0.1335E+02
  -0.100  0.2708E+01  0.1338E+02
  -0.090  0.3060E+01  0.1341E+02
  -0.080  0.3421E+01  0.1344E+02
  -0.070  0.3432E+01  0.1347E+02
  -0.060  0.3444E+01  0.1351E+02
  -0.050  0.3491E+01  0.1354E+02
  -0.040  0.3520E+01  0.1358E+02
  -0.030  0.3563E+01  0.1361E+02
  -0.020  0.3703E+01  0.1365E+02
  -0.010  0.3947E+01  0.1369E+02
   0.000  0.4188E+01  0.1373E+02
   0.010  0.4380E+01  0.1377E+02
   0.020  0.4463E+01  0.1381E+02
   0.030  0.4590E+01  0.1386E+02
   0.040  0.4789E+01  0.1391E+02
   0.050  0.5040E+01  0.1396E+02
   0.060  0.5287E+01  0.1401E+02
   0.070  0.5457E+01  0.1406E+02
   0.080  0.5780E+01  0.1412E+02
   0.090  0.6009E+01  0.1418E+02
   0.100  0.6738E+01  0.1424E+02
   0.110  0.7833E+01  0.1431E+02
   0.120  0.7597E+01  0.1439E+02
   0.130  0.7446E+01  0.1446E+02
   0.140  0.7044E+01  0.1454E+02
   0.150  0.6566E+01  0.1460E+02
   0.160  0.6135E+01  0.1467E+02
   0.170  0.5862E+01  0.1473E+02
   0.180  0.5656E+01  0.1478E+02
   0.190  0.5518E+01  0.1484E+02
   0.200  0.5390E+01  0.1489E+02
   0.210  0.5239E+01  0.1495E+02
   0.220  0.4987E+01  0.1500E+02
   0.230  0.4785E+01  0.1505E+02
   0.240  0.4760E+01  0.1510E+02
   0.250  0.4726E+01  0.1515E+02
   0.260  0.4726E+01  0.1519E+02
   0.270  0.4754E+01  0.1524E+02
   0.280  0.4790E+01  0.1529E+02
   0.290  0.4815E+01  0.1534E+02
   0.300  0.4847E+01  0.1539E+02
   0.310  0.4917E+01  0.1543E+02
   0.320  0.4965E+01  0.1548E+02
   0.330  0.5048E+01  0.1553E+02
   0.340  0.5126E+01  0.1558E+02
   0.350  0.5245E+01  0.1564E+02
   0.360  0.5371E+01  0.1569E+02
   0.370  0.5492E+01  0.1574E+02
   0.380  0.5631E+01  0.1580E+02
   0.390  0.5713E+01  0.1586E+02
   0.400  0.5770E+01  0.1591E+02
   0.410  0.6057E+01  0.1597E+02
   0.420  0.6077E+01  0.1603E+02
   0.430  0.6676E+01  0.1610E+02
   0.440  0.7028E+01  0.1616E+02
   0.450  0.6933E+01  0.1623E+02
   0.460  0.6197E+01  0.1630E+02
   0.470  0.5486E+01  0.1636E+02
   0.480  0.5049E+01  0.1641E+02
   0.490  0.4997E+01  0.1646E+02
   0.500  0.5043E+01  0.1651E+02
   0.510  0.5113E+01  0.1656E+02
   0.520  0.5250E+01  0.1661E+02
   0.530  0.5417E+01  0.1667E+02
   0.540  0.5648E+01  0.1672E+02
   0.550  0.6058E+01  0.1678E+02
   0.560  0.6277E+01  0.1684E+02
   0.570  0.6561E+01  0.1691E+02
   0.580  0.6859E+01  0.1697E+02
   0.590  0.7296E+01  0.1704E+02
   0.600  0.7806E+01  0.1712E+02
   0.610  0.8091E+01  0.1720E+02
   0.620  0.8315E+01  0.1728E+02
   0.630  0.7933E+01  0.1736E+02
   0.640  0.7170E+01  0.1744E+02
   0.650  0.7033E+01  0.1751E+02
   0.660  0.7358E+01  0.1758E+02
   0.670  0.7680E+01  0.1765E+02
   0.680  0.8020E+01  0.1773E+02
   0.690  0.1039E+02  0.1783E+02
   0.700  0.8343E+01  0.1792E+02
   0.710  0.7892E+01  0.1800E+02
   0.720  0.7109E+01  0.1807E+02
   0.730  0.6993E+01  0.1815E+02
   0.740  0.7678E+01  0.1822E+02
   0.750  0.6999E+01  0.1830E+02
   0.760  0.6420E+01  0.1836E+02
   0.770  0.6093E+01  0.1843E+02
   0.780  0.5832E+01  0.1849E+02
   0.790  0.6028E+01  0.1855E+02
   0.800  0.5290E+01  0.1860E+02
   0.810  0.5004E+01  0.1865E+02
   0.820  0.4974E+01  0.1870E+02
   0.830  0.4573E+01  0.1875E+02
   0.840  0.4503E+01  0.1879E+02
   0.850  0.4691E+01  0.1884E+02
   0.860  0.4576E+01  0.1889E+02
   0.870  0.4608E+01  0.1893E+02
   0.880  0.4838E+01  0.1898E+02
   0.890  0.4186E+01  0.1902E+02
   0.900  0.3812E+01  0.1906E+02
   0.910  0.3786E+01  0.1910E+02
   0.920  0.3790E+01  0.1914E+02
   0.930  0.3754E+01  0.1918E+02
   0.940  0.3775E+01  0.1922E+02
   0.950  0.3997E+01  0.1925E+02
   0.960  0.4009E+01  0.1929E+02
   0.970  0.4055E+01  0.1933E+02
   0.980  0.4348E+01  0.1938E+02
   0.990  0.4578E+01  0.1942E+02
   1.000  0.4693E+01  0.1947E+02
   1.010  0.4776E+01  0.1952E+02
   1.020  0.4948E+01  0.1956E+02
   1.030  0.4602E+01  0.1961E+02
   1.040  0.4399E+01  0.1966E+02
   1.050  0.4230E+01  0.1970E+02
   1.060  0.4387E+01  0.1974E+02
   1.070  0.4213E+01  0.1979E+02
   1.080  0.4284E+01  0.1983E+02
   1.090  0.4412E+01  0.1987E+02
   1.100  0.4494E+01  0.1992E+02
   1.110  0.4458E+01  0.1996E+02
   1.120  0.4700E+01  0.2001E+02
   1.130  0.4746E+01  0.2006E+02
   1.140  0.4979E+01  0.2010E+02
   1.150  0.4955E+01  0.2015E+02
   1.160  0.5315E+01  0.2020E+02
   1.170  0.5259E+01  0.2026E+02
   1.180  0.5688E+01  0.2031E+02
   1.190  0.5826E+01  0.2037E+02
   1.200  0.6363E+01  0.2043E+02
   1.210  0.4368E+01  0.2049E+02
   1.220  0.3639E+01  0.2053E+02
   1.230  0.3393E+01  0.2056E+02
   1.240  0.3253E+01  0.2060E+02
   1.250  0.3181E+01  0.2063E+02
   1.260  0.3041E+01  0.2066E+02
   1.270  0.2996E+01  0.2069E+02
   1.280  0.3190E+01  0.2072E+02
   1.290  0.3322E+01  0.2075E+02
   1.300  0.3496E+01  0.2079E+02
   1.310  0.3461E+01  0.2082E+02
   1.320  0.3492E+01  0.2086E+02
   1.330  0.3919E+01  0.2089E+02
   1.340  0.3663E+01  0.2093E+02
   1.350  0.3714E+01  0.2097E+02
   1.360  0.3787E+01  0.2100E+02
   1.370  0.3874E+01  0.2104E+02
   1.380  0.4097E+01  0.2108E+02
   1.390  0.4128E+01  0.2112E+02
   1.400  0.4296E+01  0.2116E+02
   1.410  0.4477E+01  0.2121E+02
   1.420  0.4674E+01  0.2125E+02
   1.430  0.4980E+01  0.2130E+02
   1.440  0.4983E+01  0.2135E+02
   1.450  0.5005E+01  0.2140E+02
   1.460  0.5032E+01  0.2145E+02
   1.470  0.5046E+01  0.2150E+02
   1.480  0.5115E+01  0.2155E+02
   1.490  0.5183E+01  0.2161E+02
   1.500  0.5268E+01  0.2166E+02
   1.510  0.5375E+01  0.2171E+02
   1.520  0.5369E+01  0.2176E+02
   1.530  0.5377E+01  0.2182E+02
   1.540  0.5394E+01  0.2187E+02
   1.550  0.5429E+01  0.2193E+02
   1.560  0.5492E+01  0.2198E+02
   1.570  0.5586E+01  0.2204E+02
   1.580  0.5876E+01  0.2209E+02
   1.590  0.5881E+01  0.2215E+02
   1.600  0.5560E+01  0.2221E+02
   1.610  0.5361E+01  0.2227E+02
   1.620  0.5194E+01  0.2232E+02
   1.630  0.4874E+01  0.2237E+02
   1.640  0.4588E+01  0.2242E+02
   1.650  0.4763E+01  0.2246E+02
   1.660  0.4611E+01  0.2251E+02
   1.670  0.4417E+01  0.2256E+02
   1.680  0.4512E+01  0.2260E+02
   1.690  0.4142E+01  0.2264E+02
   1.700  0.4049E+01  0.2268E+02
   1.710  0.4046E+01  0.2272E+02
   1.720  0.4031E+01  0.2276E+02
   1.730  0.3994E+01  0.2281E+02
   1.740  0.3926E+01  0.2285E+02
   1.750  0.3946E+01  0.2288E+02
   1.760  0.3973E+01  0.2292E+02
   1.770  0.4035E+01  0.2296E+02
   1.780  0.4189E+01  0.2301E+02
   1.790  0.4279E+01  0.2305E+02
   1.800  0.4502E+01  0.2309E+02
   1.810  0.4942E+01  0.2314E+02
   1.820  0.4775E+01  0.2319E+02
   1.830  0.4805E+01  0.2323E+02
   1.840  0.4437E+01  0.2328E+02
   1.850  0.4593E+01  0.2333E+02
   1.860  0.4779E+01  0.2337E+02
   1.870  0.5002E+01  0.2342E+02
   1.880  0.5293E+01  0.2347E+02
   1.890  0.5213E+01  0.2353E+02
   1.900  0.5209E+01  0.2358E+02
   1.910  0.5173E+01  0.2363E+02
   1.920  0.4425E+01  0.2368E+02
   1.930  0.4200E+01  0.2372E+02
   1.940  0.3957E+01  0.2376E+02
   1.950  0.3788E+01  0.2380E+02
   1.960  0.3330E+01  0.2383E+02
   1.970  0.3327E+01  0.2387E+02
   1.980  0.3547E+01  0.2390E+02
   1.990  0.3850E+01  0.2394E+02
   2.000  0.4162E+01  0.2398E+02
   2.010  0.4980E+01  0.2402E+02
   2.020  0.4618E+01  0.2407E+02
   2.030  0.3703E+01  0.2412E+02
   2.040  0.3904E+01  0.2415E+02
   2.050  0.4138E+01  0.2419E+02
   2.060  0.4549E+01  0.2424E+02
   2.070  0.5240E+01  0.2429E+02
   2.080  0.5867E+01  0.2435E+02
   2.090  0.5094E+01  0.2441E+02
   2.100  0.3586E+01  0.2445E+02
   2.110  0.3107E+01  0.2448E+02
   2.120  0.3001E+01  0.2451E+02
   2.130  0.2962E+01  0.2454E+02
   2.140  0.3158E+01  0.2457E+02
   2.150  0.3357E+01  0.2461E+02
   2.160  0.3307E+01  0.2464E+02
   2.170  0.3324E+01  0.2467E+02
   2.180  0.3256E+01  0.2471E+02
   2.190  0.3214E+01  0.2474E+02
   2.200  0.3183E+01  0.2477E+02
   2.210  0.3215E+01  0.2480E+02
   2.220  0.3178E+01  0.2483E+02
   2.230  0.3148E+01  0.2487E+02
   2.240  0.3131E+01  0.2490E+02
   2.250  0.3095E+01  0.2493E+02
   2.260  0.3395E+01  0.2496E+02
   2.270  0.2862E+01  0.2499E+02
   2.280  0.2727E+01  0.2502E+02
   2.290  0.2650E+01  0.2505E+02
   2.300  0.2593E+01  0.2507E+02
   2.310  0.2599E+01  0.2510E+02
   2.320  0.2621E+01  0.2512E+02
   2.330  0.2594E+01  0.2515E+02
   2.340  0.2594E+01  0.2518E+02
   2.350  0.2576E+01  0.2520E+02
   2.360  0.2570E+01  0.2523E+02
   2.370  0.2563E+01  0.2525E+02
   2.380  0.2556E+01  0.2528E+02
   2.390  0.2550E+01  0.2530E+02
   2.400  0.2546E+01  0.2533E+02
   2.410  0.2544E+01  0.2535E+02
   2.420  0.2541E+01  0.2538E+02
   2.430  0.2544E+01  0.2541E+02
   2.440  0.2547E+01  0.2543E+02
   2.450  0.2552E+01  0.2546E+02
   2.460  0.2578E+01  0.2548E+02
   2.470  0.2603E+01  0.2551E+02
   2.480  0.2673E+01  0.2553E+02
   2.490  0.2806E+01  0.2556E+02
   2.500  0.2493E+01  0.2559E+02
   2.510  0.2392E+01  0.2561E+02
   2.520  0.2370E+01  0.2564E+02
   2.530  0.2383E+01  0.2566E+02
   2.540  0.2527E+01  0.2568E+02
   2.550  0.3180E+01  0.2571E+02
   2.560  0.3263E+01  0.2575E+02
   2.570  0.3544E+01  0.2578E+02
   2.580  0.3697E+01  0.2582E+02
   2.590  0.4162E+01  0.2585E+02
   2.600  0.4232E+01  0.2590E+02
   2.610  0.4640E+01  0.2594E+02
   2.620  0.5479E+01  0.2599E+02
   2.630  0.5230E+01  0.2604E+02
   2.640  0.5446E+01  0.2610E+02
   2.650  0.5539E+01  0.2615E+02
   2.660  0.5674E+01  0.2621E+02
   2.670  0.5727E+01  0.2626E+02
   2.680  0.5866E+01  0.2632E+02
   2.690  0.7258E+01  0.2638E+02
   2.700  0.5679E+01  0.2644E+02
   2.710  0.5715E+01  0.2650E+02
   2.720  0.5792E+01  0.2656E+02
   2.730  0.5526E+01  0.2661E+02
   2.740  0.5946E+01  0.2667E+02
   2.750  0.5905E+01  0.2673E+02
   2.760  0.5677E+01  0.2679E+02
   2.770  0.5581E+01  0.2684E+02
   2.780  0.5523E+01  0.2690E+02
   2.790  0.5529E+01  0.2695E+02
   2.800  0.5508E+01  0.2701E+02
   2.810  0.5653E+01  0.2706E+02
   2.820  0.5812E+01  0.2712E+02
   2.830  0.5830E+01  0.2718E+02
   2.840  0.6083E+01  0.2724E+02
   2.850  0.6409E+01  0.2730E+02
   2.860  0.7161E+01  0.2737E+02
   2.870  0.5527E+01  0.2744E+02
   2.880  0.5439E+01  0.2749E+02
   2.890  0.5359E+01  0.2755E+02
   2.900  0.5255E+01  0.2760E+02
   2.910  0.5244E+01  0.2765E+02
   2.920  0.5241E+01  0.2770E+02
   2.930  0.4871E+01  0.2776E+02
   2.940  0.4428E+01  0.2780E+02
   2.950  0.3941E+01  0.2784E+02
   2.960  0.3918E+01  0.2788E+02
   2.970  0.4098E+01  0.2792E+02
   2.980  0.4174E+01  0.2796E+02
   2.990  0.4315E+01  0.2801E+02
   3.000  0.4632E+01  0.2805E+02
   3.010  0.4870E+01  0.2810E+02
   3.020  0.5245E+01  0.2815E+02
   3.030  0.6706E+01  0.2821E+02
   3.040  0.6338E+01  0.2827E+02
   3.050  0.6243E+01  0.2833E+02
   3.060  0.6486E+01  0.2840E+02
   3.070  0.5966E+01  0.2846E+02
   3.080  0.4985E+01  0.2852E+02
   3.090  0.3758E+01  0.2856E+02
   3.100  0.1828E+01  0.2859E+02
   3.110  0.1793E+01  0.2861E+02
   3.120  0.1779E+01  0.2862E+02
   3.130  0.1757E+01  0.2864E+02
   3.140  0.1741E+01  0.2866E+02
   3.150  0.1677E+01  0.2868E+02
   3.160  0.1633E+01  0.2869E+02
   3.170  0.1586E+01  0.2871E+02
   3.180  0.1565E+01  0.2873E+02
   3.190  0.1555E+01  0.2874E+02
   3.200  0.1558E+01  0.2876E+02
   3.210  0.1553E+01  0.2877E+02
   3.220  0.1549E+01  0.2879E+02
   3.230  0.1547E+01  0.2880E+02
   3.240  0.1547E+01  0.2882E+02
   3.250  0.1547E+01  0.2883E+02
   3.260  0.1546E+01  0.2885E+02
   3.270  0.1546E+01  0.2886E+02
   3.280  0.1546E+01  0.2888E+02
   3.290  0.1546E+01  0.2890E+02
   3.300  0.1546E+01  0.2891E+02
   3.310  0.1547E+01  0.2893E+02
   3.320  0.1544E+01  0.2894E+02
   3.330  0.1541E+01  0.2896E+02
   3.340  0.1541E+01  0.2897E+02
   3.350  0.1541E+01  0.2899E+02
   3.360  0.1544E+01  0.2900E+02
   3.370  0.1551E+01  0.2902E+02
   3.380  0.1558E+01  0.2903E+02
   3.390  0.1565E+01  0.2905E+02
   3.400  0.1573E+01  0.2907E+02
   3.410  0.1580E+01  0.2908E+02
   3.420  0.1587E+01  0.2910E+02
   3.430  0.1594E+01  0.2911E+02
   3.440  0.1608E+01  0.2913E+02
   3.450  0.1622E+01  0.2915E+02
   3.460  0.1632E+01  0.2916E+02
   3.470  0.1642E+01  0.2918E+02
   3.480  0.1653E+01  0.2919E+02
   3.490  0.1664E+01  0.2921E+02
   3.500  0.1677E+01  0.2923E+02
   3.510  0.1695E+01  0.2924E+02
   3.520  0.1710E+01  0.2926E+02
   3.530  0.1716E+01  0.2928E+02
   3.540  0.1728E+01  0.2930E+02
   3.550  0.1741E+01  0.2931E+02
   3.560  0.1759E+01  0.2933E+02
   3.570  0.1780E+01  0.2935E+02
   3.580  0.1802E+01  0.2937E+02
   3.590  0.1823E+01  0.2938E+02
   3.600  0.1844E+01  0.2940E+02
   3.610  0.1864E+01  0.2942E+02
   3.620  0.1885E+01  0.2944E+02
   3.630  0.1907E+01  0.2946E+02
   3.640  0.1930E+01  0.2948E+02
   3.650  0.1958E+01  0.2950E+02
   3.660  0.1996E+01  0.2952E+02
   3.670  0.2034E+01  0.2954E+02
   3.680  0.2090E+01  0.2956E+02
   3.690  0.2128E+01  0.2958E+02
   3.700  0.2140E+01  0.2960E+02
   3.710  0.2150E+01  0.2962E+02
   3.720  0.2154E+01  0.2964E+02
   3.730  0.2159E+01  0.2967E+02
   3.740  0.2165E+01  0.2969E+02
   3.750  0.2172E+01  0.2971E+02
   3.760  0.2181E+01  0.2973E+02
   3.770  0.2190E+01  0.2975E+02
   3.780  0.2199E+01  0.2977E+02
   3.790  0.2210E+01  0.2980E+02
   3.800  0.2225E+01  0.2982E+02
   3.810  0.2267E+01  0.2984E+02
   3.820  0.2357E+01  0.2986E+02
   3.830  0.2439E+01  0.2989E+02
   3.840  0.2526E+01  0.2991E+02
   3.850  0.2535E+01  0.2994E+02
   3.860  0.2591E+01  0.2996E+02
   3.870  0.2645E+01  0.2999E+02
   3.880  0.2687E+01  0.3002E+02
   3.890  0.2726E+01  0.3004E+02
   3.900  0.2780E+01  0.3007E+02
   3.910  0.2935E+01  0.3010E+02
   3.920  0.3430E+01  0.3013E+02
   3.930  0.3685E+01  0.3017E+02
   3.940  0.3697E+01  0.3020E+02
   3.950  0.3259E+01  0.3024E+02
   3.960  0.2934E+01  0.3027E+02
   3.970  0.3041E+01  0.3030E+02
   3.980  0.3026E+01  0.3033E+02
   3.990  0.2619E+01  0.3036E+02
   4.000  0.2106E+01  0.3038E+02
   4.010  0.2150E+01  0.3041E+02
   4.020  0.1980E+01  0.3043E+02
   4.030  0.1930E+01  0.3045E+02
   4.040  0.1906E+01  0.3047E+02
   4.050  0.1884E+01  0.3048E+02
   4.060  0.1980E+01  0.3050E+02
   4.070  0.1792E+01  0.3052E+02
   4.080  0.1770E+01  0.3054E+02
   4.090  0.1744E+01  0.3056E+02
   4.100  0.1717E+01  0.3058E+02
   4.110  0.1668E+01  0.3059E+02
   4.120  0.1651E+01  0.3061E+02
   4.130  0.1642E+01  0.3063E+02
   4.140  0.1625E+01  0.3064E+02
   4.150  0.1609E+01  0.3066E+02
   4.160  0.1594E+01  0.3068E+02
   4.170  0.1821E+01  0.3069E+02
   4.180  0.1600E+01  0.3071E+02
   4.190  0.1646E+01  0.3073E+02
   4.200  0.1684E+01  0.3074E+02
   4.210  0.1727E+01  0.3076E+02
   4.220  0.1766E+01  0.3078E+02
   4.230  0.1796E+01  0.3079E+02
   4.240  0.2018E+01  0.3081E+02
   4.250  0.1834E+01  0.3083E+02
   4.260  0.1854E+01  0.3085E+02
   4.270  0.1874E+01  0.3087E+02
   4.280  0.1894E+01  0.3089E+02
   4.290  0.1917E+01  0.3091E+02
   4.300  0.1956E+01  0.3093E+02
   4.310  0.2023E+01  0.3095E+02
   4.320  0.2103E+01  0.3097E+02
   4.330  0.2047E+01  0.3099E+02
   4.340  0.2081E+01  0.3101E+02
   4.350  0.2118E+01  0.3103E+02
   4.360  0.2148E+01  0.3105E+02
   4.370  0.2375E+01  0.3107E+02
   4.380  0.2747E+01  0.3110E+02
   4.390  0.2785E+01  0.3113E+02
   4.400  0.2809E+01  0.3115E+02
   4.410  0.2503E+01  0.3118E+02
   4.420  0.2341E+01  0.3121E+02
   4.430  0.2248E+01  0.3123E+02
   4.440  0.2213E+01  0.3125E+02
   4.450  0.2186E+01  0.3127E+02
   4.460  0.2154E+01  0.3129E+02
   4.470  0.2110E+01  0.3132E+02
   4.480  0.2166E+01  0.3134E+02
   4.490  0.2120E+01  0.3136E+02
   4.500  0.1990E+01  0.3138E+02
   4.510  0.1950E+01  0.3140E+02
   4.520  0.1910E+01  0.3142E+02
   4.530  0.1782E+01  0.3144E+02
   4.540  0.1697E+01  0.3145E+02
   4.550  0.1656E+01  0.3147E+02
   4.560  0.1808E+01  0.3149E+02
   4.570  0.1901E+01  0.3151E+02
   4.580  0.1994E+01  0.3153E+02
   4.590  0.2143E+01  0.3155E+02
   4.600  0.2430E+01  0.3157E+02
   4.610  0.2320E+01  0.3159E+02
   4.620  0.2082E+01  0.3162E+02
   4.630  0.2126E+01  0.3164E+02
   4.640  0.2141E+01  0.3166E+02
   4.650  0.2302E+01  0.3168E+02
   4.660  0.2593E+01  0.3170E+02
   4.670  0.2777E+01  0.3173E+02
   4.680  0.3104E+01  0.3176E+02
   4.690  0.2937E+01  0.3179E+02
   4.700  0.2965E+01  0.3182E+02
   4.710  0.3021E+01  0.3185E+02
   4.720  0.3112E+01  0.3188E+02
   4.730  0.3216E+01  0.3191E+02
   4.740  0.3672E+01  0.3195E+02
   4.750  0.3902E+01  0.3198E+02
   4.760  0.3817E+01  0.3202E+02
   4.770  0.3925E+01  0.3206E+02
   4.780  0.3999E+01  0.3210E+02
   4.790  0.4646E+01  0.3215E+02
   4.800  0.4819E+01  0.3219E+02
   4.810  0.4793E+01  0.3224E+02
   4.820  0.4857E+01  0.3229E+02
   4.830  0.4984E+01  0.3234E+02
   4.840  0.5250E+01  0.3239E+02
   4.850  0.5426E+01  0.3245E+02
   4.860  0.5466E+01  0.3250E+02
   4.870  0.5403E+01  0.3255E+02
   4.880  0.5182E+01  0.3261E+02
   4.890  0.5430E+01  0.3266E+02
   4.900  0.6065E+01  0.3272E+02
   4.910  0.6971E+01  0.3278E+02
   4.920  0.7493E+01  0.3286E+02
   4.930  0.7874E+01  0.3293E+02
   4.940  0.8320E+01  0.3301E+02
   4.950  0.8022E+01  0.3310E+02
   4.960  0.7879E+01  0.3318E+02
   4.970  0.7927E+01  0.3325E+02
   4.980  0.8119E+01  0.3333E+02
   4.990  0.8317E+01  0.3342E+02
   5.000  0.8680E+01  0.3350E+02
   5.010  0.9182E+01  0.3359E+02
   5.020  0.1301E+02  0.3370E+02
   5.030  0.1549E+02  0.3384E+02
   5.040  0.1541E+02  0.3399E+02
   5.050  0.1567E+02  0.3415E+02
   5.060  0.1562E+02  0.3431E+02
   5.070  0.1564E+02  0.3446E+02
   5.080  0.1486E+02  0.3462E+02
   5.090  0.1193E+02  0.3475E+02
   5.100  0.1049E+02  0.3486E+02
   5.110  0.9014E+01  0.3496E+02
   5.120  0.7990E+01  0.3504E+02
   5.130  0.7169E+01  0.3512E+02
   5.140  0.6475E+01  0.3519E+02
   5.150  0.5638E+01  0.3525E+02
   5.160  0.4805E+01  0.3530E+02
   5.170  0.4625E+01  0.3535E+02
   5.180  0.4486E+01  0.3539E+02
   5.190  0.4321E+01  0.3543E+02
   5.200  0.4222E+01  0.3548E+02
   5.210  0.4174E+01  0.3552E+02
   5.220  0.4005E+01  0.3556E+02
   5.230  0.3982E+01  0.3560E+02
   5.240  0.3870E+01  0.3564E+02
   5.250  0.3788E+01  0.3568E+02
   5.260  0.3708E+01  0.3572E+02
   5.270  0.3598E+01  0.3575E+02
   5.280  0.3427E+01  0.3579E+02
   5.290  0.3422E+01  0.3582E+02
   5.300  0.3255E+01  0.3585E+02
   5.310  0.4333E+01  0.3589E+02
   5.320  0.2565E+01  0.3593E+02
   5.330  0.1617E+01  0.3595E+02
   5.340  0.9454E+00  0.3596E+02
   5.350  0.8407E+00  0.3597E+02
   5.360  0.9163E+00  0.3598E+02
   5.370  0.7859E+00  0.3599E+02
   5.380  0.6487E+00  0.3599E+02
   5.390  0.7849E-01  0.3600E+02
   5.400  0.0000E+00  0.3600E+02
   5.410  0.0000E+00  0.3600E+02
   5.420  0.0000E+00  0.3600E+02
   5.430  0.0000E+00  0.3600E+02
   5.440  0.0000E+00  0.3600E+02
   5.450  0.0000E+00  0.3600E+02
   5.460  0.0000E+00  0.3600E+02
   5.470  0.0000E+00  0.3600E+02
   5.480  0.0000E+00  0.3600E+02
   5.490  0.0000E+00  0.3600E+02
   5.500  0.0000E+00  0.3600E+02
   5.510  0.0000E+00  0.3600E+02
   5.520  0.0000E+00  0.3600E+02
   5.530  0.0000E+00  0.3600E+02
   5.540  0.0000E+00  0.3600E+02
   5.550  0.0000E+00  0.3600E+02
   5.560  0.0000E+00  0.3600E+02
   5.570  0.0000E+00  0.3600E+02
   5.580  0.0000E+00  0.3600E+02
   5.590  0.0000E+00  0.3600E+02
   5.600  0.0000E+00  0.3600E+02
   5.610  0.0000E+00  0.3600E+02
   5.620  0.0000E+00  0.3600E+02
   5.630  0.0000E+00  0.3600E+02
   5.640  0.0000E+00  0.3600E+02
   5.650  0.0000E+00  0.3600E+02
   5.660  0.0000E+00  0.3600E+02
   5.670  0.0000E+00  0.3600E+02
   5.680  0.0000E+00  0.3600E+02
   5.690  0.0000E+00  0.3600E+02
   5.700  0.0000E+00  0.3600E+02
   5.710  0.0000E+00  0.3600E+02
   5.720  0.0000E+00  0.3600E+02
   5.730  0.0000E+00  0.3600E+02
   5.740  0.0000E+00  0.3600E+02
   5.750  0.0000E+00  0.3600E+02
   5.760  0.0000E+00  0.3600E+02
   5.770  0.0000E+00  0.3600E+02
   5.780  0.0000E+00  0.3600E+02
   5.790  0.0000E+00  0.3600E+02
   5.800  0.0000E+00  0.3600E+02
   5.810  0.0000E+00  0.3600E+02
   5.820  0.0000E+00  0.3600E+02
   5.830  0.0000E+00  0.3600E+02
   5.840  0.0000E+00  0.3600E+02
   5.850  0.0000E+00  0.3600E+02
   5.860  0.0000E+00  0.3600E+02
   5.870  0.0000E+00  0.3600E+02
   5.880  0.0000E+00  0.3600E+02
   5.890  0.0000E+00  0.3600E+02
   5.900  0.0000E+00  0.3600E+02
   5.910  0.0000E+00  0.3600E+02
   5.920  0.0000E+00  0.3600E+02
   5.930  0.0000E+00  0.3600E+02
   5.940  0.0000E+00  0.3600E+02
   5.950  0.0000E+00  0.3600E+02
   5.960  0.0000E+00  0.3600E+02
   5.970  0.0000E+00  0.3600E+02
   5.980  0.0000E+00  0.3600E+02
   5.990  0.0000E+00  0.3600E+02
   6.000  0.0000E+00  0.3600E+02
   6.010  0.0000E+00  0.3600E+02
   6.020  0.0000E+00  0.3600E+02
   6.030  0.0000E+00  0.3600E+02
   6.040  0.0000E+00  0.3600E+02
   6.050  0.0000E+00  0.3600E+02
   6.060  0.0000E+00  0.3600E+02
   6.070  0.0000E+00  0.3600E+02
   6.080  0.0000E+00  0.3600E+02
   6.090  0.0000E+00  0.3600E+02
   6.100  0.0000E+00  0.3600E+02
   6.110  0.0000E+00  0.3600E+02
   6.120  0.0000E+00  0.3600E+02
   6.130  0.0000E+00  0.3600E+02
   6.140  0.0000E+00  0.3600E+02
   6.150  0.0000E+00  0.3600E+02
   6.160  0.0000E+00  0.3600E+02
   6.170  0.0000E+00  0.3600E+02
   6.180  0.0000E+00  0.3600E+02
   6.190  0.0000E+00  0.3600E+02
   6.200  0.0000E+00  0.3600E+02
   6.210  0.0000E+00  0.3600E+02
   6.220  0.0000E+00  0.3600E+02
   6.230  0.0000E+00  0.3600E+02
   6.240  0.0000E+00  0.3600E+02
   6.250  0.0000E+00  0.3600E+02
   6.260  0.0000E+00  0.3600E+02
   6.270  0.0000E+00  0.3600E+02
   6.280  0.0000E+00  0.3600E+02
   6.290  0.0000E+00  0.3600E+02
   6.300  0.0000E+00  0.3600E+02
   6.310  0.0000E+00  0.3600E+02
   6.320  0.0000E+00  0.3600E+02
   6.330  0.0000E+00  0.3600E+02
   6.340  0.0000E+00  0.3600E+02
   6.350  0.0000E+00  0.3600E+02
   6.360  0.0000E+00  0.3600E+02
   6.370  0.0000E+00  0.3600E+02
   6.380  0.0000E+00  0.3600E+02
   6.390  0.0000E+00  0.3600E+02
   6.400  0.0000E+00  0.3600E+02
   6.410  0.0000E+00  0.3600E+02
   6.420  0.0000E+00  0.3600E+02
   6.430  0.0000E+00  0.3600E+02
   6.440  0.0000E+00  0.3600E+02
   6.450  0.0000E+00  0.3600E+02
   6.460  0.0000E+00  0.3600E+02
   6.470  0.0000E+00  0.3600E+02
   6.480  0.0000E+00  0.3600E+02
   6.490  0.0000E+00  0.3600E+02
   6.500  0.0000E+00  0.3600E+02
   6.510  0.0000E+00  0.3600E+02
   6.520  0.0000E+00  0.3600E+02
   6.530  0.0000E+00  0.3600E+02
   6.540  0.0000E+00  0.3600E+02
   6.550  0.0000E+00  0.3600E+02
   6.560  0.0000E+00  0.3600E+02
   6.570  0.0000E+00  0.3600E+02
   6.580  0.0000E+00  0.3600E+02
   6.590  0.0000E+00  0.3600E+02
   6.600  0.0000E+00  0.3600E+02
   6.610  0.0000E+00  0.3600E+02
   6.620  0.0000E+00  0.3600E+02
   6.630  0.0000E+00  0.3600E+02
   6.640  0.0000E+00  0.3600E+02
   6.650  0.0000E+00  0.3600E+02
   6.660  0.0000E+00  0.3600E+02
   6.670  0.0000E+00  0.3600E+02
   6.680  0.0000E+00  0.3600E+02
   6.690  0.0000E+00  0.3600E+02
   6.700  0.0000E+00  0.3600E+02
   6.710  0.0000E+00  0.3600E+02
   6.720  0.0000E+00  0.3600E+02
   6.730  0.0000E+00  0.3600E+02
   6.740  0.0000E+00  0.3600E+02
   6.750  0.0000E+00  0.3600E+02
   6.760  0.0000E+00  0.3600E+02
   6.770  0.9433E-05  0.3600E+02
   6.780  0.9794E-03  0.3600E+02
   6.790  0.4598E-02  0.3600E+02
   6.800  0.7084E-02  0.3600E+02
   6.810  0.9883E-02  0.3600E+02
   6.820  0.1305E-01  0.3600E+02
   6.830  0.1667E-01  0.3600E+02
   6.840  0.1951E-01  0.3600E+02
   6.850  0.2237E-01  0.3600E+02
   6.860  0.2541E-01  0.3600E+02
   6.870  0.2864E-01  0.3600E+02
   6.880  0.3205E-01  0.3600E+02
   6.890  0.3548E-01  0.3600E+02
   6.900  0.3875E-01  0.3600E+02
   6.910  0.4192E-01  0.3600E+02
   6.920  0.4503E-01  0.3600E+02
   6.930  0.4822E-01  0.3600E+02
   6.940  0.5155E-01  0.3600E+02
   6.950  0.5502E-01  0.3600E+02
   6.960  0.5862E-01  0.3601E+02
   6.970  0.6486E-01  0.3601E+02
   6.980  0.9510E-01  0.3601E+02
   6.990  0.1240E+00  0.3601E+02
   7.000  0.1534E+00  0.3601E+02
   7.010  0.1866E+00  0.3601E+02
   7.020  0.2233E+00  0.3601E+02
   7.030  0.2526E+00  0.3602E+02
   7.040  0.2829E+00  0.3602E+02
   7.050  0.3152E+00  0.3602E+02
   7.060  0.3493E+00  0.3602E+02
   7.070  0.3851E+00  0.3603E+02
   7.080  0.4188E+00  0.3603E+02
   7.090  0.4515E+00  0.3604E+02
   7.100  0.4834E+00  0.3604E+02
   7.110  0.5160E+00  0.3605E+02
   7.120  0.6328E+00  0.3605E+02
   7.130  0.7144E+00  0.3606E+02
   7.140  0.7520E+00  0.3607E+02
   7.150  0.7863E+00  0.3607E+02
   7.160  0.8501E+00  0.3608E+02
   7.170  0.7781E+00  0.3609E+02
   7.180  0.7892E+00  0.3610E+02
   7.190  0.8113E+00  0.3611E+02
   7.200  0.8618E+00  0.3611E+02
   7.210  0.8918E+00  0.3612E+02
   7.220  0.9009E+00  0.3613E+02
   7.230  0.9017E+00  0.3614E+02
   7.240  0.9180E+00  0.3615E+02
   7.250  0.9049E+00  0.3616E+02
   7.260  0.9245E+00  0.3617E+02
   7.270  0.9297E+00  0.3618E+02
   7.280  0.9410E+00  0.3619E+02
   7.290  0.9597E+00  0.3620E+02
   7.300  0.9547E+00  0.3621E+02
   7.310  0.9471E+00  0.3622E+02
   7.320  0.9488E+00  0.3623E+02
   7.330  0.9609E+00  0.3624E+02
   7.340  0.9690E+00  0.3625E+02
   7.350  0.9772E+00  0.3625E+02
   7.360  0.9868E+00  0.3626E+02
   7.370  0.1016E+01  0.3627E+02
   7.380  0.1101E+01  0.3629E+02
   7.390  0.1161E+01  0.3630E+02
   7.400  0.1220E+01  0.3631E+02
   7.410  0.1322E+01  0.3632E+02
   7.420  0.1379E+01  0.3634E+02
   7.430  0.1418E+01  0.3635E+02
   7.440  0.1448E+01  0.3636E+02
   7.450  0.1477E+01  0.3638E+02
   7.460  0.1481E+01  0.3639E+02
   7.470  0.1628E+01  0.3641E+02
   7.480  0.1758E+01  0.3643E+02
   7.490  0.1847E+01  0.3644E+02
   7.500  0.1939E+01  0.3646E+02
   7.510  0.2106E+01  0.3648E+02
   7.520  0.2286E+01  0.3651E+02
   7.530  0.2418E+01  0.3653E+02
   7.540  0.2626E+01  0.3656E+02
   7.550  0.2804E+01  0.3658E+02
   7.560  0.3002E+01  0.3661E+02
   7.570  0.3181E+01  0.3664E+02
   7.580  0.3434E+01  0.3668E+02
   7.590  0.3718E+01  0.3671E+02
   7.600  0.3851E+01  0.3675E+02
   7.610  0.3416E+01  0.3679E+02
   7.620  0.3314E+01  0.3682E+02
   7.630  0.3292E+01  0.3685E+02
   7.640  0.3310E+01  0.3688E+02
   7.650  0.3348E+01  0.3692E+02
   7.660  0.3670E+01  0.3695E+02
   7.670  0.3524E+01  0.3699E+02
   7.680  0.3446E+01  0.3702E+02
   7.690  0.3385E+01  0.3706E+02
   7.700  0.3317E+01  0.3709E+02
   7.710  0.3244E+01  0.3712E+02
   7.720  0.3198E+01  0.3716E+02
   7.730  0.3113E+01  0.3719E+02
   7.740  0.3012E+01  0.3722E+02
   7.750  0.2919E+01  0.3725E+02
   7.760  0.2832E+01  0.3728E+02
   7.770  0.2723E+01  0.3730E+02
   7.780  0.2615E+01  0.3733E+02
   7.790  0.2534E+01  0.3736E+02
   7.800  0.2471E+01  0.3738E+02
   7.810  0.2407E+01  0.3741E+02
   7.820  0.2352E+01  0.3743E+02
   7.830  0.2300E+01  0.3745E+02
   7.840  0.2251E+01  0.3748E+02
   7.850  0.2208E+01  0.3750E+02
   7.860  0.2164E+01  0.3752E+02
   7.870  0.2123E+01  0.3754E+02
   7.880  0.2087E+01  0.3756E+02
   7.890  0.2055E+01  0.3758E+02
   7.900  0.2025E+01  0.3760E+02
   7.910  0.2001E+01  0.3762E+02
   7.920  0.1982E+01  0.3764E+02
   7.930  0.2023E+01  0.3766E+02
   7.940  0.2018E+01  0.3768E+02
   7.950  0.2012E+01  0.3770E+02
   7.960  0.2018E+01  0.3773E+02
   7.970  0.1960E+01  0.3774E+02
   7.980  0.1945E+01  0.3776E+02
   7.990  0.1942E+01  0.3778E+02
   8.000  0.1938E+01  0.3780E+02
   8.010  0.1923E+01  0.3782E+02
   8.020  0.1904E+01  0.3784E+02
   8.030  0.1886E+01  0.3786E+02
   8.040  0.1875E+01  0.3788E+02
   8.050  0.1867E+01  0.3790E+02
   8.060  0.1863E+01  0.3792E+02
   8.070  0.1858E+01  0.3794E+02
   8.080  0.1848E+01  0.3795E+02
   8.090  0.1844E+01  0.3797E+02
   8.100  0.1838E+01  0.3799E+02
   8.110  0.1831E+01  0.3801E+02
   8.120  0.1827E+01  0.3803E+02
   8.130  0.1821E+01  0.3805E+02
   8.140  0.1815E+01  0.3806E+02
   8.150  0.1802E+01  0.3808E+02
   8.160  0.1800E+01  0.3810E+02
   8.170  0.1797E+01  0.3812E+02
   8.180  0.1796E+01  0.3814E+02
   8.190  0.1793E+01  0.3815E+02
   8.200  0.1790E+01  0.3817E+02
   8.210  0.1788E+01  0.3819E+02
   8.220  0.1786E+01  0.3821E+02
   8.230  0.1786E+01  0.3823E+02
   8.240  0.1784E+01  0.3824E+02
   8.250  0.1778E+01  0.3826E+02
   8.260  0.1776E+01  0.3828E+02
   8.270  0.1775E+01  0.3830E+02
   8.280  0.1778E+01  0.3831E+02
   8.290  0.1782E+01  0.3833E+02
   8.300  0.1785E+01  0.3835E+02
   8.310  0.1788E+01  0.3837E+02
   8.320  0.1787E+01  0.3839E+02
   8.330  0.1784E+01  0.3840E+02
   8.340  0.1784E+01  0.3842E+02
   8.350  0.1774E+01  0.3844E+02
   8.360  0.1771E+01  0.3846E+02
   8.370  0.1771E+01  0.3847E+02
   8.380  0.1773E+01  0.3849E+02
   8.390  0.1773E+01  0.3851E+02
   8.400  0.1775E+01  0.3853E+02
   8.410  0.1779E+01  0.3855E+02
   8.420  0.1781E+01  0.3856E+02
   8.430  0.1782E+01  0.3858E+02
   8.440  0.1782E+01  0.3860E+02
   8.450  0.1784E+01  0.3862E+02
   8.460  0.1786E+01  0.3863E+02
   8.470  0.1792E+01  0.3865E+02
   8.480  0.1800E+01  0.3867E+02
   8.490  0.1812E+01  0.3869E+02
   8.500  0.1824E+01  0.3871E+02
   8.510  0.1839E+01  0.3873E+02
   8.520  0.1852E+01  0.3874E+02
   8.530  0.1875E+01  0.3876E+02
   8.540  0.1897E+01  0.3878E+02
   8.550  0.1917E+01  0.3880E+02
   8.560  0.1937E+01  0.3882E+02
   8.570  0.1957E+01  0.3884E+02
   8.580  0.1977E+01  0.3886E+02
   8.590  0.1996E+01  0.3888E+02
   8.600  0.2019E+01  0.3890E+02
   8.610  0.2036E+01  0.3892E+02
   8.620  0.2044E+01  0.3894E+02
   8.630  0.2047E+01  0.3896E+02
   8.640  0.2093E+01  0.3898E+02
   8.650  0.2000E+01  0.3900E+02
   8.660  0.1874E+01  0.3902E+02
   8.670  0.1841E+01  0.3904E+02
   8.680  0.1811E+01  0.3906E+02
   8.690  0.1787E+01  0.3908E+02
   8.700  0.1773E+01  0.3909E+02
   8.710  0.1750E+01  0.3911E+02
   8.720  0.1731E+01  0.3913E+02
   8.730  0.1716E+01  0.3915E+02
   8.740  0.1755E+01  0.3916E+02
   8.750  0.1697E+01  0.3918E+02
   8.760  0.1675E+01  0.3920E+02
   8.770  0.1666E+01  0.3921E+02
   8.780  0.1658E+01  0.3923E+02
   8.790  0.1657E+01  0.3925E+02
   8.800  0.1654E+01  0.3926E+02
   8.810  0.1651E+01  0.3928E+02
   8.820  0.1656E+01  0.3930E+02
   8.830  0.1661E+01  0.3931E+02
   8.840  0.1672E+01  0.3933E+02
   8.850  0.1683E+01  0.3935E+02
   8.860  0.1695E+01  0.3936E+02
   8.870  0.1710E+01  0.3938E+02
   8.880  0.1725E+01  0.3940E+02
   8.890  0.1758E+01  0.3942E+02
   8.900  0.1796E+01  0.3943E+02
   8.910  0.1907E+01  0.3945E+02
   8.920  0.1919E+01  0.3947E+02
   8.930  0.1902E+01  0.3949E+02
   8.940  0.1822E+01  0.3951E+02
   8.950  0.1807E+01  0.3953E+02
   8.960  0.1756E+01  0.3954E+02
   8.970  0.1707E+01  0.3956E+02
   8.980  0.1666E+01  0.3958E+02
   8.990  0.1620E+01  0.3959E+02
   9.000  0.1593E+01  0.3961E+02
   9.010  0.1573E+01  0.3963E+02
   9.020  0.1520E+01  0.3964E+02
   9.030  0.1483E+01  0.3966E+02
   9.040  0.1461E+01  0.3967E+02
   9.050  0.1452E+01  0.3969E+02
   9.060  0.1448E+01  0.3970E+02
   9.070  0.1430E+01  0.3972E+02
   9.080  0.1396E+01  0.3973E+02
   9.090  0.1375E+01  0.3974E+02
   9.100  0.1364E+01  0.3976E+02
   9.110  0.1343E+01  0.3977E+02
   9.120  0.1284E+01  0.3978E+02
   9.130  0.1222E+01  0.3980E+02
   9.140  0.1197E+01  0.3981E+02
   9.150  0.1159E+01  0.3982E+02
   9.160  0.1121E+01  0.3983E+02
   9.170  0.1081E+01  0.3984E+02
   9.180  0.1035E+01  0.3985E+02
   9.190  0.9932E+00  0.3986E+02
   9.200  0.9453E+00  0.3987E+02
   9.210  0.9013E+00  0.3988E+02
   9.220  0.8613E+00  0.3989E+02
   9.230  0.8235E+00  0.3990E+02
   9.240  0.7607E+00  0.3991E+02
   9.250  0.7096E+00  0.3991E+02
   9.260  0.7241E+00  0.3992E+02
   9.270  0.6686E+00  0.3993E+02
   9.280  0.6374E+00  0.3994E+02
   9.290  0.6522E+00  0.3994E+02
   9.300  0.6470E+00  0.3995E+02
   9.310  0.6376E+00  0.3996E+02
   9.320  0.6300E+00  0.3996E+02
   9.330  0.6275E+00  0.3997E+02
   9.340  0.6261E+00  0.3997E+02
   9.350  0.6349E+00  0.3998E+02
   9.360  0.5634E+00  0.3999E+02
   9.370  0.5101E+00  0.3999E+02
   9.380  0.4916E+00  0.4000E+02
   9.390  0.4781E+00  0.4000E+02
   9.400  0.4724E+00  0.4001E+02
   9.410  0.4733E+00  0.4001E+02
   9.420  0.4794E+00  0.4002E+02
   9.430  0.4913E+00  0.4002E+02
   9.440  0.5092E+00  0.4003E+02
   9.450  0.5320E+00  0.4003E+02
   9.460  0.5604E+00  0.4004E+02
   9.470  0.5934E+00  0.4004E+02
   9.480  0.6561E+00  0.4005E+02
   9.490  0.7421E+00  0.4006E+02
   9.500  0.8817E+00  0.4006E+02
   9.510  0.1117E+01  0.4007E+02
   9.520  0.1332E+01  0.4009E+02
   9.530  0.1654E+01  0.4010E+02
   9.540  0.1993E+01  0.4012E+02
   9.550  0.2090E+01  0.4014E+02
   9.560  0.2274E+01  0.4016E+02
   9.570  0.2451E+01  0.4018E+02
   9.580  0.2629E+01  0.4021E+02
   9.590  0.2866E+01  0.4024E+02
   9.600  0.2982E+01  0.4027E+02
   9.610  0.3246E+01  0.4030E+02
   9.620  0.3651E+01  0.4033E+02
   9.630  0.4270E+01  0.4037E+02
   9.640  0.4357E+01  0.4041E+02
   9.650  0.4350E+01  0.4046E+02
   9.660  0.4105E+01  0.4050E+02
   9.670  0.3958E+01  0.4054E+02
   9.680  0.3846E+01  0.4058E+02
   9.690  0.3829E+01  0.4062E+02
   9.700  0.3679E+01  0.4066E+02
   9.710  0.3803E+01  0.4069E+02
   9.720  0.4117E+01  0.4073E+02
   9.730  0.4631E+01  0.4078E+02
   9.740  0.4556E+01  0.4082E+02
   9.750  0.4032E+01  0.4087E+02
   9.760  0.3742E+01  0.4091E+02
   9.770  0.3604E+01  0.4094E+02
   9.780  0.3573E+01  0.4098E+02
   9.790  0.3678E+01  0.4101E+02
   9.800  0.3706E+01  0.4105E+02
   9.810  0.3773E+01  0.4109E+02
   9.820  0.3844E+01  0.4113E+02
   9.830  0.3921E+01  0.4117E+02
   9.840  0.4081E+01  0.4121E+02
   9.850  0.4066E+01  0.4125E+02
   9.860  0.4976E+01  0.4129E+02
   9.870  0.4949E+01  0.4134E+02
   9.880  0.4843E+01  0.4139E+02
   9.890  0.4914E+01  0.4144E+02
   9.900  0.5026E+01  0.4149E+02
   9.910  0.5066E+01  0.4154E+02
   9.920  0.5224E+01  0.4159E+02
   9.930  0.5348E+01  0.4164E+02
   9.940  0.5571E+01  0.4170E+02
   9.950  0.5701E+01  0.4175E+02
   9.960  0.5882E+01  0.4181E+02
   9.970  0.5830E+01  0.4187E+02
   9.980  0.5951E+01  0.4193E+02
   9.990  0.6127E+01  0.4199E+02
  10.000  0.6147E+01  0.4205E+02
  10.010  0.6067E+01  0.4211E+02
  10.020  0.6117E+01  0.4217E+02
  10.030  0.6141E+01  0.4223E+02
  10.040  0.6262E+01  0.4230E+02
  10.050  0.6224E+01  0.4236E+02
  10.060  0.6203E+01  0.4242E+02
  10.070  0.6250E+01  0.4248E+02
  10.080  0.6154E+01  0.4255E+02
  10.090  0.6136E+01  0.4261E+02
  10.100  0.5859E+01  0.4267E+02
  10.110  0.5640E+01  0.4273E+02
  10.120  0.5588E+01  0.4278E+02
  10.130  0.5448E+01  0.4284E+02
  10.140  0.5653E+01  0.4289E+02
  10.150  0.6769E+01  0.4295E+02
  10.160  0.5375E+01  0.4301E+02
  10.170  0.5183E+01  0.4306E+02
  10.180  0.4937E+01  0.4311E+02
  10.190  0.4398E+01  0.4316E+02
  10.200  0.3825E+01  0.4320E+02
  10.210  0.3007E+01  0.4323E+02
  10.220  0.2593E+01  0.4326E+02
  10.230  0.2321E+01  0.4328E+02
  10.240  0.2110E+01  0.4331E+02
  10.250  0.2002E+01  0.4333E+02
  10.260  0.2063E+01  0.4335E+02
  10.270  0.2007E+01  0.4337E+02
  10.280  0.2024E+01  0.4339E+02
  10.290  0.2044E+01  0.4341E+02
  10.300  0.2021E+01  0.4343E+02
  10.310  0.2000E+01  0.4345E+02
  10.320  0.2033E+01  0.4347E+02
  10.330  0.2075E+01  0.4349E+02
  10.340  0.2076E+01  0.4351E+02
  10.350  0.2109E+01  0.4353E+02
  10.360  0.2174E+01  0.4355E+02
  10.370  0.2256E+01  0.4358E+02
  10.380  0.2352E+01  0.4360E+02
  10.390  0.2618E+01  0.4362E+02
  10.400  0.2841E+01  0.4365E+02
  10.410  0.3023E+01  0.4368E+02
  10.420  0.3200E+01  0.4371E+02
  10.430  0.3467E+01  0.4374E+02
  10.440  0.3645E+01  0.4378E+02
  10.450  0.3839E+01  0.4382E+02
  10.460  0.4058E+01  0.4386E+02
  10.470  0.4310E+01  0.4390E+02
  10.480  0.4335E+01  0.4394E+02
  10.490  0.4414E+01  0.4399E+02
  10.500  0.4505E+01  0.4403E+02
  10.510  0.4791E+01  0.4408E+02
  10.520  0.5030E+01  0.4413E+02
  10.530  0.4986E+01  0.4418E+02
  10.540  0.5082E+01  0.4423E+02
  10.550  0.5164E+01  0.4428E+02
  10.560  0.5350E+01  0.4433E+02
  10.570  0.5355E+01  0.4438E+02
  10.580  0.5206E+01  0.4444E+02
  10.590  0.5309E+01  0.4449E+02
  10.600  0.5247E+01  0.4454E+02
  10.610  0.5135E+01  0.4460E+02
  10.620  0.5238E+01  0.4465E+02
  10.630  0.5523E+01  0.4470E+02
  10.640  0.5825E+01  0.4476E+02
  10.650  0.5864E+01  0.4482E+02
  10.660  0.5902E+01  0.4487E+02
  10.670  0.6735E+01  0.4494E+02
  10.680  0.6613E+01  0.4500E+02
  10.690  0.6612E+01  0.4507E+02
  10.700  0.6868E+01  0.4514E+02
  10.710  0.7340E+01  0.4521E+02
  10.720  0.7003E+01  0.4528E+02
  10.730  0.6952E+01  0.4535E+02
  10.740  0.6431E+01  0.4542E+02
  10.750  0.6067E+01  0.4548E+02
  10.760  0.5838E+01  0.4554E+02
  10.770  0.5631E+01  0.4560E+02
  10.780  0.5444E+01  0.4565E+02
  10.790  0.5302E+01  0.4570E+02
  10.800  0.5145E+01  0.4576E+02
  10.810  0.4938E+01  0.4581E+02
  10.820  0.4651E+01  0.4586E+02
  10.830  0.4427E+01  0.4590E+02
  10.840  0.4225E+01  0.4594E+02
  10.850  0.4073E+01  0.4599E+02
  10.860  0.3959E+01  0.4603E+02
  10.870  0.3821E+01  0.4606E+02
  10.880  0.3665E+01  0.4610E+02
  10.890  0.3578E+01  0.4614E+02
  10.900  0.3480E+01  0.4617E+02
  10.910  0.3384E+01  0.4621E+02
  10.920  0.3327E+01  0.4624E+02
  10.930  0.3261E+01  0.4627E+02
  10.940  0.3211E+01  0.4631E+02
  10.950  0.3208E+01  0.4634E+02
  10.960  0.3120E+01  0.4637E+02
  10.970  0.2985E+01  0.4640E+02
  10.980  0.2924E+01  0.4643E+02
  10.990  0.2866E+01  0.4646E+02
  11.000  0.2810E+01  0.4649E+02
  11.010  0.2738E+01  0.4652E+02
  11.020  0.2717E+01  0.4654E+02
  11.030  0.2686E+01  0.4657E+02
  11.040  0.2670E+01  0.4660E+02
  11.050  0.2655E+01  0.4662E+02
  11.060  0.2931E+01  0.4665E+02
  11.070  0.3357E+01  0.4668E+02
  11.080  0.3283E+01  0.4672E+02
  11.090  0.3312E+01  0.4675E+02
  11.100  0.3404E+01  0.4678E+02
  11.110  0.3390E+01  0.4682E+02
  11.120  0.3445E+01  0.4685E+02
  11.130  0.3613E+01  0.4689E+02
  11.140  0.3749E+01  0.4692E+02
  11.150  0.4002E+01  0.4696E+02
  11.160  0.4439E+01  0.4700E+02
  11.170  0.4917E+01  0.4705E+02
  11.180  0.5828E+01  0.4711E+02
  11.190  0.5345E+01  0.4716E+02
  11.200  0.5032E+01  0.4722E+02
  11.210  0.5147E+01  0.4727E+02
  11.220  0.5351E+01  0.4732E+02
  11.230  0.5730E+01  0.4738E+02
  11.240  0.6015E+01  0.4743E+02
  11.250  0.6168E+01  0.4750E+02
  11.260  0.5875E+01  0.4756E+02
  11.270  0.5831E+01  0.4762E+02
  11.280  0.5936E+01  0.4767E+02
  11.290  0.6073E+01  0.4773E+02
  11.300  0.6285E+01  0.4780E+02
  11.310  0.5972E+01  0.4786E+02
  11.320  0.5672E+01  0.4792E+02
  11.330  0.5527E+01  0.4797E+02
  11.340  0.5414E+01  0.4803E+02
  11.350  0.5377E+01  0.4808E+02
  11.360  0.5323E+01  0.4814E+02
  11.370  0.5275E+01  0.4819E+02
  11.380  0.5247E+01  0.4824E+02
  11.390  0.5297E+01  0.4829E+02
  11.400  0.5350E+01  0.4835E+02
  11.410  0.5297E+01  0.4840E+02
  11.420  0.5231E+01  0.4845E+02
  11.430  0.5149E+01  0.4850E+02
  11.440  0.5137E+01  0.4856E+02
  11.450  0.5140E+01  0.4861E+02
  11.460  0.5094E+01  0.4866E+02
  11.470  0.5164E+01  0.4871E+02
  11.480  0.5333E+01  0.4876E+02
  11.490  0.4399E+01  0.4881E+02
  11.500  0.4333E+01  0.4886E+02
  11.510  0.4267E+01  0.4890E+02
  11.520  0.4158E+01  0.4894E+02
  11.530  0.4087E+01  0.4898E+02
  11.540  0.4033E+01  0.4902E+02
  11.550  0.3976E+01  0.4906E+02
  11.560  0.3863E+01  0.4910E+02
  11.570  0.3780E+01  0.4914E+02
  11.580  0.3744E+01  0.4918E+02
  11.590  0.3745E+01  0.4921E+02
  11.600  0.3763E+01  0.4925E+02
  11.610  0.3786E+01  0.4929E+02
  11.620  0.3708E+01  0.4933E+02
  11.630  0.3692E+01  0.4936E+02
  11.640  0.3660E+01  0.4940E+02
  11.650  0.3628E+01  0.4944E+02
  11.660  0.3585E+01  0.4947E+02
  11.670  0.3604E+01  0.4951E+02
  11.680  0.3630E+01  0.4955E+02
  11.690  0.3586E+01  0.4958E+02
  11.700  0.3546E+01  0.4962E+02
  11.710  0.3538E+01  0.4965E+02
  11.720  0.3559E+01  0.4969E+02
  11.730  0.3576E+01  0.4973E+02
  11.740  0.3598E+01  0.4976E+02
  11.750  0.3620E+01  0.4980E+02
  11.760  0.3677E+01  0.4983E+02
  11.770  0.3861E+01  0.4987E+02
  11.780  0.4110E+01  0.4991E+02
  11.790  0.4254E+01  0.4995E+02
  11.800  0.4411E+01  0.5000E+02
  11.810  0.4492E+01  0.5004E+02
  11.820  0.4705E+01  0.5009E+02
  11.830  0.4891E+01  0.5013E+02
  11.840  0.4877E+01  0.5018E+02
  11.850  0.5174E+01  0.5023E+02
  11.860  0.4916E+01  0.5028E+02
  11.870  0.5034E+01  0.5033E+02
  11.880  0.5241E+01  0.5039E+02
  11.890  0.5474E+01  0.5044E+02
  11.900  0.5341E+01  0.5049E+02
  11.910  0.5353E+01  0.5055E+02
  11.920  0.5339E+01  0.5060E+02
  11.930  0.5375E+01  0.5065E+02
  11.940  0.5425E+01  0.5071E+02
  11.950  0.5600E+01  0.5076E+02
  11.960  0.5642E+01  0.5082E+02
  11.970  0.5647E+01  0.5088E+02
  11.980  0.5707E+01  0.5093E+02
  11.990  0.5732E+01  0.5099E+02
  12.000  0.5701E+01  0.5105E+02
  12.010  0.5693E+01  0.5110E+02
  12.020  0.5682E+01  0.5116E+02
  12.030  0.5722E+01  0.5122E+02
  12.040  0.5800E+01  0.5127E+02
  12.050  0.5826E+01  0.5133E+02
  12.060  0.5892E+01  0.5139E+02
  12.070  0.5958E+01  0.5145E+02
  12.080  0.6001E+01  0.5151E+02
  12.090  0.6078E+01  0.5157E+02
  12.100  0.6127E+01  0.5163E+02
  12.110  0.6013E+01  0.5169E+02
  12.120  0.5890E+01  0.5175E+02
  12.130  0.5865E+01  0.5181E+02
  12.140  0.5877E+01  0.5187E+02
  12.150  0.5917E+01  0.5193E+02
  12.160  0.6006E+01  0.5199E+02
  12.170  0.6132E+01  0.5205E+02
  12.180  0.6245E+01  0.5211E+02
  12.190  0.6113E+01  0.5217E+02
  12.200  0.6043E+01  0.5223E+02
  12.210  0.5662E+01  0.5229E+02
  12.220  0.5561E+01  0.5235E+02
  12.230  0.5550E+01  0.5240E+02
  12.240  0.5509E+01  0.5246E+02
  12.250  0.5607E+01  0.5251E+02
  12.260  0.5777E+01  0.5257E+02
  12.270  0.6249E+01  0.5263E+02
  12.280  0.6556E+01  0.5269E+02
  12.290  0.6633E+01  0.5276E+02
  12.300  0.6843E+01  0.5283E+02
  12.310  0.7324E+01  0.5290E+02
  12.320  0.7828E+01  0.5297E+02
  12.330  0.8543E+01  0.5306E+02
  12.340  0.8360E+01  0.5314E+02
  12.350  0.8010E+01  0.5322E+02
  12.360  0.7895E+01  0.5330E+02
  12.370  0.7972E+01  0.5338E+02
  12.380  0.8242E+01  0.5347E+02
  12.390  0.7245E+01  0.5354E+02
  12.400  0.6637E+01  0.5361E+02
  12.410  0.6147E+01  0.5368E+02
  12.420  0.5822E+01  0.5374E+02
  12.430  0.5426E+01  0.5379E+02
  12.440  0.5097E+01  0.5385E+02
  12.450  0.4735E+01  0.5389E+02
  12.460  0.4508E+01  0.5394E+02
  12.470  0.4405E+01  0.5399E+02
  12.480  0.4360E+01  0.5403E+02
  12.490  0.4302E+01  0.5407E+02
  12.500  0.4241E+01  0.5412E+02
  12.510  0.4203E+01  0.5416E+02
  12.520  0.4134E+01  0.5420E+02
  12.530  0.4190E+01  0.5424E+02
  12.540  0.4089E+01  0.5428E+02
  12.550  0.4082E+01  0.5432E+02
  12.560  0.3970E+01  0.5436E+02
  12.570  0.3854E+01  0.5440E+02
  12.580  0.3784E+01  0.5444E+02
  12.590  0.3880E+01  0.5448E+02
  12.600  0.3930E+01  0.5452E+02
  12.610  0.3952E+01  0.5456E+02
  12.620  0.3910E+01  0.5460E+02
  12.630  0.3993E+01  0.5464E+02
  12.640  0.3839E+01  0.5468E+02
  12.650  0.3621E+01  0.5471E+02
  12.660  0.3706E+01  0.5475E+02
  12.670  0.3929E+01  0.5479E+02
  12.680  0.4408E+01  0.5483E+02
  12.690  0.4621E+01  0.5488E+02
  12.700  0.4593E+01  0.5492E+02
  12.710  0.4518E+01  0.5497E+02
  12.720  0.4563E+01  0.5501E+02
  12.730  0.4595E+01  0.5506E+02
  12.740  0.4748E+01  0.5511E+02
  12.750  0.4789E+01  0.5515E+02
  12.760  0.5086E+01  0.5520E+02
  12.770  0.5612E+01  0.5526E+02
  12.780  0.5663E+01  0.5531E+02
  12.790  0.4789E+01  0.5537E+02
  12.800  0.4491E+01  0.5541E+02
  12.810  0.4288E+01  0.5546E+02
  12.820  0.4166E+01  0.5550E+02
  12.830  0.4186E+01  0.5554E+02
  12.840  0.4041E+01  0.5558E+02
  12.850  0.3867E+01  0.5562E+02
  12.860  0.3713E+01  0.5566E+02
  12.870  0.3699E+01  0.5570E+02
  12.880  0.3713E+01  0.5573E+02
  12.890  0.3507E+01  0.5577E+02
  12.900  0.3744E+01  0.5580E+02
  12.910  0.3839E+01  0.5584E+02
  12.920  0.3989E+01  0.5588E+02
  12.930  0.4894E+01  0.5593E+02
  12.940  0.4675E+01  0.5598E+02
  12.950  0.4718E+01  0.5602E+02
  12.960  0.5244E+01  0.5607E+02
  12.970  0.5729E+01  0.5613E+02
  12.980  0.5658E+01  0.5619E+02
  12.990  0.5386E+01  0.5624E+02
  13.000  0.5709E+01  0.5630E+02
  13.010  0.6264E+01  0.5636E+02
  13.020  0.6260E+01  0.5642E+02
  13.030  0.6182E+01  0.5648E+02
  13.040  0.6346E+01  0.5654E+02
  13.050  0.6504E+01  0.5661E+02
  13.060  0.6986E+01  0.5667E+02
  13.070  0.7768E+01  0.5675E+02
  13.080  0.7321E+01  0.5683E+02
  13.090  0.7321E+01  0.5690E+02
  13.100  0.5986E+01  0.5696E+02
  13.110  0.5952E+01  0.5702E+02
  13.120  0.5912E+01  0.5708E+02
  13.130  0.5848E+01  0.5714E+02
  13.140  0.5795E+01  0.5720E+02
  13.150  0.5818E+01  0.5726E+02
  13.160  0.5839E+01  0.5732E+02
  13.170  0.5908E+01  0.5738E+02
  13.180  0.6018E+01  0.5744E+02
  13.190  0.6137E+01  0.5750E+02
  13.200  0.6407E+01  0.5756E+02
  13.210  0.6455E+01  0.5762E+02
  13.220  0.6448E+01  0.5769E+02
  13.230  0.5939E+01  0.5775E+02
  13.240  0.5758E+01  0.5781E+02
  13.250  0.5740E+01  0.5787E+02
  13.260  0.5977E+01  0.5793E+02
  13.270  0.6008E+01  0.5799E+02
  13.280  0.6259E+01  0.5805E+02
  13.290  0.5738E+01  0.5811E+02
  13.300  0.5511E+01  0.5816E+02
  13.310  0.5211E+01  0.5822E+02
  13.320  0.5145E+01  0.5827E+02
  13.330  0.4885E+01  0.5832E+02
  13.340  0.4643E+01  0.5837E+02
  13.350  0.4574E+01  0.5841E+02
  13.360  0.4329E+01  0.5846E+02
  13.370  0.4225E+01  0.5850E+02
  13.380  0.4212E+01  0.5854E+02
  13.390  0.4644E+01  0.5859E+02
  13.400  0.4859E+01  0.5863E+02
  13.410  0.4855E+01  0.5868E+02
  13.420  0.4863E+01  0.5873E+02
  13.430  0.4789E+01  0.5878E+02
  13.440  0.4716E+01  0.5883E+02
  13.450  0.4402E+01  0.5887E+02
  13.460  0.4102E+01  0.5891E+02
  13.470  0.3890E+01  0.5895E+02
  13.480  0.3106E+01  0.5899E+02
  13.490  0.2840E+01  0.5902E+02
  13.500  0.2761E+01  0.5905E+02
  13.510  0.2682E+01  0.5908E+02
  13.520  0.2659E+01  0.5910E+02
  13.530  0.2627E+01  0.5913E+02
  13.540  0.2639E+01  0.5916E+02
  13.550  0.2668E+01  0.5918E+02
  13.560  0.2755E+01  0.5921E+02
  13.570  0.2884E+01  0.5924E+02
  13.580  0.2912E+01  0.5927E+02
  13.590  0.2952E+01  0.5930E+02
  13.600  0.3024E+01  0.5933E+02
  13.610  0.2842E+01  0.5935E+02
  13.620  0.2821E+01  0.5938E+02
  13.630  0.2801E+01  0.5941E+02
  13.640  0.2777E+01  0.5944E+02
  13.650  0.2740E+01  0.5947E+02
  13.660  0.2727E+01  0.5949E+02
  13.670  0.2509E+01  0.5952E+02
  13.680  0.2305E+01  0.5954E+02
  13.690  0.2254E+01  0.5957E+02
  13.700  0.2213E+01  0.5959E+02
  13.710  0.2109E+01  0.5961E+02
  13.720  0.2025E+01  0.5963E+02
  13.730  0.2007E+01  0.5965E+02
  13.740  0.2001E+01  0.5967E+02
  13.750  0.2040E+01  0.5969E+02
  13.760  0.1692E+01  0.5971E+02
  13.770  0.1591E+01  0.5973E+02
  13.780  0.1545E+01  0.5974E+02
  13.790  0.1505E+01  0.5976E+02
  13.800  0.1471E+01  0.5977E+02
  13.810  0.1442E+01  0.5979E+02
  13.820  0.1415E+01  0.5980E+02
  13.830  0.1482E+01  0.5982E+02
  13.840  0.1568E+01  0.5983E+02
  13.850  0.1651E+01  0.5985E+02
  13.860  0.1567E+01  0.5986E+02
  13.870  0.1582E+01  0.5988E+02
  13.880  0.1580E+01  0.5989E+02
  13.890  0.1568E+01  0.5991E+02
  13.900  0.1566E+01  0.5993E+02
  13.910  0.1563E+01  0.5994E+02
  13.920  0.1557E+01  0.5996E+02
  13.930  0.1547E+01  0.5997E+02
  13.940  0.1538E+01  0.5999E+02
  13.950  0.1487E+01  0.6000E+02
  13.960  0.1450E+01  0.6002E+02
  13.970  0.1424E+01  0.6003E+02
  13.980  0.1417E+01  0.6005E+02
  13.990  0.1431E+01  0.6006E+02
  14.000  0.1437E+01  0.6008E+02
  14.010  0.1434E+01  0.6009E+02
  14.020  0.1424E+01  0.6010E+02
  14.030  0.1416E+01  0.6012E+02
  14.040  0.1414E+01  0.6013E+02
  14.050  0.1416E+01  0.6015E+02
  14.060  0.1427E+01  0.6016E+02
  14.070  0.1439E+01  0.6018E+02
  14.080  0.1474E+01  0.6019E+02
  14.090  0.1494E+01  0.6020E+02
  14.100  0.1491E+01  0.6022E+02
  14.110  0.1491E+01  0.6023E+02
  14.120  0.1488E+01  0.6025E+02
  14.130  0.1493E+01  0.6026E+02
  14.140  0.1513E+01  0.6028E+02
  14.150  0.1557E+01  0.6029E+02
  14.160  0.1642E+01  0.6031E+02
  14.170  0.1621E+01  0.6033E+02
  14.180  0.1675E+01  0.6034E+02
  14.190  0.1665E+01  0.6036E+02
  14.200  0.1665E+01  0.6038E+02
  14.210  0.1667E+01  0.6039E+02
  14.220  0.1665E+01  0.6041E+02
  14.230  0.1666E+01  0.6043E+02
  14.240  0.1670E+01  0.6044E+02
  14.250  0.1679E+01  0.6046E+02
  14.260  0.1694E+01  0.6048E+02
  14.270  0.1717E+01  0.6050E+02
  14.280  0.1772E+01  0.6051E+02
  14.290  0.1808E+01  0.6053E+02
  14.300  0.1872E+01  0.6055E+02
  14.310  0.1830E+01  0.6057E+02
  14.320  0.1753E+01  0.6059E+02
  14.330  0.1743E+01  0.6060E+02
  14.340  0.1773E+01  0.6062E+02
  14.350  0.1779E+01  0.6064E+02
  14.360  0.1724E+01  0.6066E+02
  14.370  0.1948E+01  0.6067E+02
  14.380  0.2362E+01  0.6069E+02
  14.390  0.2454E+01  0.6072E+02
  14.400  0.2618E+01  0.6075E+02
  14.410  0.2686E+01  0.6077E+02
  14.420  0.2896E+01  0.6080E+02
  14.430  0.3002E+01  0.6083E+02
  14.440  0.3148E+01  0.6086E+02
  14.450  0.3235E+01  0.6089E+02
  14.460  0.3283E+01  0.6092E+02
  14.470  0.3345E+01  0.6096E+02
  14.480  0.3786E+01  0.6099E+02
  14.490  0.3992E+01  0.6103E+02
  14.500  0.4602E+01  0.6108E+02
  14.510  0.4718E+01  0.6112E+02
  14.520  0.5480E+01  0.6117E+02
  14.530  0.5011E+01  0.6122E+02
  14.540  0.5306E+01  0.6127E+02
  14.550  0.5196E+01  0.6132E+02
  14.560  0.5126E+01  0.6138E+02
  14.570  0.5156E+01  0.6143E+02
  14.580  0.5171E+01  0.6148E+02
  14.590  0.5202E+01  0.6153E+02
  14.600  0.5221E+01  0.6158E+02
  14.610  0.5297E+01  0.6164E+02
  14.620  0.5442E+01  0.6169E+02
  14.630  0.5535E+01  0.6175E+02
  14.640  0.5627E+01  0.6180E+02
  14.650  0.5779E+01  0.6186E+02
  14.660  0.5805E+01  0.6192E+02
  14.670  0.5737E+01  0.6197E+02
  14.680  0.5791E+01  0.6203E+02
  14.690  0.5785E+01  0.6209E+02
  14.700  0.5902E+01  0.6215E+02
  14.710  0.6052E+01  0.6221E+02
  14.720  0.6345E+01  0.6227E+02
  14.730  0.6523E+01  0.6233E+02
  14.740  0.6598E+01  0.6240E+02
  14.750  0.6172E+01  0.6247E+02
  14.760  0.5525E+01  0.6252E+02
  14.770  0.5241E+01  0.6258E+02
  14.780  0.5027E+01  0.6263E+02
  14.790  0.4920E+01  0.6268E+02
  14.800  0.4862E+01  0.6273E+02
  14.810  0.4771E+01  0.6278E+02
  14.820  0.4744E+01  0.6282E+02
  14.830  0.4696E+01  0.6287E+02
  14.840  0.4653E+01  0.6292E+02
  14.850  0.4388E+01  0.6296E+02
  14.860  0.4305E+01  0.6301E+02
  14.870  0.3730E+01  0.6304E+02
  14.880  0.3732E+01  0.6308E+02
  14.890  0.3692E+01  0.6312E+02
  14.900  0.3665E+01  0.6316E+02
  14.910  0.3641E+01  0.6319E+02
  14.920  0.3688E+01  0.6323E+02
  14.930  0.3824E+01  0.6327E+02
  14.940  0.3928E+01  0.6330E+02
  14.950  0.4010E+01  0.6334E+02
  14.960  0.4130E+01  0.6338E+02
  14.970  0.4208E+01  0.6343E+02
  14.980  0.4331E+01  0.6347E+02
  14.990  0.4418E+01  0.6351E+02
  15.000  0.4503E+01  0.6356E+02
