#  E (eV)   dos(E)     Int dos(E) EFermi =   -2.690 eV
 -15.000  0.6315E+01  0.2748E+01
 -14.990  0.7490E+01  0.2816E+01
 -14.980  0.7721E+01  0.2897E+01
 -14.970  0.7109E+01  0.2972E+01
 -14.960  0.6863E+01  0.3042E+01
 -14.950  0.6908E+01  0.3111E+01
 -14.940  0.7586E+01  0.3184E+01
 -14.930  0.8002E+01  0.3268E+01
 -14.920  0.6886E+01  0.3343E+01
 -14.910  0.6222E+01  0.3409E+01
 -14.900  0.5788E+01  0.3470E+01
 -14.890  0.5452E+01  0.3527E+01
 -14.880  0.5223E+01  0.3581E+01
 -14.870  0.5152E+01  0.3632E+01
 -14.860  0.4865E+01  0.3682E+01
 -14.850  0.4593E+01  0.3730E+01
 -14.840  0.4765E+01  0.3775E+01
 -14.830  0.4403E+01  0.3820E+01
 -14.820  0.4136E+01  0.3864E+01
 -14.810  0.4109E+01  0.3906E+01
 -14.800  0.2177E+01  0.3930E+01
 -14.790  0.2045E+01  0.3952E+01
 -14.780  0.2178E+01  0.3973E+01
 -14.770  0.2074E+01  0.3994E+01
 -14.760  0.0000E+00  0.4000E+01
 -14.750  0.0000E+00  0.4000E+01
 -14.740  0.0000E+00  0.4000E+01
 -14.730  0.0000E+00  0.4000E+01
 -14.720  0.0000E+00  0.4000E+01
 -14.710  0.0000E+00  0.4000E+01
 -14.700  0.0000E+00  0.4000E+01
 -14.690  0.0000E+00  0.4000E+01
 -14.680  0.0000E+00  0.4000E+01
 -14.670  0.0000E+00  0.4000E+01
 -14.660  0.0000E+00  0.4000E+01
 -14.650  0.0000E+00  0.4000E+01
 -14.640  0.0000E+00  0.4000E+01
 -14.630  0.0000E+00  0.4000E+01
 -14.620  0.0000E+00  0.4000E+01
 -14.610  0.0000E+00  0.4000E+01
 -14.600  0.0000E+00  0.4000E+01
 -14.590  0.0000E+00  0.4000E+01
 -14.580  0.0000E+00  0.4000E+01
 -14.570  0.0000E+00  0.4000E+01
 -14.560  0.0000E+00  0.4000E+01
 -14.550  0.0000E+00  0.4000E+01
 -14.540  0.0000E+00  0.4000E+01
 -14.530  0.0000E+00  0.4000E+01
 -14.520  0.0000E+00  0.4000E+01
 -14.510  0.0000E+00  0.4000E+01
 -14.500  0.0000E+00  0.4000E+01
 -14.490  0.0000E+00  0.4000E+01
 -14.480  0.0000E+00  0.4000E+01
 -14.470  0.0000E+00  0.4000E+01
 -14.460  0.0000E+00  0.4000E+01
 -14.450  0.0000E+00  0.4000E+01
 -14.440  0.0000E+00  0.4000E+01
 -14.430  0.0000E+00  0.4000E+01
 -14.420  0.0000E+00  0.4000E+01
 -14.410  0.0000E+00  0.4000E+01
 -14.400  0.0000E+00  0.4000E+01
 -14.390  0.0000E+00  0.4000E+01
 -14.380  0.0000E+00  0.4000E+01
 -14.370  0.0000E+00  0.4000E+01
 -14.360  0.0000E+00  0.4000E+01
 -14.350  0.0000E+00  0.4000E+01
 -14.340  0.0000E+00  0.4000E+01
 -14.330  0.0000E+00  0.4000E+01
 -14.320  0.0000E+00  0.4000E+01
 -14.310  0.0000E+00  0.4000E+01
 -14.300  0.0000E+00  0.4000E+01
 -14.290  0.0000E+00  0.4000E+01
 -14.280  0.0000E+00  0.4000E+01
 -14.270  0.0000E+00  0.4000E+01
 -14.260  0.0000E+00  0.4000E+01
 -14.250  0.0000E+00  0.4000E+01
 -14.240  0.0000E+00  0.4000E+01
 -14.230  0.0000E+00  0.4000E+01
 -14.220  0.0000E+00  0.4000E+01
 -14.210  0.0000E+00  0.4000E+01
 -14.200  0.0000E+00  0.4000E+01
 -14.190  0.0000E+00  0.4000E+01
 -14.180  0.0000E+00  0.4000E+01
 -14.170  0.0000E+00  0.4000E+01
 -14.160  0.0000E+00  0.4000E+01
 -14.150  0.0000E+00  0.4000E+01
 -14.140  0.0000E+00  0.4000E+01
 -14.130  0.0000E+00  0.4000E+01
 -14.120  0.0000E+00  0.4000E+01
 -14.110  0.0000E+00  0.4000E+01
 -14.100  0.0000E+00  0.4000E+01
 -14.090  0.0000E+00  0.4000E+01
 -14.080  0.0000E+00  0.4000E+01
 -14.070  0.0000E+00  0.4000E+01
 -14.060  0.0000E+00  0.4000E+01
 -14.050  0.0000E+00  0.4000E+01
 -14.040  0.0000E+00  0.4000E+01
 -14.030  0.0000E+00  0.4000E+01
 -14.020  0.0000E+00  0.4000E+01
 -14.010  0.0000E+00  0.4000E+01
 -14.000  0.0000E+00  0.4000E+01
 -13.990  0.0000E+00  0.4000E+01
 -13.980  0.0000E+00  0.4000E+01
 -13.970  0.0000E+00  0.4000E+01
 -13.960  0.0000E+00  0.4000E+01
 -13.950  0.0000E+00  0.4000E+01
 -13.940  0.0000E+00  0.4000E+01
 -13.930  0.0000E+00  0.4000E+01
 -13.920  0.0000E+00  0.4000E+01
 -13.910  0.0000E+00  0.4000E+01
 -13.900  0.0000E+00  0.4000E+01
 -13.890  0.0000E+00  0.4000E+01
 -13.880  0.0000E+00  0.4000E+01
 -13.870  0.0000E+00  0.4000E+01
 -13.860  0.0000E+00  0.4000E+01
 -13.850  0.0000E+00  0.4000E+01
 -13.840  0.0000E+00  0.4000E+01
 -13.830  0.0000E+00  0.4000E+01
 -13.820  0.0000E+00  0.4000E+01
 -13.810  0.0000E+00  0.4000E+01
 -13.800  0.0000E+00  0.4000E+01
 -13.790  0.0000E+00  0.4000E+01
 -13.780  0.0000E+00  0.4000E+01
 -13.770  0.0000E+00  0.4000E+01
 -13.760  0.0000E+00  0.4000E+01
 -13.750  0.0000E+00  0.4000E+01
 -13.740  0.0000E+00  0.4000E+01
 -13.730  0.0000E+00  0.4000E+01
 -13.720  0.0000E+00  0.4000E+01
 -13.710  0.0000E+00  0.4000E+01
 -13.700  0.0000E+00  0.4000E+01
 -13.690  0.0000E+00  0.4000E+01
 -13.680  0.0000E+00  0.4000E+01
 -13.670  0.0000E+00  0.4000E+01
 -13.660  0.0000E+00  0.4000E+01
 -13.650  0.0000E+00  0.4000E+01
 -13.640  0.0000E+00  0.4000E+01
 -13.630  0.0000E+00  0.4000E+01
 -13.620  0.0000E+00  0.4000E+01
 -13.610  0.0000E+00  0.4000E+01
 -13.600  0.0000E+00  0.4000E+01
 -13.590  0.0000E+00  0.4000E+01
 -13.580  0.0000E+00  0.4000E+01
 -13.570  0.0000E+00  0.4000E+01
 -13.560  0.0000E+00  0.4000E+01
 -13.550  0.0000E+00  0.4000E+01
 -13.540  0.0000E+00  0.4000E+01
 -13.530  0.0000E+00  0.4000E+01
 -13.520  0.0000E+00  0.4000E+01
 -13.510  0.0000E+00  0.4000E+01
 -13.500  0.0000E+00  0.4000E+01
 -13.490  0.0000E+00  0.4000E+01
 -13.480  0.0000E+00  0.4000E+01
 -13.470  0.0000E+00  0.4000E+01
 -13.460  0.0000E+00  0.4000E+01
 -13.450  0.0000E+00  0.4000E+01
 -13.440  0.0000E+00  0.4000E+01
 -13.430  0.0000E+00  0.4000E+01
 -13.420  0.0000E+00  0.4000E+01
 -13.410  0.0000E+00  0.4000E+01
 -13.400  0.0000E+00  0.4000E+01
 -13.390  0.0000E+00  0.4000E+01
 -13.380  0.0000E+00  0.4000E+01
 -13.370  0.0000E+00  0.4000E+01
 -13.360  0.0000E+00  0.4000E+01
 -13.350  0.0000E+00  0.4000E+01
 -13.340  0.0000E+00  0.4000E+01
 -13.330  0.0000E+00  0.4000E+01
 -13.320  0.0000E+00  0.4000E+01
 -13.310  0.0000E+00  0.4000E+01
 -13.300  0.0000E+00  0.4000E+01
 -13.290  0.0000E+00  0.4000E+01
 -13.280  0.0000E+00  0.4000E+01
 -13.270  0.0000E+00  0.4000E+01
 -13.260  0.0000E+00  0.4000E+01
 -13.250  0.0000E+00  0.4000E+01
 -13.240  0.0000E+00  0.4000E+01
 -13.230  0.0000E+00  0.4000E+01
 -13.220  0.0000E+00  0.4000E+01
 -13.210  0.0000E+00  0.4000E+01
 -13.200  0.0000E+00  0.4000E+01
 -13.190  0.0000E+00  0.4000E+01
 -13.180  0.0000E+00  0.4000E+01
 -13.170  0.0000E+00  0.4000E+01
 -13.160  0.0000E+00  0.4000E+01
 -13.150  0.0000E+00  0.4000E+01
 -13.140  0.0000E+00  0.4000E+01
 -13.130  0.0000E+00  0.4000E+01
 -13.120  0.0000E+00  0.4000E+01
 -13.110  0.0000E+00  0.4000E+01
 -13.100  0.0000E+00  0.4000E+01
 -13.090  0.0000E+00  0.4000E+01
 -13.080  0.0000E+00  0.4000E+01
 -13.070  0.0000E+00  0.4000E+01
 -13.060  0.0000E+00  0.4000E+01
 -13.050  0.0000E+00  0.4000E+01
 -13.040  0.0000E+00  0.4000E+01
 -13.030  0.0000E+00  0.4000E+01
 -13.020  0.0000E+00  0.4000E+01
 -13.010  0.0000E+00  0.4000E+01
 -13.000  0.0000E+00  0.4000E+01
 -12.990  0.0000E+00  0.4000E+01
 -12.980  0.0000E+00  0.4000E+01
 -12.970  0.0000E+00  0.4000E+01
 -12.960  0.0000E+00  0.4000E+01
 -12.950  0.0000E+00  0.4000E+01
 -12.940  0.0000E+00  0.4000E+01
 -12.930  0.0000E+00  0.4000E+01
 -12.920  0.0000E+00  0.4000E+01
 -12.910  0.0000E+00  0.4000E+01
 -12.900  0.0000E+00  0.4000E+01
 -12.890  0.0000E+00  0.4000E+01
 -12.880  0.0000E+00  0.4000E+01
 -12.870  0.0000E+00  0.4000E+01
 -12.860  0.0000E+00  0.4000E+01
 -12.850  0.0000E+00  0.4000E+01
 -12.840  0.0000E+00  0.4000E+01
 -12.830  0.0000E+00  0.4000E+01
 -12.820  0.0000E+00  0.4000E+01
 -12.810  0.0000E+00  0.4000E+01
 -12.800  0.0000E+00  0.4000E+01
 -12.790  0.0000E+00  0.4000E+01
 -12.780  0.0000E+00  0.4000E+01
 -12.770  0.0000E+00  0.4000E+01
 -12.760  0.0000E+00  0.4000E+01
 -12.750  0.0000E+00  0.4000E+01
 -12.740  0.0000E+00  0.4000E+01
 -12.730  0.0000E+00  0.4000E+01
 -12.720  0.0000E+00  0.4000E+01
 -12.710  0.0000E+00  0.4000E+01
 -12.700  0.0000E+00  0.4000E+01
 -12.690  0.0000E+00  0.4000E+01
 -12.680  0.0000E+00  0.4000E+01
 -12.670  0.0000E+00  0.4000E+01
 -12.660  0.0000E+00  0.4000E+01
 -12.650  0.0000E+00  0.4000E+01
 -12.640  0.0000E+00  0.4000E+01
 -12.630  0.0000E+00  0.4000E+01
 -12.620  0.0000E+00  0.4000E+01
 -12.610  0.0000E+00  0.4000E+01
 -12.600  0.0000E+00  0.4000E+01
 -12.590  0.0000E+00  0.4000E+01
 -12.580  0.0000E+00  0.4000E+01
 -12.570  0.0000E+00  0.4000E+01
 -12.560  0.0000E+00  0.4000E+01
 -12.550  0.0000E+00  0.4000E+01
 -12.540  0.0000E+00  0.4000E+01
 -12.530  0.0000E+00  0.4000E+01
 -12.520  0.0000E+00  0.4000E+01
 -12.510  0.0000E+00  0.4000E+01
 -12.500  0.0000E+00  0.4000E+01
 -12.490  0.0000E+00  0.4000E+01
 -12.480  0.0000E+00  0.4000E+01
 -12.470  0.0000E+00  0.4000E+01
 -12.460  0.0000E+00  0.4000E+01
 -12.450  0.0000E+00  0.4000E+01
 -12.440  0.0000E+00  0.4000E+01
 -12.430  0.0000E+00  0.4000E+01
 -12.420  0.0000E+00  0.4000E+01
 -12.410  0.0000E+00  0.4000E+01
 -12.400  0.0000E+00  0.4000E+01
 -12.390  0.0000E+00  0.4000E+01
 -12.380  0.0000E+00  0.4000E+01
 -12.370  0.0000E+00  0.4000E+01
 -12.360  0.0000E+00  0.4000E+01
 -12.350  0.0000E+00  0.4000E+01
 -12.340  0.0000E+00  0.4000E+01
 -12.330  0.0000E+00  0.4000E+01
 -12.320  0.0000E+00  0.4000E+01
 -12.310  0.0000E+00  0.4000E+01
 -12.300  0.0000E+00  0.4000E+01
 -12.290  0.0000E+00  0.4000E+01
 -12.280  0.0000E+00  0.4000E+01
 -12.270  0.0000E+00  0.4000E+01
 -12.260  0.0000E+00  0.4000E+01
 -12.250  0.0000E+00  0.4000E+01
 -12.240  0.0000E+00  0.4000E+01
 -12.230  0.0000E+00  0.4000E+01
 -12.220  0.0000E+00  0.4000E+01
 -12.210  0.0000E+00  0.4000E+01
 -12.200  0.0000E+00  0.4000E+01
 -12.190  0.0000E+00  0.4000E+01
 -12.180  0.0000E+00  0.4000E+01
 -12.170  0.0000E+00  0.4000E+01
 -12.160  0.0000E+00  0.4000E+01
 -12.150  0.0000E+00  0.4000E+01
 -12.140  0.0000E+00  0.4000E+01
 -12.130  0.0000E+00  0.4000E+01
 -12.120  0.0000E+00  0.4000E+01
 -12.110  0.0000E+00  0.4000E+01
 -12.100  0.0000E+00  0.4000E+01
 -12.090  0.0000E+00  0.4000E+01
 -12.080  0.0000E+00  0.4000E+01
 -12.070  0.0000E+00  0.4000E+01
 -12.060  0.0000E+00  0.4000E+01
 -12.050  0.0000E+00  0.4000E+01
 -12.040  0.0000E+00  0.4000E+01
 -12.030  0.0000E+00  0.4000E+01
 -12.020  0.0000E+00  0.4000E+01
 -12.010  0.0000E+00  0.4000E+01
 -12.000  0.0000E+00  0.4000E+01
 -11.990  0.0000E+00  0.4000E+01
 -11.980  0.0000E+00  0.4000E+01
 -11.970  0.0000E+00  0.4000E+01
 -11.960  0.0000E+00  0.4000E+01
 -11.950  0.0000E+00  0.4000E+01
 -11.940  0.0000E+00  0.4000E+01
 -11.930  0.0000E+00  0.4000E+01
 -11.920  0.0000E+00  0.4000E+01
 -11.910  0.0000E+00  0.4000E+01
 -11.900  0.0000E+00  0.4000E+01
 -11.890  0.0000E+00  0.4000E+01
 -11.880  0.0000E+00  0.4000E+01
 -11.870  0.0000E+00  0.4000E+01
 -11.860  0.0000E+00  0.4000E+01
 -11.850  0.0000E+00  0.4000E+01
 -11.840  0.0000E+00  0.4000E+01
 -11.830  0.0000E+00  0.4000E+01
 -11.820  0.0000E+00  0.4000E+01
 -11.810  0.0000E+00  0.4000E+01
 -11.800  0.0000E+00  0.4000E+01
 -11.790  0.0000E+00  0.4000E+01
 -11.780  0.0000E+00  0.4000E+01
 -11.770  0.0000E+00  0.4000E+01
 -11.760  0.0000E+00  0.4000E+01
 -11.750  0.0000E+00  0.4000E+01
 -11.740  0.0000E+00  0.4000E+01
 -11.730  0.0000E+00  0.4000E+01
 -11.720  0.0000E+00  0.4000E+01
 -11.710  0.0000E+00  0.4000E+01
 -11.700  0.0000E+00  0.4000E+01
 -11.690  0.0000E+00  0.4000E+01
 -11.680  0.0000E+00  0.4000E+01
 -11.670  0.0000E+00  0.4000E+01
 -11.660  0.0000E+00  0.4000E+01
 -11.650  0.0000E+00  0.4000E+01
 -11.640  0.0000E+00  0.4000E+01
 -11.630  0.0000E+00  0.4000E+01
 -11.620  0.0000E+00  0.4000E+01
 -11.610  0.0000E+00  0.4000E+01
 -11.600  0.0000E+00  0.4000E+01
 -11.590  0.0000E+00  0.4000E+01
 -11.580  0.0000E+00  0.4000E+01
 -11.570  0.0000E+00  0.4000E+01
 -11.560  0.0000E+00  0.4000E+01
 -11.550  0.0000E+00  0.4000E+01
 -11.540  0.0000E+00  0.4000E+01
 -11.530  0.0000E+00  0.4000E+01
 -11.520  0.0000E+00  0.4000E+01
 -11.510  0.0000E+00  0.4000E+01
 -11.500  0.0000E+00  0.4000E+01
 -11.490  0.0000E+00  0.4000E+01
 -11.480  0.0000E+00  0.4000E+01
 -11.470  0.0000E+00  0.4000E+01
 -11.460  0.0000E+00  0.4000E+01
 -11.450  0.0000E+00  0.4000E+01
 -11.440  0.0000E+00  0.4000E+01
 -11.430  0.0000E+00  0.4000E+01
 -11.420  0.0000E+00  0.4000E+01
 -11.410  0.0000E+00  0.4000E+01
 -11.400  0.0000E+00  0.4000E+01
 -11.390  0.0000E+00  0.4000E+01
 -11.380  0.0000E+00  0.4000E+01
 -11.370  0.0000E+00  0.4000E+01
 -11.360  0.0000E+00  0.4000E+01
 -11.350  0.0000E+00  0.4000E+01
 -11.340  0.0000E+00  0.4000E+01
 -11.330  0.0000E+00  0.4000E+01
 -11.320  0.0000E+00  0.4000E+01
 -11.310  0.0000E+00  0.4000E+01
 -11.300  0.0000E+00  0.4000E+01
 -11.290  0.0000E+00  0.4000E+01
 -11.280  0.0000E+00  0.4000E+01
 -11.270  0.0000E+00  0.4000E+01
 -11.260  0.0000E+00  0.4000E+01
 -11.250  0.0000E+00  0.4000E+01
 -11.240  0.0000E+00  0.4000E+01
 -11.230  0.0000E+00  0.4000E+01
 -11.220  0.0000E+00  0.4000E+01
 -11.210  0.0000E+00  0.4000E+01
 -11.200  0.0000E+00  0.4000E+01
 -11.190  0.0000E+00  0.4000E+01
 -11.180  0.0000E+00  0.4000E+01
 -11.170  0.0000E+00  0.4000E+01
 -11.160  0.0000E+00  0.4000E+01
 -11.150  0.0000E+00  0.4000E+01
 -11.140  0.0000E+00  0.4000E+01
 -11.130  0.0000E+00  0.4000E+01
 -11.120  0.0000E+00  0.4000E+01
 -11.110  0.0000E+00  0.4000E+01
 -11.100  0.0000E+00  0.4000E+01
 -11.090  0.0000E+00  0.4000E+01
 -11.080  0.0000E+00  0.4000E+01
 -11.070  0.0000E+00  0.4000E+01
 -11.060  0.0000E+00  0.4000E+01
 -11.050  0.0000E+00  0.4000E+01
 -11.040  0.0000E+00  0.4000E+01
 -11.030  0.0000E+00  0.4000E+01
 -11.020  0.0000E+00  0.4000E+01
 -11.010  0.0000E+00  0.4000E+01
 -11.000  0.0000E+00  0.4000E+01
 -10.990  0.0000E+00  0.4000E+01
 -10.980  0.0000E+00  0.4000E+01
 -10.970  0.0000E+00  0.4000E+01
 -10.960  0.0000E+00  0.4000E+01
 -10.950  0.0000E+00  0.4000E+01
 -10.940  0.0000E+00  0.4000E+01
 -10.930  0.0000E+00  0.4000E+01
 -10.920  0.0000E+00  0.4000E+01
 -10.910  0.0000E+00  0.4000E+01
 -10.900  0.0000E+00  0.4000E+01
 -10.890  0.0000E+00  0.4000E+01
 -10.880  0.0000E+00  0.4000E+01
 -10.870  0.0000E+00  0.4000E+01
 -10.860  0.0000E+00  0.4000E+01
 -10.850  0.0000E+00  0.4000E+01
 -10.840  0.0000E+00  0.4000E+01
 -10.830  0.0000E+00  0.4000E+01
 -10.820  0.0000E+00  0.4000E+01
 -10.810  0.0000E+00  0.4000E+01
 -10.800  0.0000E+00  0.4000E+01
 -10.790  0.0000E+00  0.4000E+01
 -10.780  0.0000E+00  0.4000E+01
 -10.770  0.0000E+00  0.4000E+01
 -10.760  0.0000E+00  0.4000E+01
 -10.750  0.0000E+00  0.4000E+01
 -10.740  0.0000E+00  0.4000E+01
 -10.730  0.0000E+00  0.4000E+01
 -10.720  0.0000E+00  0.4000E+01
 -10.710  0.0000E+00  0.4000E+01
 -10.700  0.0000E+00  0.4000E+01
 -10.690  0.0000E+00  0.4000E+01
 -10.680  0.0000E+00  0.4000E+01
 -10.670  0.0000E+00  0.4000E+01
 -10.660  0.0000E+00  0.4000E+01
 -10.650  0.0000E+00  0.4000E+01
 -10.640  0.0000E+00  0.4000E+01
 -10.630  0.0000E+00  0.4000E+01
 -10.620  0.0000E+00  0.4000E+01
 -10.610  0.0000E+00  0.4000E+01
 -10.600  0.0000E+00  0.4000E+01
 -10.590  0.0000E+00  0.4000E+01
 -10.580  0.0000E+00  0.4000E+01
 -10.570  0.0000E+00  0.4000E+01
 -10.560  0.0000E+00  0.4000E+01
 -10.550  0.0000E+00  0.4000E+01
 -10.540  0.0000E+00  0.4000E+01
 -10.530  0.0000E+00  0.4000E+01
 -10.520  0.0000E+00  0.4000E+01
 -10.510  0.0000E+00  0.4000E+01
 -10.500  0.0000E+00  0.4000E+01
 -10.490  0.0000E+00  0.4000E+01
 -10.480  0.0000E+00  0.4000E+01
 -10.470  0.0000E+00  0.4000E+01
 -10.460  0.0000E+00  0.4000E+01
 -10.450  0.0000E+00  0.4000E+01
 -10.440  0.0000E+00  0.4000E+01
 -10.430  0.0000E+00  0.4000E+01
 -10.420  0.0000E+00  0.4000E+01
 -10.410  0.0000E+00  0.4000E+01
 -10.400  0.0000E+00  0.4000E+01
 -10.390  0.0000E+00  0.4000E+01
 -10.380  0.0000E+00  0.4000E+01
 -10.370  0.0000E+00  0.4000E+01
 -10.360  0.0000E+00  0.4000E+01
 -10.350  0.0000E+00  0.4000E+01
 -10.340  0.0000E+00  0.4000E+01
 -10.330  0.0000E+00  0.4000E+01
 -10.320  0.0000E+00  0.4000E+01
 -10.310  0.0000E+00  0.4000E+01
 -10.300  0.0000E+00  0.4000E+01
 -10.290  0.0000E+00  0.4000E+01
 -10.280  0.0000E+00  0.4000E+01
 -10.270  0.0000E+00  0.4000E+01
 -10.260  0.0000E+00  0.4000E+01
 -10.250  0.0000E+00  0.4000E+01
 -10.240  0.0000E+00  0.4000E+01
 -10.230  0.0000E+00  0.4000E+01
 -10.220  0.0000E+00  0.4000E+01
 -10.210  0.0000E+00  0.4000E+01
 -10.200  0.0000E+00  0.4000E+01
 -10.190  0.0000E+00  0.4000E+01
 -10.180  0.0000E+00  0.4000E+01
 -10.170  0.0000E+00  0.4000E+01
 -10.160  0.0000E+00  0.4000E+01
 -10.150  0.0000E+00  0.4000E+01
 -10.140  0.0000E+00  0.4000E+01
 -10.130  0.0000E+00  0.4000E+01
 -10.120  0.0000E+00  0.4000E+01
 -10.110  0.0000E+00  0.4000E+01
 -10.100  0.0000E+00  0.4000E+01
 -10.090  0.0000E+00  0.4000E+01
 -10.080  0.0000E+00  0.4000E+01
 -10.070  0.0000E+00  0.4000E+01
 -10.060  0.0000E+00  0.4000E+01
 -10.050  0.0000E+00  0.4000E+01
 -10.040  0.0000E+00  0.4000E+01
 -10.030  0.0000E+00  0.4000E+01
 -10.020  0.0000E+00  0.4000E+01
 -10.010  0.0000E+00  0.4000E+01
 -10.000  0.0000E+00  0.4000E+01
  -9.990  0.0000E+00  0.4000E+01
  -9.980  0.0000E+00  0.4000E+01
  -9.970  0.0000E+00  0.4000E+01
  -9.960  0.0000E+00  0.4000E+01
  -9.950  0.0000E+00  0.4000E+01
  -9.940  0.0000E+00  0.4000E+01
  -9.930  0.0000E+00  0.4000E+01
  -9.920  0.0000E+00  0.4000E+01
  -9.910  0.0000E+00  0.4000E+01
  -9.900  0.0000E+00  0.4000E+01
  -9.890  0.0000E+00  0.4000E+01
  -9.880  0.0000E+00  0.4000E+01
  -9.870  0.0000E+00  0.4000E+01
  -9.860  0.0000E+00  0.4000E+01
  -9.850  0.0000E+00  0.4000E+01
  -9.840  0.0000E+00  0.4000E+01
  -9.830  0.0000E+00  0.4000E+01
  -9.820  0.0000E+00  0.4000E+01
  -9.810  0.0000E+00  0.4000E+01
  -9.800  0.0000E+00  0.4000E+01
  -9.790  0.0000E+00  0.4000E+01
  -9.780  0.0000E+00  0.4000E+01
  -9.770  0.0000E+00  0.4000E+01
  -9.760  0.0000E+00  0.4000E+01
  -9.750  0.0000E+00  0.4000E+01
  -9.740  0.0000E+00  0.4000E+01
  -9.730  0.0000E+00  0.4000E+01
  -9.720  0.0000E+00  0.4000E+01
  -9.710  0.0000E+00  0.4000E+01
  -9.700  0.0000E+00  0.4000E+01
  -9.690  0.0000E+00  0.4000E+01
  -9.680  0.0000E+00  0.4000E+01
  -9.670  0.0000E+00  0.4000E+01
  -9.660  0.0000E+00  0.4000E+01
  -9.650  0.0000E+00  0.4000E+01
  -9.640  0.0000E+00  0.4000E+01
  -9.630  0.0000E+00  0.4000E+01
  -9.620  0.0000E+00  0.4000E+01
  -9.610  0.0000E+00  0.4000E+01
  -9.600  0.0000E+00  0.4000E+01
  -9.590  0.0000E+00  0.4000E+01
  -9.580  0.0000E+00  0.4000E+01
  -9.570  0.0000E+00  0.4000E+01
  -9.560  0.0000E+00  0.4000E+01
  -9.550  0.0000E+00  0.4000E+01
  -9.540  0.0000E+00  0.4000E+01
  -9.530  0.0000E+00  0.4000E+01
  -9.520  0.0000E+00  0.4000E+01
  -9.510  0.0000E+00  0.4000E+01
  -9.500  0.0000E+00  0.4000E+01
  -9.490  0.0000E+00  0.4000E+01
  -9.480  0.0000E+00  0.4000E+01
  -9.470  0.0000E+00  0.4000E+01
  -9.460  0.0000E+00  0.4000E+01
  -9.450  0.0000E+00  0.4000E+01
  -9.440  0.0000E+00  0.4000E+01
  -9.430  0.0000E+00  0.4000E+01
  -9.420  0.0000E+00  0.4000E+01
  -9.410  0.0000E+00  0.4000E+01
  -9.400  0.0000E+00  0.4000E+01
  -9.390  0.0000E+00  0.4000E+01
  -9.380  0.0000E+00  0.4000E+01
  -9.370  0.0000E+00  0.4000E+01
  -9.360  0.0000E+00  0.4000E+01
  -9.350  0.0000E+00  0.4000E+01
  -9.340  0.0000E+00  0.4000E+01
  -9.330  0.0000E+00  0.4000E+01
  -9.320  0.0000E+00  0.4000E+01
  -9.310  0.0000E+00  0.4000E+01
  -9.300  0.0000E+00  0.4000E+01
  -9.290  0.0000E+00  0.4000E+01
  -9.280  0.0000E+00  0.4000E+01
  -9.270  0.0000E+00  0.4000E+01
  -9.260  0.0000E+00  0.4000E+01
  -9.250  0.0000E+00  0.4000E+01
  -9.240  0.0000E+00  0.4000E+01
  -9.230  0.0000E+00  0.4000E+01
  -9.220  0.0000E+00  0.4000E+01
  -9.210  0.0000E+00  0.4000E+01
  -9.200  0.0000E+00  0.4000E+01
  -9.190  0.0000E+00  0.4000E+01
  -9.180  0.0000E+00  0.4000E+01
  -9.170  0.0000E+00  0.4000E+01
  -9.160  0.0000E+00  0.4000E+01
  -9.150  0.0000E+00  0.4000E+01
  -9.140  0.0000E+00  0.4000E+01
  -9.130  0.0000E+00  0.4000E+01
  -9.120  0.0000E+00  0.4000E+01
  -9.110  0.0000E+00  0.4000E+01
  -9.100  0.0000E+00  0.4000E+01
  -9.090  0.0000E+00  0.4000E+01
  -9.080  0.0000E+00  0.4000E+01
  -9.070  0.0000E+00  0.4000E+01
  -9.060  0.0000E+00  0.4000E+01
  -9.050  0.0000E+00  0.4000E+01
  -9.040  0.0000E+00  0.4000E+01
  -9.030  0.0000E+00  0.4000E+01
  -9.020  0.0000E+00  0.4000E+01
  -9.010  0.0000E+00  0.4000E+01
  -9.000  0.0000E+00  0.4000E+01
  -8.990  0.0000E+00  0.4000E+01
  -8.980  0.0000E+00  0.4000E+01
  -8.970  0.0000E+00  0.4000E+01
  -8.960  0.0000E+00  0.4000E+01
  -8.950  0.0000E+00  0.4000E+01
  -8.940  0.0000E+00  0.4000E+01
  -8.930  0.0000E+00  0.4000E+01
  -8.920  0.0000E+00  0.4000E+01
  -8.910  0.1852E+00  0.4000E+01
  -8.900  0.1255E+01  0.4009E+01
  -8.890  0.1234E+01  0.4021E+01
  -8.880  0.1166E+01  0.4034E+01
  -8.870  0.1239E+01  0.4046E+01
  -8.860  0.1346E+01  0.4059E+01
  -8.850  0.1235E+01  0.4072E+01
  -8.840  0.1225E+01  0.4084E+01
  -8.830  0.1310E+01  0.4097E+01
  -8.820  0.1298E+01  0.4110E+01
  -8.810  0.1323E+01  0.4124E+01
  -8.800  0.1273E+01  0.4136E+01
  -8.790  0.1337E+01  0.4150E+01
  -8.780  0.1403E+01  0.4163E+01
  -8.770  0.1366E+01  0.4177E+01
  -8.760  0.1333E+01  0.4191E+01
  -8.750  0.1368E+01  0.4204E+01
  -8.740  0.1423E+01  0.4218E+01
  -8.730  0.1408E+01  0.4232E+01
  -8.720  0.1447E+01  0.4246E+01
  -8.710  0.1428E+01  0.4261E+01
  -8.700  0.1464E+01  0.4275E+01
  -8.690  0.1466E+01  0.4290E+01
  -8.680  0.1472E+01  0.4305E+01
  -8.670  0.1532E+01  0.4320E+01
  -8.660  0.1559E+01  0.4335E+01
  -8.650  0.1531E+01  0.4351E+01
  -8.640  0.1571E+01  0.4366E+01
  -8.630  0.1587E+01  0.4382E+01
  -8.620  0.1632E+01  0.4398E+01
  -8.610  0.1699E+01  0.4415E+01
  -8.600  0.1697E+01  0.4432E+01
  -8.590  0.1736E+01  0.4449E+01
  -8.580  0.1765E+01  0.4466E+01
  -8.570  0.1801E+01  0.4484E+01
  -8.560  0.1882E+01  0.4503E+01
  -8.550  0.1929E+01  0.4522E+01
  -8.540  0.1990E+01  0.4541E+01
  -8.530  0.2069E+01  0.4562E+01
  -8.520  0.2153E+01  0.4583E+01
  -8.510  0.2290E+01  0.4605E+01
  -8.500  0.2416E+01  0.4628E+01
  -8.490  0.2640E+01  0.4654E+01
  -8.480  0.3330E+01  0.4682E+01
  -8.470  0.4856E+01  0.4726E+01
  -8.460  0.4970E+01  0.4779E+01
  -8.450  0.4174E+01  0.4826E+01
  -8.440  0.3818E+01  0.4866E+01
  -8.430  0.3685E+01  0.4905E+01
  -8.420  0.2677E+01  0.4936E+01
  -8.410  0.2566E+01  0.4963E+01
  -8.400  0.2602E+01  0.4989E+01
  -8.390  0.2605E+01  0.5015E+01
  -8.380  0.2520E+01  0.5041E+01
  -8.370  0.2440E+01  0.5065E+01
  -8.360  0.2472E+01  0.5090E+01
  -8.350  0.2501E+01  0.5115E+01
  -8.340  0.2481E+01  0.5140E+01
  -8.330  0.2397E+01  0.5164E+01
  -8.320  0.2396E+01  0.5188E+01
  -8.310  0.2426E+01  0.5212E+01
  -8.300  0.2373E+01  0.5236E+01
  -8.290  0.2412E+01  0.5260E+01
  -8.280  0.2410E+01  0.5284E+01
  -8.270  0.2372E+01  0.5308E+01
  -8.260  0.2380E+01  0.5332E+01
  -8.250  0.2364E+01  0.5356E+01
  -8.240  0.2391E+01  0.5379E+01
  -8.230  0.2428E+01  0.5403E+01
  -8.220  0.2451E+01  0.5428E+01
  -8.210  0.2412E+01  0.5452E+01
  -8.200  0.2619E+01  0.5476E+01
  -8.190  0.3402E+01  0.5508E+01
  -8.180  0.3284E+01  0.5540E+01
  -8.170  0.3222E+01  0.5573E+01
  -8.160  0.3364E+01  0.5606E+01
  -8.150  0.3317E+01  0.5639E+01
  -8.140  0.3392E+01  0.5672E+01
  -8.130  0.3345E+01  0.5706E+01
  -8.120  0.3448E+01  0.5740E+01
  -8.110  0.3540E+01  0.5775E+01
  -8.100  0.3544E+01  0.5810E+01
  -8.090  0.3667E+01  0.5846E+01
  -8.080  0.3733E+01  0.5883E+01
  -8.070  0.3816E+01  0.5921E+01
  -8.060  0.3898E+01  0.5959E+01
  -8.050  0.4076E+01  0.5999E+01
  -8.040  0.4255E+01  0.6041E+01
  -8.030  0.4714E+01  0.6085E+01
  -8.020  0.5157E+01  0.6134E+01
  -8.010  0.6566E+01  0.6189E+01
  -8.000  0.4888E+01  0.6242E+01
  -7.990  0.4487E+01  0.6289E+01
  -7.980  0.4401E+01  0.6334E+01
  -7.970  0.3640E+01  0.6377E+01
  -7.960  0.3647E+01  0.6413E+01
  -7.950  0.3704E+01  0.6450E+01
  -7.940  0.3762E+01  0.6487E+01
  -7.930  0.3952E+01  0.6526E+01
  -7.920  0.4137E+01  0.6566E+01
  -7.910  0.4339E+01  0.6609E+01
  -7.900  0.4861E+01  0.6654E+01
  -7.890  0.5536E+01  0.6706E+01
  -7.880  0.8241E+01  0.6773E+01
  -7.870  0.6774E+01  0.6851E+01
  -7.860  0.5573E+01  0.6911E+01
  -7.850  0.9043E+00  0.6944E+01
  -7.840  0.8806E+00  0.6953E+01
  -7.830  0.8625E+00  0.6961E+01
  -7.820  0.8503E+00  0.6970E+01
  -7.810  0.8373E+00  0.6978E+01
  -7.800  0.8248E+00  0.6987E+01
  -7.790  0.8120E+00  0.6995E+01
  -7.780  0.7935E+00  0.7003E+01
  -7.770  0.7803E+00  0.7011E+01
  -7.760  0.7706E+00  0.7019E+01
  -7.750  0.7609E+00  0.7026E+01
  -7.740  0.7512E+00  0.7034E+01
  -7.730  0.7409E+00  0.7041E+01
  -7.720  0.7297E+00  0.7049E+01
  -7.710  0.7157E+00  0.7056E+01
  -7.700  0.7090E+00  0.7063E+01
  -7.690  0.7011E+00  0.7070E+01
  -7.680  0.6932E+00  0.7077E+01
  -7.670  0.6853E+00  0.7084E+01
  -7.660  0.6774E+00  0.7091E+01
  -7.650  0.6693E+00  0.7097E+01
  -7.640  0.6598E+00  0.7104E+01
  -7.630  0.6489E+00  0.7111E+01
  -7.620  0.6436E+00  0.7117E+01
  -7.610  0.6398E+00  0.7124E+01
  -7.600  0.6338E+00  0.7130E+01
  -7.590  0.6272E+00  0.7136E+01
  -7.580  0.6206E+00  0.7142E+01
  -7.570  0.6141E+00  0.7149E+01
  -7.560  0.6071E+00  0.7155E+01
  -7.550  0.5975E+00  0.7161E+01
  -7.540  0.5919E+00  0.7167E+01
  -7.530  0.5872E+00  0.7173E+01
  -7.520  0.5828E+00  0.7178E+01
  -7.510  0.5785E+00  0.7184E+01
  -7.500  0.5754E+00  0.7190E+01
  -7.490  0.5703E+00  0.7196E+01
  -7.480  0.5647E+00  0.7201E+01
  -7.470  0.5588E+00  0.7207E+01
  -7.460  0.5526E+00  0.7213E+01
  -7.450  0.5462E+00  0.7218E+01
  -7.440  0.5421E+00  0.7224E+01
  -7.430  0.5379E+00  0.7229E+01
  -7.420  0.5339E+00  0.7234E+01
  -7.410  0.5300E+00  0.7240E+01
  -7.400  0.5261E+00  0.7245E+01
  -7.390  0.5221E+00  0.7250E+01
  -7.380  0.5192E+00  0.7255E+01
  -7.370  0.5156E+00  0.7260E+01
  -7.360  0.5093E+00  0.7266E+01
  -7.350  0.5055E+00  0.7271E+01
  -7.340  0.5019E+00  0.7276E+01
  -7.330  0.4982E+00  0.7281E+01
  -7.320  0.4946E+00  0.7286E+01
  -7.310  0.4910E+00  0.7291E+01
  -7.300  0.4874E+00  0.7296E+01
  -7.290  0.4838E+00  0.7300E+01
  -7.280  0.4803E+00  0.7305E+01
  -7.270  0.4765E+00  0.7310E+01
  -7.260  0.4727E+00  0.7315E+01
  -7.250  0.4702E+00  0.7319E+01
  -7.240  0.4693E+00  0.7324E+01
  -7.230  0.4660E+00  0.7329E+01
  -7.220  0.4627E+00  0.7333E+01
  -7.210  0.4594E+00  0.7338E+01
  -7.200  0.4562E+00  0.7343E+01
  -7.190  0.7015E+00  0.7349E+01
  -7.180  0.7108E+00  0.7356E+01
  -7.170  0.7656E+00  0.7363E+01
  -7.160  0.7256E+00  0.7371E+01
  -7.150  0.7034E+00  0.7378E+01
  -7.140  0.7217E+00  0.7385E+01
  -7.130  0.7401E+00  0.7392E+01
  -7.120  0.7592E+00  0.7400E+01
  -7.110  0.7704E+00  0.7408E+01
  -7.100  0.7411E+00  0.7415E+01
  -7.090  0.7114E+00  0.7422E+01
  -7.080  0.7187E+00  0.7429E+01
  -7.070  0.7297E+00  0.7437E+01
  -7.060  0.7406E+00  0.7444E+01
  -7.050  0.7512E+00  0.7452E+01
  -7.040  0.7603E+00  0.7459E+01
  -7.030  0.7299E+00  0.7467E+01
  -7.020  0.7358E+00  0.7474E+01
  -7.010  0.7310E+00  0.7481E+01
  -7.000  0.7262E+00  0.7489E+01
  -6.990  0.7220E+00  0.7496E+01
  -6.980  0.7310E+00  0.7503E+01
  -6.970  0.9675E+00  0.7511E+01
  -6.960  0.9919E+00  0.7520E+01
  -6.950  0.1022E+01  0.7531E+01
  -6.940  0.1083E+01  0.7541E+01
  -6.930  0.9758E+00  0.7552E+01
  -6.920  0.9933E+00  0.7562E+01
  -6.910  0.1016E+01  0.7572E+01
  -6.900  0.1035E+01  0.7582E+01
  -6.890  0.1055E+01  0.7592E+01
  -6.880  0.1066E+01  0.7603E+01
  -6.870  0.1040E+01  0.7613E+01
  -6.860  0.1022E+01  0.7624E+01
  -6.850  0.1042E+01  0.7634E+01
  -6.840  0.1053E+01  0.7644E+01
  -6.830  0.1067E+01  0.7655E+01
  -6.820  0.1081E+01  0.7666E+01
  -6.810  0.1091E+01  0.7677E+01
  -6.800  0.1061E+01  0.7688E+01
  -6.790  0.1074E+01  0.7698E+01
  -6.780  0.1076E+01  0.7709E+01
  -6.770  0.1076E+01  0.7720E+01
  -6.760  0.1076E+01  0.7730E+01
  -6.750  0.1087E+01  0.7741E+01
  -6.740  0.1101E+01  0.7752E+01
  -6.730  0.1108E+01  0.7763E+01
  -6.720  0.1122E+01  0.7774E+01
  -6.710  0.1122E+01  0.7786E+01
  -6.700  0.1119E+01  0.7797E+01
  -6.690  0.1116E+01  0.7808E+01
  -6.680  0.1122E+01  0.7819E+01
  -6.670  0.1122E+01  0.7830E+01
  -6.660  0.1124E+01  0.7842E+01
  -6.650  0.1132E+01  0.7853E+01
  -6.640  0.1141E+01  0.7864E+01
  -6.630  0.1155E+01  0.7876E+01
  -6.620  0.1174E+01  0.7887E+01
  -6.610  0.1165E+01  0.7899E+01
  -6.600  0.1165E+01  0.7911E+01
  -6.590  0.1165E+01  0.7922E+01
  -6.580  0.1166E+01  0.7934E+01
  -6.570  0.1178E+01  0.7946E+01
  -6.560  0.1182E+01  0.7958E+01
  -6.550  0.1191E+01  0.7969E+01
  -6.540  0.1200E+01  0.7981E+01
  -6.530  0.1207E+01  0.7993E+01
  -6.520  0.1211E+01  0.8006E+01
  -6.510  0.1215E+01  0.8018E+01
  -6.500  0.1217E+01  0.8030E+01
  -6.490  0.1230E+01  0.8042E+01
  -6.480  0.1237E+01  0.8054E+01
  -6.470  0.1246E+01  0.8067E+01
  -6.460  0.1251E+01  0.8079E+01
  -6.450  0.1256E+01  0.8092E+01
  -6.440  0.1260E+01  0.8104E+01
  -6.430  0.1266E+01  0.8117E+01
  -6.420  0.1279E+01  0.8130E+01
  -6.410  0.1293E+01  0.8143E+01
  -6.400  0.1305E+01  0.8156E+01
  -6.390  0.1535E+01  0.8169E+01
  -6.380  0.2993E+01  0.8195E+01
  -6.370  0.3365E+01  0.8230E+01
  -6.360  0.3299E+01  0.8263E+01
  -6.350  0.3692E+01  0.8297E+01
  -6.340  0.3401E+01  0.8332E+01
  -6.330  0.3533E+01  0.8367E+01
  -6.320  0.3742E+01  0.8404E+01
  -6.310  0.3733E+01  0.8441E+01
  -6.300  0.3750E+01  0.8479E+01
  -6.290  0.3831E+01  0.8516E+01
  -6.280  0.4153E+01  0.8556E+01
  -6.270  0.4169E+01  0.8597E+01
  -6.260  0.4814E+01  0.8640E+01
  -6.250  0.4883E+01  0.8691E+01
  -6.240  0.4291E+01  0.8739E+01
  -6.230  0.4092E+01  0.8780E+01
  -6.220  0.4000E+01  0.8821E+01
  -6.210  0.3920E+01  0.8860E+01
  -6.200  0.3860E+01  0.8899E+01
  -6.190  0.3844E+01  0.8938E+01
  -6.180  0.3854E+01  0.8976E+01
  -6.170  0.3875E+01  0.9015E+01
  -6.160  0.3922E+01  0.9054E+01
  -6.150  0.4046E+01  0.9094E+01
  -6.140  0.4298E+01  0.9135E+01
  -6.130  0.5281E+01  0.9181E+01
  -6.120  0.5690E+01  0.9237E+01
  -6.110  0.5934E+01  0.9296E+01
  -6.100  0.5442E+01  0.9350E+01
  -6.090  0.4957E+01  0.9401E+01
  -6.080  0.4823E+01  0.9449E+01
  -6.070  0.5153E+01  0.9499E+01
  -6.060  0.6078E+01  0.9554E+01
  -6.050  0.9643E+01  0.9626E+01
  -6.040  0.2243E+01  0.9692E+01
  -6.030  0.2224E+01  0.9715E+01
  -6.020  0.2209E+01  0.9737E+01
  -6.010  0.2200E+01  0.9759E+01
  -6.000  0.2206E+01  0.9781E+01
  -5.990  0.2212E+01  0.9803E+01
  -5.980  0.2267E+01  0.9826E+01
  -5.970  0.2204E+01  0.9848E+01
  -5.960  0.2249E+01  0.9870E+01
  -5.950  0.2221E+01  0.9893E+01
  -5.940  0.2166E+01  0.9915E+01
  -5.930  0.2123E+01  0.9936E+01
  -5.920  0.2067E+01  0.9957E+01
  -5.910  0.2027E+01  0.9978E+01
  -5.900  0.2651E+01  0.9999E+01
  -5.890  0.2482E+01  0.1002E+02
  -5.880  0.2553E+01  0.1005E+02
  -5.870  0.2467E+01  0.1008E+02
  -5.860  0.2556E+01  0.1010E+02
  -5.850  0.2559E+01  0.1013E+02
  -5.840  0.2547E+01  0.1015E+02
  -5.830  0.2622E+01  0.1018E+02
  -5.820  0.2634E+01  0.1020E+02
  -5.810  0.2672E+01  0.1023E+02
  -5.800  0.2770E+01  0.1026E+02
  -5.790  0.2801E+01  0.1029E+02
  -5.780  0.2745E+01  0.1031E+02
  -5.770  0.2760E+01  0.1034E+02
  -5.760  0.2915E+01  0.1037E+02
  -5.750  0.3230E+01  0.1040E+02
  -5.740  0.2522E+01  0.1043E+02
  -5.730  0.1957E+01  0.1045E+02
  -5.720  0.1960E+01  0.1047E+02
  -5.710  0.2005E+01  0.1049E+02
  -5.700  0.2039E+01  0.1051E+02
  -5.690  0.2080E+01  0.1053E+02
  -5.680  0.2121E+01  0.1055E+02
  -5.670  0.2160E+01  0.1057E+02
  -5.660  0.2188E+01  0.1059E+02
  -5.650  0.2265E+01  0.1062E+02
  -5.640  0.2302E+01  0.1064E+02
  -5.630  0.2270E+01  0.1066E+02
  -5.620  0.2317E+01  0.1068E+02
  -5.610  0.2375E+01  0.1071E+02
  -5.600  0.2437E+01  0.1073E+02
  -5.590  0.2492E+01  0.1076E+02
  -5.580  0.2584E+01  0.1078E+02
  -5.570  0.2664E+01  0.1081E+02
  -5.560  0.2684E+01  0.1084E+02
  -5.550  0.2747E+01  0.1086E+02
  -5.540  0.2856E+01  0.1089E+02
  -5.530  0.2843E+01  0.1092E+02
  -5.520  0.2959E+01  0.1095E+02
  -5.510  0.3076E+01  0.1098E+02
  -5.500  0.3379E+01  0.1101E+02
  -5.490  0.6061E+01  0.1106E+02
  -5.480  0.7038E+01  0.1113E+02
  -5.470  0.8284E+01  0.1121E+02
  -5.460  0.8023E+01  0.1129E+02
  -5.450  0.6650E+01  0.1137E+02
  -5.440  0.6153E+01  0.1143E+02
  -5.430  0.5819E+01  0.1149E+02
  -5.420  0.5577E+01  0.1155E+02
  -5.410  0.5414E+01  0.1160E+02
  -5.400  0.5423E+01  0.1165E+02
  -5.390  0.5430E+01  0.1171E+02
  -5.380  0.5445E+01  0.1176E+02
  -5.370  0.5390E+01  0.1182E+02
  -5.360  0.5458E+01  0.1187E+02
  -5.350  0.5377E+01  0.1193E+02
  -5.340  0.5360E+01  0.1198E+02
  -5.330  0.4964E+01  0.1203E+02
  -5.320  0.4799E+01  0.1208E+02
  -5.310  0.4853E+01  0.1213E+02
  -5.300  0.4815E+01  0.1218E+02
  -5.290  0.5277E+01  0.1223E+02
  -5.280  0.4819E+01  0.1228E+02
  -5.270  0.4687E+01  0.1233E+02
  -5.260  0.4694E+01  0.1237E+02
  -5.250  0.4799E+01  0.1242E+02
  -5.240  0.5155E+01  0.1247E+02
  -5.230  0.5231E+01  0.1252E+02
  -5.220  0.5342E+01  0.1258E+02
  -5.210  0.5339E+01  0.1263E+02
  -5.200  0.4630E+01  0.1268E+02
  -5.190  0.4673E+01  0.1273E+02
  -5.180  0.4555E+01  0.1277E+02
  -5.170  0.4481E+01  0.1282E+02
  -5.160  0.4576E+01  0.1286E+02
  -5.150  0.4750E+01  0.1291E+02
  -5.140  0.4582E+01  0.1296E+02
  -5.130  0.4795E+01  0.1300E+02
  -5.120  0.4942E+01  0.1305E+02
  -5.110  0.4654E+01  0.1310E+02
  -5.100  0.4226E+01  0.1315E+02
  -5.090  0.4047E+01  0.1319E+02
  -5.080  0.4010E+01  0.1323E+02
  -5.070  0.4088E+01  0.1327E+02
  -5.060  0.4457E+01  0.1331E+02
  -5.050  0.4215E+01  0.1336E+02
  -5.040  0.3982E+01  0.1340E+02
  -5.030  0.3980E+01  0.1344E+02
  -5.020  0.4018E+01  0.1348E+02
  -5.010  0.4446E+01  0.1352E+02
  -5.000  0.4793E+01  0.1357E+02
  -4.990  0.4942E+01  0.1362E+02
  -4.980  0.4634E+01  0.1366E+02
  -4.970  0.4428E+01  0.1371E+02
  -4.960  0.4382E+01  0.1375E+02
  -4.950  0.4429E+01  0.1380E+02
  -4.940  0.4398E+01  0.1384E+02
  -4.930  0.4509E+01  0.1389E+02
  -4.920  0.4458E+01  0.1393E+02
  -4.910  0.4515E+01  0.1398E+02
  -4.900  0.4633E+01  0.1402E+02
  -4.890  0.4684E+01  0.1407E+02
  -4.880  0.4780E+01  0.1412E+02
  -4.870  0.5036E+01  0.1417E+02
  -4.860  0.5173E+01  0.1422E+02
  -4.850  0.5481E+01  0.1427E+02
  -4.840  0.6466E+01  0.1433E+02
  -4.830  0.6241E+01  0.1439E+02
  -4.820  0.5800E+01  0.1445E+02
  -4.810  0.5418E+01  0.1451E+02
  -4.800  0.5170E+01  0.1456E+02
  -4.790  0.5132E+01  0.1461E+02
  -4.780  0.4899E+01  0.1466E+02
  -4.770  0.4686E+01  0.1471E+02
  -4.760  0.4596E+01  0.1476E+02
  -4.750  0.4452E+01  0.1480E+02
  -4.740  0.4354E+01  0.1485E+02
  -4.730  0.4304E+01  0.1489E+02
  -4.720  0.4131E+01  0.1493E+02
  -4.710  0.4105E+01  0.1498E+02
  -4.700  0.3972E+01  0.1502E+02
  -4.690  0.3901E+01  0.1505E+02
  -4.680  0.3921E+01  0.1509E+02
  -4.670  0.3814E+01  0.1513E+02
  -4.660  0.3654E+01  0.1517E+02
  -4.650  0.3783E+01  0.1521E+02
  -4.640  0.3916E+01  0.1524E+02
  -4.630  0.1670E+01  0.1527E+02
  -4.620  0.1681E+01  0.1529E+02
  -4.610  0.1709E+01  0.1530E+02
  -4.600  0.1707E+01  0.1532E+02
  -4.590  0.1676E+01  0.1534E+02
  -4.580  0.1638E+01  0.1535E+02
  -4.570  0.1605E+01  0.1537E+02
  -4.560  0.1594E+01  0.1539E+02
  -4.550  0.1616E+01  0.1540E+02
  -4.540  0.1613E+01  0.1542E+02
  -4.530  0.1625E+01  0.1543E+02
  -4.520  0.1594E+01  0.1545E+02
  -4.510  0.1558E+01  0.1547E+02
  -4.500  0.1536E+01  0.1548E+02
  -4.490  0.1543E+01  0.1550E+02
  -4.480  0.1534E+01  0.1551E+02
  -4.470  0.1585E+01  0.1553E+02
  -4.460  0.1548E+01  0.1554E+02
  -4.450  0.1518E+01  0.1556E+02
  -4.440  0.1490E+01  0.1557E+02
  -4.430  0.1491E+01  0.1559E+02
  -4.420  0.1476E+01  0.1560E+02
  -4.410  0.1499E+01  0.1562E+02
  -4.400  0.1502E+01  0.1563E+02
  -4.390  0.1467E+01  0.1565E+02
  -4.380  0.1444E+01  0.1566E+02
  -4.370  0.1446E+01  0.1568E+02
  -4.360  0.1437E+01  0.1569E+02
  -4.350  0.1455E+01  0.1571E+02
  -4.340  0.1458E+01  0.1572E+02
  -4.330  0.1422E+01  0.1574E+02
  -4.320  0.1403E+01  0.1575E+02
  -4.310  0.1385E+01  0.1576E+02
  -4.300  0.1398E+01  0.1578E+02
  -4.290  0.1408E+01  0.1579E+02
  -4.280  0.1385E+01  0.1581E+02
  -4.270  0.1384E+01  0.1582E+02
  -4.260  0.1368E+01  0.1583E+02
  -4.250  0.1381E+01  0.1585E+02
  -4.240  0.1403E+01  0.1586E+02
  -4.230  0.1347E+01  0.1587E+02
  -4.220  0.1383E+01  0.1589E+02
  -4.210  0.1280E+01  0.1590E+02
  -4.200  0.1343E+01  0.1591E+02
  -4.190  0.1396E+01  0.1593E+02
  -4.180  0.1327E+01  0.1594E+02
  -4.170  0.9253E+00  0.1595E+02
  -4.160  0.9497E+00  0.1596E+02
  -4.150  0.7079E+00  0.1597E+02
  -4.140  0.7945E+00  0.1598E+02
  -4.130  0.6819E+00  0.1599E+02
  -4.120  0.6791E+00  0.1599E+02
  -4.110  0.3331E+00  0.1600E+02
  -4.100  0.1433E-01  0.1600E+02
  -4.090  0.0000E+00  0.1600E+02
  -4.080  0.0000E+00  0.1600E+02
  -4.070  0.0000E+00  0.1600E+02
  -4.060  0.0000E+00  0.1600E+02
  -4.050  0.0000E+00  0.1600E+02
  -4.040  0.0000E+00  0.1600E+02
  -4.030  0.0000E+00  0.1600E+02
  -4.020  0.0000E+00  0.1600E+02
  -4.010  0.0000E+00  0.1600E+02
  -4.000  0.0000E+00  0.1600E+02
  -3.990  0.0000E+00  0.1600E+02
  -3.980  0.0000E+00  0.1600E+02
  -3.970  0.0000E+00  0.1600E+02
  -3.960  0.0000E+00  0.1600E+02
  -3.950  0.0000E+00  0.1600E+02
  -3.940  0.0000E+00  0.1600E+02
  -3.930  0.0000E+00  0.1600E+02
  -3.920  0.0000E+00  0.1600E+02
  -3.910  0.0000E+00  0.1600E+02
  -3.900  0.0000E+00  0.1600E+02
  -3.890  0.0000E+00  0.1600E+02
  -3.880  0.0000E+00  0.1600E+02
  -3.870  0.0000E+00  0.1600E+02
  -3.860  0.0000E+00  0.1600E+02
  -3.850  0.0000E+00  0.1600E+02
  -3.840  0.0000E+00  0.1600E+02
  -3.830  0.0000E+00  0.1600E+02
  -3.820  0.0000E+00  0.1600E+02
  -3.810  0.0000E+00  0.1600E+02
  -3.800  0.0000E+00  0.1600E+02
  -3.790  0.0000E+00  0.1600E+02
  -3.780  0.0000E+00  0.1600E+02
  -3.770  0.0000E+00  0.1600E+02
  -3.760  0.0000E+00  0.1600E+02
  -3.750  0.1039E+01  0.1600E+02
  -3.740  0.1184E+01  0.1602E+02
  -3.730  0.1378E+01  0.1603E+02
  -3.720  0.1399E+01  0.1604E+02
  -3.710  0.1446E+01  0.1606E+02
  -3.700  0.1532E+01  0.1607E+02
  -3.690  0.1643E+01  0.1609E+02
  -3.680  0.1627E+01  0.1611E+02
  -3.670  0.1758E+01  0.1612E+02
  -3.660  0.1916E+01  0.1614E+02
  -3.650  0.1930E+01  0.1616E+02
  -3.640  0.2155E+01  0.1618E+02
  -3.630  0.3150E+01  0.1621E+02
  -3.620  0.2917E+01  0.1623E+02
  -3.610  0.5404E+01  0.1630E+02
  -3.600  0.3587E+01  0.1634E+02
  -3.590  0.3059E+01  0.1637E+02
  -3.580  0.2672E+01  0.1640E+02
  -3.570  0.2485E+01  0.1643E+02
  -3.560  0.2291E+01  0.1645E+02
  -3.550  0.2192E+01  0.1647E+02
  -3.540  0.2083E+01  0.1649E+02
  -3.530  0.1989E+01  0.1651E+02
  -3.520  0.1930E+01  0.1653E+02
  -3.510  0.1860E+01  0.1655E+02
  -3.500  0.1804E+01  0.1657E+02
  -3.490  0.1765E+01  0.1659E+02
  -3.480  0.1724E+01  0.1661E+02
  -3.470  0.1679E+01  0.1662E+02
  -3.460  0.1660E+01  0.1664E+02
  -3.450  0.1629E+01  0.1666E+02
  -3.440  0.1592E+01  0.1667E+02
  -3.430  0.1575E+01  0.1669E+02
  -3.420  0.1559E+01  0.1670E+02
  -3.410  0.1550E+01  0.1672E+02
  -3.400  0.1520E+01  0.1674E+02
  -3.390  0.1512E+01  0.1675E+02
  -3.380  0.1499E+01  0.1677E+02
  -3.370  0.1486E+01  0.1678E+02
  -3.360  0.1473E+01  0.1680E+02
  -3.350  0.1480E+01  0.1681E+02
  -3.340  0.1471E+01  0.1683E+02
  -3.330  0.1460E+01  0.1684E+02
  -3.320  0.1449E+01  0.1685E+02
  -3.310  0.1447E+01  0.1687E+02
  -3.300  0.1460E+01  0.1688E+02
  -3.290  0.1461E+01  0.1690E+02
  -3.280  0.1453E+01  0.1691E+02
  -3.270  0.1450E+01  0.1693E+02
  -3.260  0.1459E+01  0.1694E+02
  -3.250  0.1466E+01  0.1696E+02
  -3.240  0.1483E+01  0.1697E+02
  -3.230  0.1480E+01  0.1699E+02
  -3.220  0.1490E+01  0.1700E+02
  -3.210  0.1498E+01  0.1702E+02
  -3.200  0.1508E+01  0.1703E+02
  -3.190  0.1540E+01  0.1705E+02
  -3.180  0.1804E+01  0.1706E+02
  -3.170  0.2010E+01  0.1708E+02
  -3.160  0.2030E+01  0.1710E+02
  -3.150  0.2179E+01  0.1712E+02
  -3.140  0.2268E+01  0.1715E+02
  -3.130  0.2347E+01  0.1717E+02
  -3.120  0.2435E+01  0.1719E+02
  -3.110  0.2521E+01  0.1722E+02
  -3.100  0.2682E+01  0.1724E+02
  -3.090  0.2816E+01  0.1727E+02
  -3.080  0.2973E+01  0.1730E+02
  -3.070  0.3081E+01  0.1733E+02
  -3.060  0.3345E+01  0.1736E+02
  -3.050  0.3576E+01  0.1740E+02
  -3.040  0.3854E+01  0.1743E+02
  -3.030  0.4176E+01  0.1747E+02
  -3.020  0.4673E+01  0.1752E+02
  -3.010  0.5201E+01  0.1757E+02
  -3.000  0.6030E+01  0.1762E+02
  -2.990  0.7441E+01  0.1769E+02
  -2.980  0.1210E+02  0.1778E+02
  -2.970  0.1107E+02  0.1791E+02
  -2.960  0.3477E+01  0.1800E+02
  -2.950  0.0000E+00  0.1800E+02
  -2.940  0.0000E+00  0.1800E+02
  -2.930  0.0000E+00  0.1800E+02
  -2.920  0.0000E+00  0.1800E+02
  -2.910  0.0000E+00  0.1800E+02
  -2.900  0.0000E+00  0.1800E+02
  -2.890  0.0000E+00  0.1800E+02
  -2.880  0.0000E+00  0.1800E+02
  -2.870  0.0000E+00  0.1800E+02
  -2.860  0.0000E+00  0.1800E+02
  -2.850  0.0000E+00  0.1800E+02
  -2.840  0.0000E+00  0.1800E+02
  -2.830  0.0000E+00  0.1800E+02
  -2.820  0.0000E+00  0.1800E+02
  -2.810  0.0000E+00  0.1800E+02
  -2.800  0.0000E+00  0.1800E+02
  -2.790  0.0000E+00  0.1800E+02
  -2.780  0.0000E+00  0.1800E+02
  -2.770  0.0000E+00  0.1800E+02
  -2.760  0.0000E+00  0.1800E+02
  -2.750  0.0000E+00  0.1800E+02
  -2.740  0.0000E+00  0.1800E+02
  -2.730  0.0000E+00  0.1800E+02
  -2.720  0.0000E+00  0.1800E+02
  -2.710  0.0000E+00  0.1800E+02
  -2.700  0.0000E+00  0.1800E+02
  -2.690  0.0000E+00  0.1800E+02
  -2.680  0.0000E+00  0.1800E+02
  -2.670  0.0000E+00  0.1800E+02
  -2.660  0.0000E+00  0.1800E+02
  -2.650  0.0000E+00  0.1800E+02
  -2.640  0.0000E+00  0.1800E+02
  -2.630  0.0000E+00  0.1800E+02
  -2.620  0.0000E+00  0.1800E+02
  -2.610  0.0000E+00  0.1800E+02
  -2.600  0.0000E+00  0.1800E+02
  -2.590  0.0000E+00  0.1800E+02
  -2.580  0.0000E+00  0.1800E+02
  -2.570  0.0000E+00  0.1800E+02
  -2.560  0.0000E+00  0.1800E+02
  -2.550  0.0000E+00  0.1800E+02
  -2.540  0.0000E+00  0.1800E+02
  -2.530  0.0000E+00  0.1800E+02
  -2.520  0.0000E+00  0.1800E+02
  -2.510  0.0000E+00  0.1800E+02
  -2.500  0.0000E+00  0.1800E+02
  -2.490  0.0000E+00  0.1800E+02
  -2.480  0.0000E+00  0.1800E+02
  -2.470  0.0000E+00  0.1800E+02
  -2.460  0.0000E+00  0.1800E+02
  -2.450  0.0000E+00  0.1800E+02
  -2.440  0.0000E+00  0.1800E+02
  -2.430  0.0000E+00  0.1800E+02
  -2.420  0.0000E+00  0.1800E+02
  -2.410  0.0000E+00  0.1800E+02
  -2.400  0.0000E+00  0.1800E+02
  -2.390  0.0000E+00  0.1800E+02
  -2.380  0.0000E+00  0.1800E+02
  -2.370  0.0000E+00  0.1800E+02
  -2.360  0.0000E+00  0.1800E+02
  -2.350  0.0000E+00  0.1800E+02
  -2.340  0.0000E+00  0.1800E+02
  -2.330  0.0000E+00  0.1800E+02
  -2.320  0.0000E+00  0.1800E+02
  -2.310  0.0000E+00  0.1800E+02
  -2.300  0.0000E+00  0.1800E+02
  -2.290  0.0000E+00  0.1800E+02
  -2.280  0.0000E+00  0.1800E+02
  -2.270  0.0000E+00  0.1800E+02
  -2.260  0.0000E+00  0.1800E+02
  -2.250  0.0000E+00  0.1800E+02
  -2.240  0.0000E+00  0.1800E+02
  -2.230  0.0000E+00  0.1800E+02
  -2.220  0.0000E+00  0.1800E+02
  -2.210  0.0000E+00  0.1800E+02
  -2.200  0.0000E+00  0.1800E+02
  -2.190  0.0000E+00  0.1800E+02
  -2.180  0.0000E+00  0.1800E+02
  -2.170  0.0000E+00  0.1800E+02
  -2.160  0.0000E+00  0.1800E+02
  -2.150  0.0000E+00  0.1800E+02
  -2.140  0.0000E+00  0.1800E+02
  -2.130  0.0000E+00  0.1800E+02
  -2.120  0.0000E+00  0.1800E+02
  -2.110  0.0000E+00  0.1800E+02
  -2.100  0.0000E+00  0.1800E+02
  -2.090  0.0000E+00  0.1800E+02
  -2.080  0.0000E+00  0.1800E+02
  -2.070  0.0000E+00  0.1800E+02
  -2.060  0.0000E+00  0.1800E+02
  -2.050  0.0000E+00  0.1800E+02
  -2.040  0.0000E+00  0.1800E+02
  -2.030  0.0000E+00  0.1800E+02
  -2.020  0.0000E+00  0.1800E+02
  -2.010  0.0000E+00  0.1800E+02
  -2.000  0.0000E+00  0.1800E+02
  -1.990  0.0000E+00  0.1800E+02
  -1.980  0.0000E+00  0.1800E+02
  -1.970  0.0000E+00  0.1800E+02
  -1.960  0.0000E+00  0.1800E+02
  -1.950  0.0000E+00  0.1800E+02
  -1.940  0.0000E+00  0.1800E+02
  -1.930  0.0000E+00  0.1800E+02
  -1.920  0.0000E+00  0.1800E+02
  -1.910  0.0000E+00  0.1800E+02
  -1.900  0.0000E+00  0.1800E+02
  -1.890  0.0000E+00  0.1800E+02
  -1.880  0.0000E+00  0.1800E+02
  -1.870  0.0000E+00  0.1800E+02
  -1.860  0.0000E+00  0.1800E+02
  -1.850  0.0000E+00  0.1800E+02
  -1.840  0.0000E+00  0.1800E+02
  -1.830  0.0000E+00  0.1800E+02
  -1.820  0.0000E+00  0.1800E+02
  -1.810  0.0000E+00  0.1800E+02
  -1.800  0.0000E+00  0.1800E+02
  -1.790  0.0000E+00  0.1800E+02
  -1.780  0.0000E+00  0.1800E+02
  -1.770  0.0000E+00  0.1800E+02
  -1.760  0.0000E+00  0.1800E+02
  -1.750  0.0000E+00  0.1800E+02
  -1.740  0.0000E+00  0.1800E+02
  -1.730  0.0000E+00  0.1800E+02
  -1.720  0.0000E+00  0.1800E+02
  -1.710  0.0000E+00  0.1800E+02
  -1.700  0.0000E+00  0.1800E+02
  -1.690  0.0000E+00  0.1800E+02
  -1.680  0.0000E+00  0.1800E+02
  -1.670  0.0000E+00  0.1800E+02
  -1.660  0.0000E+00  0.1800E+02
  -1.650  0.0000E+00  0.1800E+02
  -1.640  0.0000E+00  0.1800E+02
  -1.630  0.0000E+00  0.1800E+02
  -1.620  0.0000E+00  0.1800E+02
  -1.610  0.0000E+00  0.1800E+02
  -1.600  0.0000E+00  0.1800E+02
  -1.590  0.0000E+00  0.1800E+02
  -1.580  0.0000E+00  0.1800E+02
  -1.570  0.0000E+00  0.1800E+02
  -1.560  0.0000E+00  0.1800E+02
  -1.550  0.0000E+00  0.1800E+02
  -1.540  0.0000E+00  0.1800E+02
  -1.530  0.0000E+00  0.1800E+02
  -1.520  0.0000E+00  0.1800E+02
  -1.510  0.0000E+00  0.1800E+02
  -1.500  0.0000E+00  0.1800E+02
  -1.490  0.0000E+00  0.1800E+02
  -1.480  0.0000E+00  0.1800E+02
  -1.470  0.0000E+00  0.1800E+02
  -1.460  0.0000E+00  0.1800E+02
  -1.450  0.0000E+00  0.1800E+02
  -1.440  0.0000E+00  0.1800E+02
  -1.430  0.0000E+00  0.1800E+02
  -1.420  0.0000E+00  0.1800E+02
  -1.410  0.0000E+00  0.1800E+02
  -1.400  0.0000E+00  0.1800E+02
  -1.390  0.0000E+00  0.1800E+02
  -1.380  0.0000E+00  0.1800E+02
  -1.370  0.0000E+00  0.1800E+02
  -1.360  0.0000E+00  0.1800E+02
  -1.350  0.0000E+00  0.1800E+02
  -1.340  0.0000E+00  0.1800E+02
  -1.330  0.0000E+00  0.1800E+02
  -1.320  0.0000E+00  0.1800E+02
  -1.310  0.0000E+00  0.1800E+02
  -1.300  0.0000E+00  0.1800E+02
  -1.290  0.0000E+00  0.1800E+02
  -1.280  0.0000E+00  0.1800E+02
  -1.270  0.0000E+00  0.1800E+02
  -1.260  0.0000E+00  0.1800E+02
  -1.250  0.0000E+00  0.1800E+02
  -1.240  0.0000E+00  0.1800E+02
  -1.230  0.0000E+00  0.1800E+02
  -1.220  0.0000E+00  0.1800E+02
  -1.210  0.0000E+00  0.1800E+02
  -1.200  0.0000E+00  0.1800E+02
  -1.190  0.0000E+00  0.1800E+02
  -1.180  0.0000E+00  0.1800E+02
  -1.170  0.0000E+00  0.1800E+02
  -1.160  0.0000E+00  0.1800E+02
  -1.150  0.0000E+00  0.1800E+02
  -1.140  0.0000E+00  0.1800E+02
  -1.130  0.0000E+00  0.1800E+02
  -1.120  0.0000E+00  0.1800E+02
  -1.110  0.0000E+00  0.1800E+02
  -1.100  0.0000E+00  0.1800E+02
  -1.090  0.0000E+00  0.1800E+02
  -1.080  0.0000E+00  0.1800E+02
  -1.070  0.0000E+00  0.1800E+02
  -1.060  0.0000E+00  0.1800E+02
  -1.050  0.0000E+00  0.1800E+02
  -1.040  0.0000E+00  0.1800E+02
  -1.030  0.0000E+00  0.1800E+02
  -1.020  0.0000E+00  0.1800E+02
  -1.010  0.0000E+00  0.1800E+02
  -1.000  0.0000E+00  0.1800E+02
  -0.990  0.0000E+00  0.1800E+02
  -0.980  0.0000E+00  0.1800E+02
  -0.970  0.0000E+00  0.1800E+02
  -0.960  0.0000E+00  0.1800E+02
  -0.950  0.0000E+00  0.1800E+02
  -0.940  0.0000E+00  0.1800E+02
  -0.930  0.0000E+00  0.1800E+02
  -0.920  0.0000E+00  0.1800E+02
  -0.910  0.0000E+00  0.1800E+02
  -0.900  0.0000E+00  0.1800E+02
  -0.890  0.0000E+00  0.1800E+02
  -0.880  0.4616E-01  0.1800E+02
  -0.870  0.1936E+00  0.1800E+02
  -0.860  0.8375E+00  0.1801E+02
  -0.850  0.8316E+00  0.1802E+02
  -0.840  0.7997E+00  0.1802E+02
  -0.830  0.9687E+00  0.1803E+02
  -0.820  0.8521E+00  0.1804E+02
  -0.810  0.8516E+00  0.1805E+02
  -0.800  0.8684E+00  0.1806E+02
  -0.790  0.1462E+01  0.1807E+02
  -0.780  0.1458E+01  0.1808E+02
  -0.770  0.1361E+01  0.1810E+02
  -0.760  0.1466E+01  0.1811E+02
  -0.750  0.1489E+01  0.1813E+02
  -0.740  0.1601E+01  0.1814E+02
  -0.730  0.1541E+01  0.1816E+02
  -0.720  0.1594E+01  0.1817E+02
  -0.710  0.1549E+01  0.1819E+02
  -0.700  0.1612E+01  0.1821E+02
  -0.690  0.1674E+01  0.1822E+02
  -0.680  0.1702E+01  0.1824E+02
  -0.670  0.1742E+01  0.1826E+02
  -0.660  0.1744E+01  0.1827E+02
  -0.650  0.1795E+01  0.1829E+02
  -0.640  0.1875E+01  0.1831E+02
  -0.630  0.1914E+01  0.1833E+02
  -0.620  0.1980E+01  0.1835E+02
  -0.610  0.2091E+01  0.1837E+02
  -0.600  0.2190E+01  0.1839E+02
  -0.590  0.2328E+01  0.1841E+02
  -0.580  0.2547E+01  0.1844E+02
  -0.570  0.3021E+01  0.1847E+02
  -0.560  0.3031E+01  0.1850E+02
  -0.550  0.2677E+01  0.1853E+02
  -0.540  0.2633E+01  0.1855E+02
  -0.530  0.2169E+01  0.1858E+02
  -0.520  0.1999E+01  0.1860E+02
  -0.510  0.1899E+01  0.1862E+02
  -0.500  0.1886E+01  0.1864E+02
  -0.490  0.1772E+01  0.1866E+02
  -0.480  0.1680E+01  0.1867E+02
  -0.470  0.1583E+01  0.1869E+02
  -0.460  0.1520E+01  0.1870E+02
  -0.450  0.1481E+01  0.1872E+02
  -0.440  0.1460E+01  0.1873E+02
  -0.430  0.1435E+01  0.1875E+02
  -0.420  0.1374E+01  0.1876E+02
  -0.410  0.1347E+01  0.1878E+02
  -0.400  0.1324E+01  0.1879E+02
  -0.390  0.1285E+01  0.1880E+02
  -0.380  0.1237E+01  0.1882E+02
  -0.370  0.1211E+01  0.1883E+02
  -0.360  0.1197E+01  0.1884E+02
  -0.350  0.1174E+01  0.1885E+02
  -0.340  0.1136E+01  0.1886E+02
  -0.330  0.1111E+01  0.1887E+02
  -0.320  0.1098E+01  0.1888E+02
  -0.310  0.1084E+01  0.1890E+02
  -0.300  0.1061E+01  0.1891E+02
  -0.290  0.1042E+01  0.1892E+02
  -0.280  0.1037E+01  0.1893E+02
  -0.270  0.1030E+01  0.1894E+02
  -0.260  0.1014E+01  0.1895E+02
  -0.250  0.9859E+00  0.1896E+02
  -0.240  0.9586E+00  0.1897E+02
  -0.230  0.9366E+00  0.1898E+02
  -0.220  0.9312E+00  0.1899E+02
  -0.210  0.9219E+00  0.1900E+02
  -0.200  0.9105E+00  0.1901E+02
  -0.190  0.8933E+00  0.1901E+02
  -0.180  0.8837E+00  0.1902E+02
  -0.170  0.8767E+00  0.1903E+02
  -0.160  0.8695E+00  0.1904E+02
  -0.150  0.8642E+00  0.1905E+02
  -0.140  0.8551E+00  0.1906E+02
  -0.130  0.8415E+00  0.1907E+02
  -0.120  0.8306E+00  0.1907E+02
  -0.110  0.8106E+00  0.1908E+02
  -0.100  0.8022E+00  0.1909E+02
  -0.090  0.7944E+00  0.1910E+02
  -0.080  0.7848E+00  0.1911E+02
  -0.070  0.7725E+00  0.1911E+02
  -0.060  0.7636E+00  0.1912E+02
  -0.050  0.7587E+00  0.1913E+02
  -0.040  0.7539E+00  0.1914E+02
  -0.030  0.7490E+00  0.1914E+02
  -0.020  0.7437E+00  0.1915E+02
  -0.010  0.7318E+00  0.1916E+02
   0.000  0.7202E+00  0.1917E+02
   0.010  0.7220E+00  0.1917E+02
   0.020  0.7217E+00  0.1918E+02
   0.030  0.7112E+00  0.1919E+02
   0.040  0.7064E+00  0.1920E+02
   0.050  0.6936E+00  0.1920E+02
   0.060  0.6805E+00  0.1921E+02
   0.070  0.6684E+00  0.1922E+02
   0.080  0.6642E+00  0.1922E+02
   0.090  0.6600E+00  0.1923E+02
   0.100  0.6557E+00  0.1924E+02
   0.110  0.6562E+00  0.1924E+02
   0.120  0.6501E+00  0.1925E+02
   0.130  0.6347E+00  0.1926E+02
   0.140  0.6401E+00  0.1926E+02
   0.150  0.6453E+00  0.1927E+02
   0.160  0.6399E+00  0.1927E+02
   0.170  0.6331E+00  0.1928E+02
   0.180  0.6237E+00  0.1929E+02
   0.190  0.6125E+00  0.1929E+02
   0.200  0.6025E+00  0.1930E+02
   0.210  0.5951E+00  0.1931E+02
   0.220  0.5937E+00  0.1931E+02
   0.230  0.5923E+00  0.1932E+02
   0.240  0.5903E+00  0.1932E+02
   0.250  0.5882E+00  0.1933E+02
   0.260  0.5866E+00  0.1934E+02
   0.270  0.5706E+00  0.1934E+02
   0.280  0.5675E+00  0.1935E+02
   0.290  0.5682E+00  0.1935E+02
   0.300  0.5660E+00  0.1936E+02
   0.310  0.5622E+00  0.1936E+02
   0.320  0.5569E+00  0.1937E+02
   0.330  0.5513E+00  0.1937E+02
   0.340  0.5444E+00  0.1938E+02
   0.350  0.5405E+00  0.1939E+02
   0.360  0.5427E+00  0.1939E+02
   0.370  0.5437E+00  0.1940E+02
   0.380  0.5415E+00  0.1940E+02
   0.390  0.5324E+00  0.1941E+02
   0.400  0.5233E+00  0.1941E+02
   0.410  0.5143E+00  0.1942E+02
   0.420  0.5088E+00  0.1942E+02
   0.430  0.5078E+00  0.1943E+02
   0.440  0.5067E+00  0.1943E+02
   0.450  0.5056E+00  0.1944E+02
   0.460  0.5045E+00  0.1944E+02
   0.470  0.4980E+00  0.1945E+02
   0.480  0.4854E+00  0.1945E+02
   0.490  0.4981E+00  0.1946E+02
   0.500  0.5430E+00  0.1946E+02
   0.510  0.5857E+00  0.1947E+02
   0.520  0.6228E+00  0.1948E+02
   0.530  0.7420E+00  0.1948E+02
   0.540  0.7772E+00  0.1949E+02
   0.550  0.1015E+01  0.1950E+02
   0.560  0.1226E+01  0.1951E+02
   0.570  0.1227E+01  0.1952E+02
   0.580  0.1142E+01  0.1954E+02
   0.590  0.1193E+01  0.1955E+02
   0.600  0.1501E+01  0.1956E+02
   0.610  0.1198E+01  0.1957E+02
   0.620  0.1222E+01  0.1958E+02
   0.630  0.1213E+01  0.1960E+02
   0.640  0.1221E+01  0.1961E+02
   0.650  0.1199E+01  0.1962E+02
   0.660  0.1196E+01  0.1963E+02
   0.670  0.1199E+01  0.1965E+02
   0.680  0.1184E+01  0.1966E+02
   0.690  0.1194E+01  0.1967E+02
   0.700  0.1197E+01  0.1968E+02
   0.710  0.1218E+01  0.1969E+02
   0.720  0.1228E+01  0.1971E+02
   0.730  0.1228E+01  0.1972E+02
   0.740  0.1236E+01  0.1973E+02
   0.750  0.1232E+01  0.1974E+02
   0.760  0.1249E+01  0.1976E+02
   0.770  0.1205E+01  0.1977E+02
   0.780  0.1204E+01  0.1978E+02
   0.790  0.1195E+01  0.1979E+02
   0.800  0.1205E+01  0.1980E+02
   0.810  0.1215E+01  0.1982E+02
   0.820  0.1230E+01  0.1983E+02
   0.830  0.1272E+01  0.1984E+02
   0.840  0.1231E+01  0.1985E+02
   0.850  0.1225E+01  0.1987E+02
   0.860  0.1229E+01  0.1988E+02
   0.870  0.1226E+01  0.1989E+02
   0.880  0.1230E+01  0.1990E+02
   0.890  0.1241E+01  0.1992E+02
   0.900  0.1305E+01  0.1993E+02
   0.910  0.1262E+01  0.1994E+02
   0.920  0.1237E+01  0.1995E+02
   0.930  0.1234E+01  0.1997E+02
   0.940  0.1249E+01  0.1998E+02
   0.950  0.1250E+01  0.1999E+02
   0.960  0.1260E+01  0.2000E+02
   0.970  0.1268E+01  0.2002E+02
   0.980  0.1276E+01  0.2003E+02
   0.990  0.1299E+01  0.2004E+02
   1.000  0.1266E+01  0.2005E+02
   1.010  0.1261E+01  0.2007E+02
   1.020  0.1262E+01  0.2008E+02
   1.030  0.1272E+01  0.2009E+02
   1.040  0.1292E+01  0.2011E+02
   1.050  0.1305E+01  0.2012E+02
   1.060  0.1319E+01  0.2013E+02
   1.070  0.1362E+01  0.2014E+02
   1.080  0.1329E+01  0.2016E+02
   1.090  0.1311E+01  0.2017E+02
   1.100  0.1325E+01  0.2018E+02
   1.110  0.1342E+01  0.2020E+02
   1.120  0.1359E+01  0.2021E+02
   1.130  0.1373E+01  0.2023E+02
   1.140  0.1382E+01  0.2024E+02
   1.150  0.1389E+01  0.2025E+02
   1.160  0.1425E+01  0.2027E+02
   1.170  0.1400E+01  0.2028E+02
   1.180  0.1417E+01  0.2029E+02
   1.190  0.1432E+01  0.2031E+02
   1.200  0.1551E+01  0.2032E+02
   1.210  0.2044E+01  0.2034E+02
   1.220  0.2574E+01  0.2037E+02
   1.230  0.2583E+01  0.2039E+02
   1.240  0.2560E+01  0.2042E+02
   1.250  0.2708E+01  0.2045E+02
   1.260  0.2784E+01  0.2047E+02
   1.270  0.2787E+01  0.2050E+02
   1.280  0.2814E+01  0.2053E+02
   1.290  0.3046E+01  0.2056E+02
   1.300  0.2876E+01  0.2059E+02
   1.310  0.2900E+01  0.2062E+02
   1.320  0.2885E+01  0.2065E+02
   1.330  0.2726E+01  0.2068E+02
   1.340  0.2712E+01  0.2070E+02
   1.350  0.2784E+01  0.2073E+02
   1.360  0.2851E+01  0.2076E+02
   1.370  0.2985E+01  0.2079E+02
   1.380  0.3060E+01  0.2082E+02
   1.390  0.3213E+01  0.2085E+02
   1.400  0.3226E+01  0.2088E+02
   1.410  0.3630E+01  0.2092E+02
   1.420  0.3641E+01  0.2095E+02
   1.430  0.3456E+01  0.2099E+02
   1.440  0.3343E+01  0.2102E+02
   1.450  0.3271E+01  0.2106E+02
   1.460  0.3220E+01  0.2109E+02
   1.470  0.3168E+01  0.2112E+02
   1.480  0.3144E+01  0.2115E+02
   1.490  0.3106E+01  0.2118E+02
   1.500  0.3066E+01  0.2121E+02
   1.510  0.3105E+01  0.2124E+02
   1.520  0.3064E+01  0.2128E+02
   1.530  0.8055E+01  0.2132E+02
   1.540  0.7701E+01  0.2141E+02
   1.550  0.6223E+01  0.2147E+02
   1.560  0.6519E+01  0.2154E+02
   1.570  0.6663E+01  0.2161E+02
   1.580  0.6802E+01  0.2167E+02
   1.590  0.6231E+01  0.2174E+02
   1.600  0.5877E+01  0.2180E+02
   1.610  0.4683E+01  0.2185E+02
   1.620  0.5113E+01  0.2190E+02
   1.630  0.5066E+01  0.2195E+02
   1.640  0.5915E+01  0.2201E+02
   1.650  0.6512E+01  0.2207E+02
   1.660  0.6381E+01  0.2214E+02
   1.670  0.6114E+01  0.2220E+02
   1.680  0.7157E+01  0.2226E+02
   1.690  0.6595E+01  0.2232E+02
   1.700  0.7573E+01  0.2239E+02
   1.710  0.6002E+01  0.2246E+02
   1.720  0.5967E+01  0.2252E+02
   1.730  0.5401E+01  0.2258E+02
   1.740  0.5273E+01  0.2263E+02
   1.750  0.5263E+01  0.2268E+02
   1.760  0.5110E+01  0.2273E+02
   1.770  0.5071E+01  0.2278E+02
   1.780  0.4909E+01  0.2283E+02
   1.790  0.4771E+01  0.2288E+02
   1.800  0.4596E+01  0.2293E+02
   1.810  0.4562E+01  0.2298E+02
   1.820  0.4268E+01  0.2302E+02
   1.830  0.4004E+01  0.2306E+02
   1.840  0.4224E+01  0.2310E+02
   1.850  0.3696E+01  0.2314E+02
   1.860  0.3526E+01  0.2318E+02
   1.870  0.3198E+01  0.2321E+02
   1.880  0.3240E+01  0.2325E+02
   1.890  0.2967E+01  0.2328E+02
   1.900  0.2794E+01  0.2331E+02
   1.910  0.2922E+01  0.2333E+02
   1.920  0.2951E+01  0.2336E+02
   1.930  0.2970E+01  0.2339E+02
   1.940  0.3172E+01  0.2342E+02
   1.950  0.3225E+01  0.2346E+02
   1.960  0.3299E+01  0.2349E+02
   1.970  0.3415E+01  0.2352E+02
   1.980  0.3543E+01  0.2356E+02
   1.990  0.3787E+01  0.2359E+02
   2.000  0.4207E+01  0.2363E+02
   2.010  0.4281E+01  0.2367E+02
   2.020  0.4165E+01  0.2372E+02
   2.030  0.4221E+01  0.2376E+02
   2.040  0.4798E+01  0.2380E+02
   2.050  0.3469E+01  0.2385E+02
   2.060  0.2815E+01  0.2388E+02
   2.070  0.2603E+01  0.2391E+02
   2.080  0.2530E+01  0.2394E+02
   2.090  0.2537E+01  0.2396E+02
   2.100  0.2319E+01  0.2399E+02
   2.110  0.2310E+01  0.2401E+02
   2.120  0.2308E+01  0.2403E+02
   2.130  0.2319E+01  0.2406E+02
   2.140  0.2461E+01  0.2408E+02
   2.150  0.2192E+01  0.2410E+02
   2.160  0.2168E+01  0.2413E+02
   2.170  0.2171E+01  0.2415E+02
   2.180  0.2353E+01  0.2417E+02
   2.190  0.2282E+01  0.2419E+02
   2.200  0.2301E+01  0.2422E+02
   2.210  0.2335E+01  0.2424E+02
   2.220  0.2298E+01  0.2426E+02
   2.230  0.2353E+01  0.2429E+02
   2.240  0.2372E+01  0.2431E+02
   2.250  0.2410E+01  0.2433E+02
   2.260  0.2476E+01  0.2436E+02
   2.270  0.2622E+01  0.2438E+02
   2.280  0.3381E+01  0.2441E+02
   2.290  0.3231E+01  0.2445E+02
   2.300  0.3359E+01  0.2448E+02
   2.310  0.3409E+01  0.2451E+02
   2.320  0.3609E+01  0.2455E+02
   2.330  0.3534E+01  0.2459E+02
   2.340  0.3416E+01  0.2462E+02
   2.350  0.3297E+01  0.2465E+02
   2.360  0.3272E+01  0.2469E+02
   2.370  0.3242E+01  0.2472E+02
   2.380  0.3239E+01  0.2475E+02
   2.390  0.3257E+01  0.2478E+02
   2.400  0.3286E+01  0.2482E+02
   2.410  0.3266E+01  0.2485E+02
   2.420  0.3309E+01  0.2488E+02
   2.430  0.3286E+01  0.2492E+02
   2.440  0.3276E+01  0.2495E+02
   2.450  0.3283E+01  0.2498E+02
   2.460  0.3392E+01  0.2501E+02
   2.470  0.3452E+01  0.2505E+02
   2.480  0.3460E+01  0.2508E+02
   2.490  0.3486E+01  0.2512E+02
   2.500  0.3554E+01  0.2515E+02
   2.510  0.3655E+01  0.2519E+02
   2.520  0.3720E+01  0.2523E+02
   2.530  0.3815E+01  0.2526E+02
   2.540  0.4506E+01  0.2531E+02
   2.550  0.4559E+01  0.2535E+02
   2.560  0.5099E+01  0.2540E+02
   2.570  0.5082E+01  0.2545E+02
   2.580  0.5109E+01  0.2550E+02
   2.590  0.5472E+01  0.2555E+02
   2.600  0.5299E+01  0.2561E+02
   2.610  0.5479E+01  0.2566E+02
   2.620  0.5547E+01  0.2572E+02
   2.630  0.5422E+01  0.2577E+02
   2.640  0.5672E+01  0.2583E+02
   2.650  0.5556E+01  0.2588E+02
   2.660  0.5194E+01  0.2594E+02
   2.670  0.4594E+01  0.2599E+02
   2.680  0.4464E+01  0.2603E+02
   2.690  0.4789E+01  0.2608E+02
   2.700  0.4557E+01  0.2613E+02
   2.710  0.4434E+01  0.2617E+02
   2.720  0.4262E+01  0.2622E+02
   2.730  0.4326E+01  0.2626E+02
   2.740  0.4285E+01  0.2630E+02
   2.750  0.4490E+01  0.2635E+02
   2.760  0.4435E+01  0.2639E+02
   2.770  0.4804E+01  0.2644E+02
   2.780  0.5184E+01  0.2649E+02
   2.790  0.6519E+01  0.2654E+02
   2.800  0.4229E+01  0.2660E+02
   2.810  0.2507E+01  0.2663E+02
   2.820  0.2522E+01  0.2665E+02
   2.830  0.2674E+01  0.2668E+02
   2.840  0.2883E+01  0.2671E+02
   2.850  0.2947E+01  0.2674E+02
   2.860  0.3051E+01  0.2677E+02
   2.870  0.3083E+01  0.2680E+02
   2.880  0.3271E+01  0.2683E+02
   2.890  0.3455E+01  0.2686E+02
   2.900  0.3483E+01  0.2690E+02
   2.910  0.3291E+01  0.2693E+02
   2.920  0.3238E+01  0.2696E+02
   2.930  0.3551E+01  0.2700E+02
   2.940  0.3550E+01  0.2703E+02
   2.950  0.3686E+01  0.2707E+02
   2.960  0.4216E+01  0.2711E+02
   2.970  0.4554E+01  0.2715E+02
   2.980  0.5467E+01  0.2721E+02
   2.990  0.1071E+02  0.2727E+02
   3.000  0.3706E+01  0.2732E+02
   3.010  0.3299E+01  0.2735E+02
   3.020  0.2971E+01  0.2739E+02
   3.030  0.2815E+01  0.2742E+02
   3.040  0.2563E+01  0.2744E+02
   3.050  0.2421E+01  0.2747E+02
   3.060  0.2458E+01  0.2749E+02
   3.070  0.2269E+01  0.2752E+02
   3.080  0.2182E+01  0.2754E+02
   3.090  0.2208E+01  0.2756E+02
   3.100  0.2229E+01  0.2758E+02
   3.110  0.2018E+01  0.2760E+02
   3.120  0.1983E+01  0.2762E+02
   3.130  0.1944E+01  0.2764E+02
   3.140  0.1894E+01  0.2766E+02
   3.150  0.1924E+01  0.2768E+02
   3.160  0.1816E+01  0.2770E+02
   3.170  0.1783E+01  0.2772E+02
   3.180  0.1613E+01  0.2774E+02
   3.190  0.1448E+01  0.2775E+02
   3.200  0.2949E+01  0.2777E+02
   3.210  0.2786E+01  0.2780E+02
   3.220  0.4153E+01  0.2783E+02
   3.230  0.3543E+01  0.2787E+02
   3.240  0.2712E+01  0.2790E+02
   3.250  0.2472E+01  0.2792E+02
   3.260  0.2367E+01  0.2795E+02
   3.270  0.2287E+01  0.2797E+02
   3.280  0.2269E+01  0.2799E+02
   3.290  0.2251E+01  0.2801E+02
   3.300  0.2286E+01  0.2804E+02
   3.310  0.2559E+01  0.2806E+02
   3.320  0.2852E+01  0.2809E+02
   3.330  0.3250E+01  0.2812E+02
   3.340  0.4013E+01  0.2816E+02
   3.350  0.3614E+01  0.2819E+02
   3.360  0.3433E+01  0.2823E+02
   3.370  0.3429E+01  0.2826E+02
   3.380  0.4989E+01  0.2830E+02
   3.390  0.5425E+01  0.2836E+02
   3.400  0.3609E+01  0.2840E+02
   3.410  0.3154E+01  0.2844E+02
   3.420  0.3218E+01  0.2847E+02
   3.430  0.2843E+01  0.2850E+02
   3.440  0.2789E+01  0.2852E+02
   3.450  0.2627E+01  0.2855E+02
   3.460  0.2659E+01  0.2858E+02
   3.470  0.2458E+01  0.2860E+02
   3.480  0.2640E+01  0.2863E+02
   3.490  0.2466E+01  0.2865E+02
   3.500  0.2454E+01  0.2868E+02
   3.510  0.2431E+01  0.2870E+02
   3.520  0.2399E+01  0.2873E+02
   3.530  0.2388E+01  0.2875E+02
   3.540  0.2421E+01  0.2878E+02
   3.550  0.2390E+01  0.2880E+02
   3.560  0.2362E+01  0.2882E+02
   3.570  0.2421E+01  0.2885E+02
   3.580  0.2452E+01  0.2887E+02
   3.590  0.2334E+01  0.2890E+02
   3.600  0.2314E+01  0.2892E+02
   3.610  0.2345E+01  0.2894E+02
   3.620  0.2405E+01  0.2897E+02
   3.630  0.2487E+01  0.2899E+02
   3.640  0.2733E+01  0.2902E+02
   3.650  0.3293E+01  0.2905E+02
   3.660  0.3252E+01  0.2908E+02
   3.670  0.3259E+01  0.2911E+02
   3.680  0.3132E+01  0.2914E+02
   3.690  0.3171E+01  0.2918E+02
   3.700  0.3161E+01  0.2921E+02
   3.710  0.3413E+01  0.2924E+02
   3.720  0.4541E+01  0.2928E+02
   3.730  0.3710E+01  0.2932E+02
   3.740  0.3867E+01  0.2935E+02
   3.750  0.3309E+01  0.2939E+02
   3.760  0.3112E+01  0.2942E+02
   3.770  0.3065E+01  0.2945E+02
   3.780  0.2937E+01  0.2948E+02
   3.790  0.2939E+01  0.2951E+02
   3.800  0.2930E+01  0.2954E+02
   3.810  0.2997E+01  0.2957E+02
   3.820  0.2881E+01  0.2960E+02
   3.830  0.2834E+01  0.2963E+02
   3.840  0.2819E+01  0.2966E+02
   3.850  0.2784E+01  0.2968E+02
   3.860  0.2735E+01  0.2971E+02
   3.870  0.2772E+01  0.2974E+02
   3.880  0.2733E+01  0.2977E+02
   3.890  0.2767E+01  0.2979E+02
   3.900  0.2869E+01  0.2982E+02
   3.910  0.2744E+01  0.2985E+02
   3.920  0.2871E+01  0.2988E+02
   3.930  0.2876E+01  0.2991E+02
   3.940  0.2817E+01  0.2994E+02
   3.950  0.2759E+01  0.2996E+02
   3.960  0.2834E+01  0.2999E+02
   3.970  0.2742E+01  0.3002E+02
   3.980  0.2692E+01  0.3005E+02
   3.990  0.2737E+01  0.3007E+02
   4.000  0.2779E+01  0.3010E+02
   4.010  0.2757E+01  0.3013E+02
   4.020  0.2745E+01  0.3016E+02
   4.030  0.2852E+01  0.3019E+02
   4.040  0.2810E+01  0.3021E+02
   4.050  0.2817E+01  0.3024E+02
   4.060  0.2775E+01  0.3027E+02
   4.070  0.2831E+01  0.3030E+02
   4.080  0.2869E+01  0.3033E+02
   4.090  0.3017E+01  0.3036E+02
   4.100  0.3042E+01  0.3039E+02
   4.110  0.3052E+01  0.3042E+02
   4.120  0.3080E+01  0.3045E+02
   4.130  0.3412E+01  0.3048E+02
   4.140  0.3666E+01  0.3052E+02
   4.150  0.3843E+01  0.3055E+02
   4.160  0.3920E+01  0.3059E+02
   4.170  0.3840E+01  0.3063E+02
   4.180  0.3848E+01  0.3067E+02
   4.190  0.3806E+01  0.3071E+02
   4.200  0.3991E+01  0.3075E+02
   4.210  0.3797E+01  0.3079E+02
   4.220  0.3828E+01  0.3082E+02
   4.230  0.3862E+01  0.3086E+02
   4.240  0.4045E+01  0.3090E+02
   4.250  0.4200E+01  0.3095E+02
   4.260  0.4288E+01  0.3099E+02
   4.270  0.4396E+01  0.3103E+02
   4.280  0.4541E+01  0.3108E+02
   4.290  0.5107E+01  0.3112E+02
   4.300  0.4712E+01  0.3117E+02
   4.310  0.4685E+01  0.3122E+02
   4.320  0.4764E+01  0.3127E+02
   4.330  0.6350E+01  0.3132E+02
   4.340  0.6705E+01  0.3139E+02
   4.350  0.6371E+01  0.3144E+02
   4.360  0.1764E+02  0.3154E+02
   4.370  0.9690E+01  0.3165E+02
   4.380  0.6216E+01  0.3172E+02
   4.390  0.6101E+01  0.3178E+02
   4.400  0.5766E+01  0.3184E+02
   4.410  0.5615E+01  0.3190E+02
   4.420  0.5455E+01  0.3195E+02
   4.430  0.5391E+01  0.3201E+02
   4.440  0.5398E+01  0.3206E+02
   4.450  0.5476E+01  0.3212E+02
   4.460  0.5330E+01  0.3217E+02
   4.470  0.5232E+01  0.3222E+02
   4.480  0.5029E+01  0.3227E+02
   4.490  0.4993E+01  0.3232E+02
   4.500  0.5008E+01  0.3237E+02
   4.510  0.4963E+01  0.3242E+02
   4.520  0.5027E+01  0.3247E+02
   4.530  0.5228E+01  0.3253E+02
   4.540  0.5073E+01  0.3258E+02
   4.550  0.5182E+01  0.3263E+02
   4.560  0.5361E+01  0.3268E+02
   4.570  0.5476E+01  0.3274E+02
   4.580  0.5430E+01  0.3279E+02
   4.590  0.6066E+01  0.3285E+02
   4.600  0.5831E+01  0.3291E+02
   4.610  0.5640E+01  0.3297E+02
   4.620  0.5307E+01  0.3302E+02
   4.630  0.5044E+01  0.3307E+02
   4.640  0.4796E+01  0.3312E+02
   4.650  0.4647E+01  0.3317E+02
   4.660  0.4619E+01  0.3322E+02
   4.670  0.4857E+01  0.3326E+02
   4.680  0.4642E+01  0.3331E+02
   4.690  0.4716E+01  0.3336E+02
   4.700  0.4509E+01  0.3340E+02
   4.710  0.4501E+01  0.3345E+02
   4.720  0.4652E+01  0.3349E+02
   4.730  0.4848E+01  0.3354E+02
   4.740  0.5366E+01  0.3359E+02
   4.750  0.5433E+01  0.3365E+02
   4.760  0.5262E+01  0.3370E+02
   4.770  0.4896E+01  0.3375E+02
   4.780  0.5098E+01  0.3380E+02
   4.790  0.5033E+01  0.3385E+02
   4.800  0.4968E+01  0.3390E+02
   4.810  0.4939E+01  0.3395E+02
   4.820  0.4886E+01  0.3400E+02
   4.830  0.4910E+01  0.3405E+02
   4.840  0.4957E+01  0.3410E+02
   4.850  0.4723E+01  0.3415E+02
   4.860  0.4617E+01  0.3419E+02
   4.870  0.4643E+01  0.3424E+02
   4.880  0.4736E+01  0.3429E+02
   4.890  0.4680E+01  0.3433E+02
   4.900  0.4762E+01  0.3438E+02
   4.910  0.4804E+01  0.3443E+02
   4.920  0.4631E+01  0.3448E+02
   4.930  0.4646E+01  0.3452E+02
   4.940  0.4543E+01  0.3457E+02
   4.950  0.4550E+01  0.3461E+02
   4.960  0.4579E+01  0.3466E+02
   4.970  0.4561E+01  0.3470E+02
   4.980  0.4648E+01  0.3475E+02
   4.990  0.4622E+01  0.3480E+02
   5.000  0.4539E+01  0.3484E+02
   5.010  0.4473E+01  0.3489E+02
   5.020  0.4519E+01  0.3493E+02
   5.030  0.4350E+01  0.3498E+02
   5.040  0.4477E+01  0.3502E+02
   5.050  0.4374E+01  0.3506E+02
   5.060  0.4426E+01  0.3511E+02
   5.070  0.4330E+01  0.3515E+02
   5.080  0.4386E+01  0.3520E+02
   5.090  0.4153E+01  0.3524E+02
   5.100  0.3976E+01  0.3528E+02
   5.110  0.3959E+01  0.3532E+02
   5.120  0.3322E+01  0.3536E+02
   5.130  0.3372E+01  0.3540E+02
   5.140  0.3399E+01  0.3543E+02
   5.150  0.3380E+01  0.3546E+02
   5.160  0.3507E+01  0.3550E+02
   5.170  0.3315E+01  0.3553E+02
   5.180  0.3309E+01  0.3557E+02
   5.190  0.3367E+01  0.3560E+02
   5.200  0.3491E+01  0.3563E+02
   5.210  0.3516E+01  0.3567E+02
   5.220  0.3381E+01  0.3570E+02
   5.230  0.3537E+01  0.3574E+02
   5.240  0.3607E+01  0.3577E+02
   5.250  0.3709E+01  0.3581E+02
   5.260  0.3762E+01  0.3585E+02
   5.270  0.3964E+01  0.3589E+02
   5.280  0.3790E+01  0.3593E+02
   5.290  0.3630E+01  0.3596E+02
   5.300  0.3644E+01  0.3600E+02
   5.310  0.3651E+01  0.3604E+02
   5.320  0.3618E+01  0.3607E+02
   5.330  0.3578E+01  0.3611E+02
   5.340  0.3542E+01  0.3614E+02
   5.350  0.3766E+01  0.3618E+02
   5.360  0.3531E+01  0.3622E+02
   5.370  0.3582E+01  0.3625E+02
   5.380  0.3707E+01  0.3629E+02
   5.390  0.3556E+01  0.3633E+02
   5.400  0.3541E+01  0.3636E+02
   5.410  0.3628E+01  0.3640E+02
   5.420  0.3625E+01  0.3643E+02
   5.430  0.3615E+01  0.3647E+02
   5.440  0.3681E+01  0.3651E+02
   5.450  0.3705E+01  0.3654E+02
   5.460  0.3645E+01  0.3658E+02
   5.470  0.3625E+01  0.3662E+02
   5.480  0.3515E+01  0.3665E+02
   5.490  0.3518E+01  0.3669E+02
   5.500  0.3504E+01  0.3672E+02
   5.510  0.3520E+01  0.3676E+02
   5.520  0.3544E+01  0.3679E+02
   5.530  0.3489E+01  0.3683E+02
   5.540  0.3513E+01  0.3686E+02
   5.550  0.3738E+01  0.3690E+02
   5.560  0.3548E+01  0.3694E+02
   5.570  0.3570E+01  0.3697E+02
   5.580  0.3609E+01  0.3701E+02
   5.590  0.3714E+01  0.3704E+02
   5.600  0.3728E+01  0.3708E+02
   5.610  0.3826E+01  0.3712E+02
   5.620  0.3851E+01  0.3716E+02
   5.630  0.3761E+01  0.3720E+02
   5.640  0.4011E+01  0.3724E+02
   5.650  0.3707E+01  0.3727E+02
   5.660  0.3595E+01  0.3731E+02
   5.670  0.3508E+01  0.3735E+02
   5.680  0.3045E+01  0.3738E+02
   5.690  0.3044E+01  0.3741E+02
   5.700  0.3023E+01  0.3744E+02
   5.710  0.2979E+01  0.3747E+02
   5.720  0.3016E+01  0.3750E+02
   5.730  0.3020E+01  0.3753E+02
   5.740  0.2865E+01  0.3756E+02
   5.750  0.2829E+01  0.3759E+02
   5.760  0.2834E+01  0.3762E+02
   5.770  0.2842E+01  0.3764E+02
   5.780  0.2831E+01  0.3767E+02
   5.790  0.2660E+01  0.3770E+02
   5.800  0.2651E+01  0.3773E+02
   5.810  0.2624E+01  0.3775E+02
   5.820  0.2636E+01  0.3778E+02
   5.830  0.2661E+01  0.3781E+02
   5.840  0.2695E+01  0.3783E+02
   5.850  0.2574E+01  0.3786E+02
   5.860  0.2579E+01  0.3788E+02
   5.870  0.2664E+01  0.3791E+02
   5.880  0.2623E+01  0.3794E+02
   5.890  0.2664E+01  0.3796E+02
   5.900  0.2673E+01  0.3799E+02
   5.910  0.2736E+01  0.3802E+02
   5.920  0.2778E+01  0.3805E+02
   5.930  0.3091E+01  0.3808E+02
   5.940  0.3023E+01  0.3811E+02
   5.950  0.2666E+01  0.3813E+02
   5.960  0.2658E+01  0.3816E+02
   5.970  0.2622E+01  0.3819E+02
   5.980  0.2564E+01  0.3821E+02
   5.990  0.2500E+01  0.3824E+02
   6.000  0.2457E+01  0.3826E+02
   6.010  0.2402E+01  0.3829E+02
   6.020  0.2273E+01  0.3831E+02
   6.030  0.2233E+01  0.3833E+02
   6.040  0.2178E+01  0.3836E+02
   6.050  0.2125E+01  0.3838E+02
   6.060  0.2096E+01  0.3840E+02
   6.070  0.2057E+01  0.3842E+02
   6.080  0.1988E+01  0.3844E+02
   6.090  0.1954E+01  0.3846E+02
   6.100  0.1921E+01  0.3848E+02
   6.110  0.1911E+01  0.3850E+02
   6.120  0.1910E+01  0.3852E+02
   6.130  0.1896E+01  0.3854E+02
   6.140  0.1879E+01  0.3855E+02
   6.150  0.1873E+01  0.3857E+02
   6.160  0.1888E+01  0.3859E+02
   6.170  0.1893E+01  0.3861E+02
   6.180  0.1883E+01  0.3863E+02
   6.190  0.1859E+01  0.3865E+02
   6.200  0.1844E+01  0.3867E+02
   6.210  0.1847E+01  0.3869E+02
   6.220  0.1870E+01  0.3870E+02
   6.230  0.1907E+01  0.3872E+02
   6.240  0.1926E+01  0.3874E+02
   6.250  0.1898E+01  0.3876E+02
   6.260  0.1892E+01  0.3878E+02
   6.270  0.1897E+01  0.3880E+02
   6.280  0.1912E+01  0.3882E+02
   6.290  0.1943E+01  0.3884E+02
   6.300  0.2053E+01  0.3886E+02
   6.310  0.2247E+01  0.3888E+02
   6.320  0.2340E+01  0.3890E+02
   6.330  0.2514E+01  0.3893E+02
   6.340  0.3149E+01  0.3895E+02
   6.350  0.3477E+01  0.3899E+02
   6.360  0.3971E+01  0.3903E+02
   6.370  0.4807E+01  0.3907E+02
   6.380  0.5114E+01  0.3912E+02
   6.390  0.5376E+01  0.3917E+02
   6.400  0.4577E+01  0.3922E+02
   6.410  0.4174E+01  0.3926E+02
   6.420  0.3560E+01  0.3930E+02
   6.430  0.3284E+01  0.3934E+02
   6.440  0.2644E+01  0.3937E+02
   6.450  0.2252E+01  0.3939E+02
   6.460  0.2152E+01  0.3941E+02
   6.470  0.2204E+01  0.3943E+02
   6.480  0.2136E+01  0.3946E+02
   6.490  0.2089E+01  0.3948E+02
   6.500  0.2006E+01  0.3950E+02
   6.510  0.1951E+01  0.3952E+02
   6.520  0.1955E+01  0.3954E+02
   6.530  0.1956E+01  0.3956E+02
   6.540  0.1907E+01  0.3958E+02
   6.550  0.1823E+01  0.3959E+02
   6.560  0.1767E+01  0.3961E+02
   6.570  0.1548E+01  0.3963E+02
   6.580  0.1308E+01  0.3964E+02
   6.590  0.1185E+01  0.3966E+02
   6.600  0.1229E+01  0.3967E+02
   6.610  0.1069E+01  0.3968E+02
   6.620  0.1097E+01  0.3969E+02
   6.630  0.1092E+01  0.3970E+02
   6.640  0.1083E+01  0.3971E+02
   6.650  0.1309E+01  0.3972E+02
   6.660  0.9288E+00  0.3973E+02
   6.670  0.9285E+00  0.3974E+02
   6.680  0.9306E+00  0.3975E+02
   6.690  0.9373E+00  0.3976E+02
   6.700  0.9513E+00  0.3977E+02
   6.710  0.9650E+00  0.3978E+02
   6.720  0.9845E+00  0.3979E+02
   6.730  0.1006E+01  0.3980E+02
   6.740  0.1133E+01  0.3981E+02
   6.750  0.1253E+01  0.3982E+02
   6.760  0.1254E+01  0.3984E+02
   6.770  0.1241E+01  0.3985E+02
   6.780  0.1168E+01  0.3986E+02
   6.790  0.1147E+01  0.3987E+02
   6.800  0.1170E+01  0.3988E+02
   6.810  0.1158E+01  0.3990E+02
   6.820  0.1024E+01  0.3991E+02
   6.830  0.1110E+01  0.3992E+02
   6.840  0.1036E+01  0.3993E+02
   6.850  0.1079E+01  0.3994E+02
   6.860  0.1125E+01  0.3995E+02
   6.870  0.9721E+00  0.3996E+02
   6.880  0.1035E+01  0.3997E+02
   6.890  0.7118E+00  0.3998E+02
   6.900  0.5574E+00  0.3999E+02
   6.910  0.2684E+00  0.3999E+02
   6.920  0.1912E+00  0.3999E+02
   6.930  0.1641E+00  0.3999E+02
   6.940  0.1464E+00  0.4000E+02
   6.950  0.1368E+00  0.4000E+02
   6.960  0.1272E+00  0.4000E+02
   6.970  0.0000E+00  0.4000E+02
   6.980  0.0000E+00  0.4000E+02
   6.990  0.0000E+00  0.4000E+02
   7.000  0.0000E+00  0.4000E+02
   7.010  0.0000E+00  0.4000E+02
   7.020  0.0000E+00  0.4000E+02
   7.030  0.0000E+00  0.4000E+02
   7.040  0.0000E+00  0.4000E+02
   7.050  0.0000E+00  0.4000E+02
   7.060  0.0000E+00  0.4000E+02
   7.070  0.0000E+00  0.4000E+02
   7.080  0.0000E+00  0.4000E+02
   7.090  0.0000E+00  0.4000E+02
   7.100  0.0000E+00  0.4000E+02
   7.110  0.0000E+00  0.4000E+02
   7.120  0.0000E+00  0.4000E+02
   7.130  0.0000E+00  0.4000E+02
   7.140  0.0000E+00  0.4000E+02
   7.150  0.0000E+00  0.4000E+02
   7.160  0.0000E+00  0.4000E+02
   7.170  0.0000E+00  0.4000E+02
   7.180  0.0000E+00  0.4000E+02
   7.190  0.0000E+00  0.4000E+02
   7.200  0.0000E+00  0.4000E+02
   7.210  0.0000E+00  0.4000E+02
   7.220  0.0000E+00  0.4000E+02
   7.230  0.0000E+00  0.4000E+02
   7.240  0.0000E+00  0.4000E+02
   7.250  0.0000E+00  0.4000E+02
   7.260  0.0000E+00  0.4000E+02
   7.270  0.0000E+00  0.4000E+02
   7.280  0.0000E+00  0.4000E+02
   7.290  0.0000E+00  0.4000E+02
   7.300  0.0000E+00  0.4000E+02
   7.310  0.0000E+00  0.4000E+02
   7.320  0.0000E+00  0.4000E+02
   7.330  0.0000E+00  0.4000E+02
   7.340  0.0000E+00  0.4000E+02
   7.350  0.0000E+00  0.4000E+02
   7.360  0.0000E+00  0.4000E+02
   7.370  0.0000E+00  0.4000E+02
   7.380  0.0000E+00  0.4000E+02
   7.390  0.0000E+00  0.4000E+02
   7.400  0.0000E+00  0.4000E+02
   7.410  0.0000E+00  0.4000E+02
   7.420  0.0000E+00  0.4000E+02
   7.430  0.0000E+00  0.4000E+02
   7.440  0.0000E+00  0.4000E+02
   7.450  0.0000E+00  0.4000E+02
   7.460  0.0000E+00  0.4000E+02
   7.470  0.0000E+00  0.4000E+02
   7.480  0.0000E+00  0.4000E+02
   7.490  0.0000E+00  0.4000E+02
   7.500  0.0000E+00  0.4000E+02
   7.510  0.0000E+00  0.4000E+02
   7.520  0.0000E+00  0.4000E+02
   7.530  0.0000E+00  0.4000E+02
   7.540  0.0000E+00  0.4000E+02
   7.550  0.0000E+00  0.4000E+02
   7.560  0.0000E+00  0.4000E+02
   7.570  0.0000E+00  0.4000E+02
   7.580  0.0000E+00  0.4000E+02
   7.590  0.0000E+00  0.4000E+02
   7.600  0.0000E+00  0.4000E+02
   7.610  0.0000E+00  0.4000E+02
   7.620  0.0000E+00  0.4000E+02
   7.630  0.0000E+00  0.4000E+02
   7.640  0.0000E+00  0.4000E+02
   7.650  0.0000E+00  0.4000E+02
   7.660  0.0000E+00  0.4000E+02
   7.670  0.0000E+00  0.4000E+02
   7.680  0.0000E+00  0.4000E+02
   7.690  0.0000E+00  0.4000E+02
   7.700  0.0000E+00  0.4000E+02
   7.710  0.0000E+00  0.4000E+02
   7.720  0.0000E+00  0.4000E+02
   7.730  0.0000E+00  0.4000E+02
   7.740  0.0000E+00  0.4000E+02
   7.750  0.0000E+00  0.4000E+02
   7.760  0.0000E+00  0.4000E+02
   7.770  0.0000E+00  0.4000E+02
   7.780  0.0000E+00  0.4000E+02
   7.790  0.0000E+00  0.4000E+02
   7.800  0.0000E+00  0.4000E+02
   7.810  0.0000E+00  0.4000E+02
   7.820  0.0000E+00  0.4000E+02
   7.830  0.0000E+00  0.4000E+02
   7.840  0.0000E+00  0.4000E+02
   7.850  0.0000E+00  0.4000E+02
   7.860  0.0000E+00  0.4000E+02
   7.870  0.0000E+00  0.4000E+02
   7.880  0.0000E+00  0.4000E+02
   7.890  0.0000E+00  0.4000E+02
   7.900  0.0000E+00  0.4000E+02
   7.910  0.0000E+00  0.4000E+02
   7.920  0.0000E+00  0.4000E+02
   7.930  0.0000E+00  0.4000E+02
   7.940  0.0000E+00  0.4000E+02
   7.950  0.0000E+00  0.4000E+02
   7.960  0.0000E+00  0.4000E+02
   7.970  0.0000E+00  0.4000E+02
   7.980  0.0000E+00  0.4000E+02
   7.990  0.0000E+00  0.4000E+02
   8.000  0.0000E+00  0.4000E+02
   8.010  0.0000E+00  0.4000E+02
   8.020  0.0000E+00  0.4000E+02
   8.030  0.0000E+00  0.4000E+02
   8.040  0.0000E+00  0.4000E+02
   8.050  0.0000E+00  0.4000E+02
   8.060  0.0000E+00  0.4000E+02
   8.070  0.0000E+00  0.4000E+02
   8.080  0.0000E+00  0.4000E+02
   8.090  0.0000E+00  0.4000E+02
   8.100  0.0000E+00  0.4000E+02
   8.110  0.0000E+00  0.4000E+02
   8.120  0.0000E+00  0.4000E+02
   8.130  0.0000E+00  0.4000E+02
   8.140  0.0000E+00  0.4000E+02
   8.150  0.0000E+00  0.4000E+02
   8.160  0.0000E+00  0.4000E+02
   8.170  0.0000E+00  0.4000E+02
   8.180  0.0000E+00  0.4000E+02
   8.190  0.0000E+00  0.4000E+02
   8.200  0.0000E+00  0.4000E+02
   8.210  0.0000E+00  0.4000E+02
   8.220  0.0000E+00  0.4000E+02
   8.230  0.0000E+00  0.4000E+02
   8.240  0.0000E+00  0.4000E+02
   8.250  0.0000E+00  0.4000E+02
   8.260  0.0000E+00  0.4000E+02
   8.270  0.0000E+00  0.4000E+02
   8.280  0.0000E+00  0.4000E+02
   8.290  0.0000E+00  0.4000E+02
   8.300  0.0000E+00  0.4000E+02
   8.310  0.0000E+00  0.4000E+02
   8.320  0.0000E+00  0.4000E+02
   8.330  0.0000E+00  0.4000E+02
   8.340  0.0000E+00  0.4000E+02
   8.350  0.0000E+00  0.4000E+02
   8.360  0.0000E+00  0.4000E+02
   8.370  0.0000E+00  0.4000E+02
   8.380  0.0000E+00  0.4000E+02
   8.390  0.0000E+00  0.4000E+02
   8.400  0.0000E+00  0.4000E+02
   8.410  0.0000E+00  0.4000E+02
   8.420  0.0000E+00  0.4000E+02
   8.430  0.0000E+00  0.4000E+02
   8.440  0.0000E+00  0.4000E+02
   8.450  0.0000E+00  0.4000E+02
   8.460  0.0000E+00  0.4000E+02
   8.470  0.0000E+00  0.4000E+02
   8.480  0.0000E+00  0.4000E+02
   8.490  0.0000E+00  0.4000E+02
   8.500  0.0000E+00  0.4000E+02
   8.510  0.0000E+00  0.4000E+02
   8.520  0.0000E+00  0.4000E+02
   8.530  0.0000E+00  0.4000E+02
   8.540  0.0000E+00  0.4000E+02
   8.550  0.0000E+00  0.4000E+02
   8.560  0.0000E+00  0.4000E+02
   8.570  0.0000E+00  0.4000E+02
   8.580  0.0000E+00  0.4000E+02
   8.590  0.0000E+00  0.4000E+02
   8.600  0.0000E+00  0.4000E+02
   8.610  0.0000E+00  0.4000E+02
   8.620  0.0000E+00  0.4000E+02
   8.630  0.0000E+00  0.4000E+02
   8.640  0.0000E+00  0.4000E+02
   8.650  0.0000E+00  0.4000E+02
   8.660  0.0000E+00  0.4000E+02
   8.670  0.0000E+00  0.4000E+02
   8.680  0.0000E+00  0.4000E+02
   8.690  0.0000E+00  0.4000E+02
   8.700  0.0000E+00  0.4000E+02
   8.710  0.0000E+00  0.4000E+02
   8.720  0.0000E+00  0.4000E+02
   8.730  0.0000E+00  0.4000E+02
   8.740  0.0000E+00  0.4000E+02
   8.750  0.0000E+00  0.4000E+02
   8.760  0.0000E+00  0.4000E+02
   8.770  0.0000E+00  0.4000E+02
   8.780  0.0000E+00  0.4000E+02
   8.790  0.0000E+00  0.4000E+02
   8.800  0.0000E+00  0.4000E+02
   8.810  0.0000E+00  0.4000E+02
   8.820  0.0000E+00  0.4000E+02
   8.830  0.0000E+00  0.4000E+02
   8.840  0.0000E+00  0.4000E+02
   8.850  0.0000E+00  0.4000E+02
   8.860  0.0000E+00  0.4000E+02
   8.870  0.0000E+00  0.4000E+02
   8.880  0.0000E+00  0.4000E+02
   8.890  0.0000E+00  0.4000E+02
   8.900  0.0000E+00  0.4000E+02
   8.910  0.0000E+00  0.4000E+02
   8.920  0.0000E+00  0.4000E+02
   8.930  0.0000E+00  0.4000E+02
   8.940  0.0000E+00  0.4000E+02
   8.950  0.0000E+00  0.4000E+02
   8.960  0.0000E+00  0.4000E+02
   8.970  0.0000E+00  0.4000E+02
   8.980  0.0000E+00  0.4000E+02
   8.990  0.0000E+00  0.4000E+02
   9.000  0.0000E+00  0.4000E+02
   9.010  0.0000E+00  0.4000E+02
   9.020  0.0000E+00  0.4000E+02
   9.030  0.0000E+00  0.4000E+02
   9.040  0.0000E+00  0.4000E+02
   9.050  0.0000E+00  0.4000E+02
   9.060  0.0000E+00  0.4000E+02
   9.070  0.0000E+00  0.4000E+02
   9.080  0.0000E+00  0.4000E+02
   9.090  0.0000E+00  0.4000E+02
   9.100  0.0000E+00  0.4000E+02
   9.110  0.0000E+00  0.4000E+02
   9.120  0.0000E+00  0.4000E+02
   9.130  0.0000E+00  0.4000E+02
   9.140  0.0000E+00  0.4000E+02
   9.150  0.0000E+00  0.4000E+02
   9.160  0.0000E+00  0.4000E+02
   9.170  0.0000E+00  0.4000E+02
   9.180  0.0000E+00  0.4000E+02
   9.190  0.0000E+00  0.4000E+02
   9.200  0.0000E+00  0.4000E+02
   9.210  0.0000E+00  0.4000E+02
   9.220  0.0000E+00  0.4000E+02
   9.230  0.0000E+00  0.4000E+02
   9.240  0.0000E+00  0.4000E+02
   9.250  0.0000E+00  0.4000E+02
   9.260  0.0000E+00  0.4000E+02
   9.270  0.0000E+00  0.4000E+02
   9.280  0.0000E+00  0.4000E+02
   9.290  0.0000E+00  0.4000E+02
   9.300  0.0000E+00  0.4000E+02
   9.310  0.0000E+00  0.4000E+02
   9.320  0.0000E+00  0.4000E+02
   9.330  0.0000E+00  0.4000E+02
   9.340  0.0000E+00  0.4000E+02
   9.350  0.0000E+00  0.4000E+02
   9.360  0.0000E+00  0.4000E+02
   9.370  0.0000E+00  0.4000E+02
   9.380  0.0000E+00  0.4000E+02
   9.390  0.0000E+00  0.4000E+02
   9.400  0.0000E+00  0.4000E+02
   9.410  0.0000E+00  0.4000E+02
   9.420  0.0000E+00  0.4000E+02
   9.430  0.0000E+00  0.4000E+02
   9.440  0.0000E+00  0.4000E+02
   9.450  0.0000E+00  0.4000E+02
   9.460  0.0000E+00  0.4000E+02
   9.470  0.0000E+00  0.4000E+02
   9.480  0.0000E+00  0.4000E+02
   9.490  0.0000E+00  0.4000E+02
   9.500  0.0000E+00  0.4000E+02
   9.510  0.0000E+00  0.4000E+02
   9.520  0.0000E+00  0.4000E+02
   9.530  0.0000E+00  0.4000E+02
   9.540  0.0000E+00  0.4000E+02
   9.550  0.0000E+00  0.4000E+02
   9.560  0.0000E+00  0.4000E+02
   9.570  0.0000E+00  0.4000E+02
   9.580  0.0000E+00  0.4000E+02
   9.590  0.0000E+00  0.4000E+02
   9.600  0.0000E+00  0.4000E+02
   9.610  0.0000E+00  0.4000E+02
   9.620  0.0000E+00  0.4000E+02
   9.630  0.0000E+00  0.4000E+02
   9.640  0.0000E+00  0.4000E+02
   9.650  0.0000E+00  0.4000E+02
   9.660  0.0000E+00  0.4000E+02
   9.670  0.0000E+00  0.4000E+02
   9.680  0.0000E+00  0.4000E+02
   9.690  0.0000E+00  0.4000E+02
   9.700  0.0000E+00  0.4000E+02
   9.710  0.0000E+00  0.4000E+02
   9.720  0.0000E+00  0.4000E+02
   9.730  0.0000E+00  0.4000E+02
   9.740  0.0000E+00  0.4000E+02
   9.750  0.0000E+00  0.4000E+02
   9.760  0.0000E+00  0.4000E+02
   9.770  0.0000E+00  0.4000E+02
   9.780  0.0000E+00  0.4000E+02
   9.790  0.0000E+00  0.4000E+02
   9.800  0.0000E+00  0.4000E+02
   9.810  0.0000E+00  0.4000E+02
   9.820  0.0000E+00  0.4000E+02
   9.830  0.0000E+00  0.4000E+02
   9.840  0.0000E+00  0.4000E+02
   9.850  0.0000E+00  0.4000E+02
   9.860  0.0000E+00  0.4000E+02
   9.870  0.0000E+00  0.4000E+02
   9.880  0.0000E+00  0.4000E+02
   9.890  0.0000E+00  0.4000E+02
   9.900  0.0000E+00  0.4000E+02
   9.910  0.0000E+00  0.4000E+02
   9.920  0.0000E+00  0.4000E+02
   9.930  0.0000E+00  0.4000E+02
   9.940  0.0000E+00  0.4000E+02
   9.950  0.0000E+00  0.4000E+02
   9.960  0.0000E+00  0.4000E+02
   9.970  0.0000E+00  0.4000E+02
   9.980  0.0000E+00  0.4000E+02
   9.990  0.0000E+00  0.4000E+02
  10.000  0.0000E+00  0.4000E+02
  10.010  0.0000E+00  0.4000E+02
  10.020  0.0000E+00  0.4000E+02
  10.030  0.0000E+00  0.4000E+02
  10.040  0.0000E+00  0.4000E+02
  10.050  0.0000E+00  0.4000E+02
  10.060  0.0000E+00  0.4000E+02
  10.070  0.0000E+00  0.4000E+02
  10.080  0.0000E+00  0.4000E+02
  10.090  0.0000E+00  0.4000E+02
  10.100  0.0000E+00  0.4000E+02
  10.110  0.0000E+00  0.4000E+02
  10.120  0.0000E+00  0.4000E+02
  10.130  0.0000E+00  0.4000E+02
  10.140  0.0000E+00  0.4000E+02
  10.150  0.0000E+00  0.4000E+02
  10.160  0.0000E+00  0.4000E+02
  10.170  0.0000E+00  0.4000E+02
  10.180  0.0000E+00  0.4000E+02
  10.190  0.0000E+00  0.4000E+02
  10.200  0.0000E+00  0.4000E+02
  10.210  0.0000E+00  0.4000E+02
  10.220  0.0000E+00  0.4000E+02
  10.230  0.0000E+00  0.4000E+02
  10.240  0.0000E+00  0.4000E+02
  10.250  0.0000E+00  0.4000E+02
  10.260  0.0000E+00  0.4000E+02
  10.270  0.0000E+00  0.4000E+02
  10.280  0.0000E+00  0.4000E+02
  10.290  0.0000E+00  0.4000E+02
  10.300  0.0000E+00  0.4000E+02
  10.310  0.0000E+00  0.4000E+02
  10.320  0.0000E+00  0.4000E+02
  10.330  0.0000E+00  0.4000E+02
  10.340  0.0000E+00  0.4000E+02
  10.350  0.0000E+00  0.4000E+02
  10.360  0.0000E+00  0.4000E+02
  10.370  0.0000E+00  0.4000E+02
  10.380  0.0000E+00  0.4000E+02
  10.390  0.0000E+00  0.4000E+02
  10.400  0.0000E+00  0.4000E+02
  10.410  0.0000E+00  0.4000E+02
  10.420  0.0000E+00  0.4000E+02
  10.430  0.0000E+00  0.4000E+02
  10.440  0.0000E+00  0.4000E+02
  10.450  0.0000E+00  0.4000E+02
  10.460  0.0000E+00  0.4000E+02
  10.470  0.0000E+00  0.4000E+02
  10.480  0.0000E+00  0.4000E+02
  10.490  0.0000E+00  0.4000E+02
  10.500  0.0000E+00  0.4000E+02
  10.510  0.0000E+00  0.4000E+02
  10.520  0.0000E+00  0.4000E+02
  10.530  0.0000E+00  0.4000E+02
  10.540  0.0000E+00  0.4000E+02
  10.550  0.0000E+00  0.4000E+02
  10.560  0.0000E+00  0.4000E+02
  10.570  0.0000E+00  0.4000E+02
  10.580  0.0000E+00  0.4000E+02
  10.590  0.0000E+00  0.4000E+02
  10.600  0.0000E+00  0.4000E+02
  10.610  0.0000E+00  0.4000E+02
  10.620  0.0000E+00  0.4000E+02
  10.630  0.0000E+00  0.4000E+02
  10.640  0.0000E+00  0.4000E+02
  10.650  0.0000E+00  0.4000E+02
  10.660  0.0000E+00  0.4000E+02
  10.670  0.0000E+00  0.4000E+02
  10.680  0.0000E+00  0.4000E+02
  10.690  0.0000E+00  0.4000E+02
  10.700  0.0000E+00  0.4000E+02
  10.710  0.0000E+00  0.4000E+02
  10.720  0.0000E+00  0.4000E+02
  10.730  0.0000E+00  0.4000E+02
  10.740  0.0000E+00  0.4000E+02
  10.750  0.0000E+00  0.4000E+02
  10.760  0.0000E+00  0.4000E+02
  10.770  0.0000E+00  0.4000E+02
  10.780  0.0000E+00  0.4000E+02
  10.790  0.0000E+00  0.4000E+02
  10.800  0.0000E+00  0.4000E+02
  10.810  0.0000E+00  0.4000E+02
  10.820  0.0000E+00  0.4000E+02
  10.830  0.0000E+00  0.4000E+02
  10.840  0.0000E+00  0.4000E+02
  10.850  0.0000E+00  0.4000E+02
  10.860  0.0000E+00  0.4000E+02
  10.870  0.0000E+00  0.4000E+02
  10.880  0.0000E+00  0.4000E+02
  10.890  0.0000E+00  0.4000E+02
  10.900  0.0000E+00  0.4000E+02
  10.910  0.0000E+00  0.4000E+02
  10.920  0.0000E+00  0.4000E+02
  10.930  0.0000E+00  0.4000E+02
  10.940  0.0000E+00  0.4000E+02
  10.950  0.0000E+00  0.4000E+02
  10.960  0.0000E+00  0.4000E+02
  10.970  0.0000E+00  0.4000E+02
  10.980  0.0000E+00  0.4000E+02
  10.990  0.0000E+00  0.4000E+02
  11.000  0.0000E+00  0.4000E+02
  11.010  0.0000E+00  0.4000E+02
  11.020  0.0000E+00  0.4000E+02
  11.030  0.0000E+00  0.4000E+02
  11.040  0.0000E+00  0.4000E+02
  11.050  0.0000E+00  0.4000E+02
  11.060  0.0000E+00  0.4000E+02
  11.070  0.0000E+00  0.4000E+02
  11.080  0.0000E+00  0.4000E+02
  11.090  0.0000E+00  0.4000E+02
  11.100  0.0000E+00  0.4000E+02
  11.110  0.0000E+00  0.4000E+02
  11.120  0.0000E+00  0.4000E+02
  11.130  0.0000E+00  0.4000E+02
  11.140  0.0000E+00  0.4000E+02
  11.150  0.0000E+00  0.4000E+02
  11.160  0.0000E+00  0.4000E+02
  11.170  0.0000E+00  0.4000E+02
  11.180  0.0000E+00  0.4000E+02
  11.190  0.0000E+00  0.4000E+02
  11.200  0.0000E+00  0.4000E+02
  11.210  0.0000E+00  0.4000E+02
  11.220  0.0000E+00  0.4000E+02
  11.230  0.0000E+00  0.4000E+02
  11.240  0.0000E+00  0.4000E+02
  11.250  0.0000E+00  0.4000E+02
  11.260  0.0000E+00  0.4000E+02
  11.270  0.0000E+00  0.4000E+02
  11.280  0.0000E+00  0.4000E+02
  11.290  0.0000E+00  0.4000E+02
  11.300  0.0000E+00  0.4000E+02
  11.310  0.0000E+00  0.4000E+02
  11.320  0.0000E+00  0.4000E+02
  11.330  0.0000E+00  0.4000E+02
  11.340  0.0000E+00  0.4000E+02
  11.350  0.0000E+00  0.4000E+02
  11.360  0.0000E+00  0.4000E+02
  11.370  0.0000E+00  0.4000E+02
  11.380  0.0000E+00  0.4000E+02
  11.390  0.0000E+00  0.4000E+02
  11.400  0.0000E+00  0.4000E+02
  11.410  0.0000E+00  0.4000E+02
  11.420  0.0000E+00  0.4000E+02
  11.430  0.0000E+00  0.4000E+02
  11.440  0.0000E+00  0.4000E+02
  11.450  0.0000E+00  0.4000E+02
  11.460  0.0000E+00  0.4000E+02
  11.470  0.0000E+00  0.4000E+02
  11.480  0.0000E+00  0.4000E+02
  11.490  0.0000E+00  0.4000E+02
  11.500  0.0000E+00  0.4000E+02
  11.510  0.0000E+00  0.4000E+02
  11.520  0.0000E+00  0.4000E+02
  11.530  0.0000E+00  0.4000E+02
  11.540  0.0000E+00  0.4000E+02
  11.550  0.0000E+00  0.4000E+02
  11.560  0.0000E+00  0.4000E+02
  11.570  0.0000E+00  0.4000E+02
  11.580  0.0000E+00  0.4000E+02
  11.590  0.0000E+00  0.4000E+02
  11.600  0.0000E+00  0.4000E+02
  11.610  0.0000E+00  0.4000E+02
  11.620  0.0000E+00  0.4000E+02
  11.630  0.0000E+00  0.4000E+02
  11.640  0.0000E+00  0.4000E+02
  11.650  0.0000E+00  0.4000E+02
  11.660  0.0000E+00  0.4000E+02
  11.670  0.0000E+00  0.4000E+02
  11.680  0.0000E+00  0.4000E+02
  11.690  0.0000E+00  0.4000E+02
  11.700  0.0000E+00  0.4000E+02
  11.710  0.0000E+00  0.4000E+02
  11.720  0.0000E+00  0.4000E+02
  11.730  0.0000E+00  0.4000E+02
  11.740  0.0000E+00  0.4000E+02
  11.750  0.0000E+00  0.4000E+02
  11.760  0.0000E+00  0.4000E+02
  11.770  0.0000E+00  0.4000E+02
  11.780  0.0000E+00  0.4000E+02
  11.790  0.0000E+00  0.4000E+02
  11.800  0.0000E+00  0.4000E+02
  11.810  0.0000E+00  0.4000E+02
  11.820  0.0000E+00  0.4000E+02
  11.830  0.0000E+00  0.4000E+02
  11.840  0.0000E+00  0.4000E+02
  11.850  0.0000E+00  0.4000E+02
  11.860  0.0000E+00  0.4000E+02
  11.870  0.0000E+00  0.4000E+02
  11.880  0.0000E+00  0.4000E+02
  11.890  0.0000E+00  0.4000E+02
  11.900  0.0000E+00  0.4000E+02
  11.910  0.0000E+00  0.4000E+02
  11.920  0.0000E+00  0.4000E+02
  11.930  0.0000E+00  0.4000E+02
  11.940  0.0000E+00  0.4000E+02
  11.950  0.0000E+00  0.4000E+02
  11.960  0.0000E+00  0.4000E+02
  11.970  0.0000E+00  0.4000E+02
  11.980  0.0000E+00  0.4000E+02
  11.990  0.0000E+00  0.4000E+02
  12.000  0.0000E+00  0.4000E+02
  12.010  0.0000E+00  0.4000E+02
  12.020  0.0000E+00  0.4000E+02
  12.030  0.0000E+00  0.4000E+02
  12.040  0.0000E+00  0.4000E+02
  12.050  0.0000E+00  0.4000E+02
  12.060  0.0000E+00  0.4000E+02
  12.070  0.0000E+00  0.4000E+02
  12.080  0.0000E+00  0.4000E+02
  12.090  0.0000E+00  0.4000E+02
  12.100  0.0000E+00  0.4000E+02
  12.110  0.0000E+00  0.4000E+02
  12.120  0.0000E+00  0.4000E+02
  12.130  0.0000E+00  0.4000E+02
  12.140  0.0000E+00  0.4000E+02
  12.150  0.0000E+00  0.4000E+02
  12.160  0.0000E+00  0.4000E+02
  12.170  0.0000E+00  0.4000E+02
  12.180  0.0000E+00  0.4000E+02
  12.190  0.0000E+00  0.4000E+02
  12.200  0.0000E+00  0.4000E+02
  12.210  0.0000E+00  0.4000E+02
  12.220  0.0000E+00  0.4000E+02
  12.230  0.0000E+00  0.4000E+02
  12.240  0.0000E+00  0.4000E+02
  12.250  0.0000E+00  0.4000E+02
  12.260  0.0000E+00  0.4000E+02
  12.270  0.0000E+00  0.4000E+02
  12.280  0.0000E+00  0.4000E+02
  12.290  0.0000E+00  0.4000E+02
  12.300  0.0000E+00  0.4000E+02
  12.310  0.0000E+00  0.4000E+02
  12.320  0.0000E+00  0.4000E+02
  12.330  0.0000E+00  0.4000E+02
  12.340  0.0000E+00  0.4000E+02
  12.350  0.0000E+00  0.4000E+02
  12.360  0.0000E+00  0.4000E+02
  12.370  0.0000E+00  0.4000E+02
  12.380  0.0000E+00  0.4000E+02
  12.390  0.0000E+00  0.4000E+02
  12.400  0.0000E+00  0.4000E+02
  12.410  0.0000E+00  0.4000E+02
  12.420  0.0000E+00  0.4000E+02
  12.430  0.0000E+00  0.4000E+02
  12.440  0.0000E+00  0.4000E+02
  12.450  0.0000E+00  0.4000E+02
  12.460  0.0000E+00  0.4000E+02
  12.470  0.0000E+00  0.4000E+02
  12.480  0.0000E+00  0.4000E+02
  12.490  0.0000E+00  0.4000E+02
  12.500  0.0000E+00  0.4000E+02
  12.510  0.0000E+00  0.4000E+02
  12.520  0.0000E+00  0.4000E+02
  12.530  0.0000E+00  0.4000E+02
  12.540  0.0000E+00  0.4000E+02
  12.550  0.0000E+00  0.4000E+02
  12.560  0.0000E+00  0.4000E+02
  12.570  0.0000E+00  0.4000E+02
  12.580  0.0000E+00  0.4000E+02
  12.590  0.0000E+00  0.4000E+02
  12.600  0.0000E+00  0.4000E+02
  12.610  0.0000E+00  0.4000E+02
  12.620  0.0000E+00  0.4000E+02
  12.630  0.0000E+00  0.4000E+02
  12.640  0.0000E+00  0.4000E+02
  12.650  0.0000E+00  0.4000E+02
  12.660  0.0000E+00  0.4000E+02
  12.670  0.0000E+00  0.4000E+02
  12.680  0.0000E+00  0.4000E+02
  12.690  0.0000E+00  0.4000E+02
  12.700  0.0000E+00  0.4000E+02
  12.710  0.0000E+00  0.4000E+02
  12.720  0.0000E+00  0.4000E+02
  12.730  0.0000E+00  0.4000E+02
  12.740  0.0000E+00  0.4000E+02
  12.750  0.0000E+00  0.4000E+02
  12.760  0.0000E+00  0.4000E+02
  12.770  0.0000E+00  0.4000E+02
  12.780  0.0000E+00  0.4000E+02
  12.790  0.0000E+00  0.4000E+02
  12.800  0.0000E+00  0.4000E+02
  12.810  0.0000E+00  0.4000E+02
  12.820  0.0000E+00  0.4000E+02
  12.830  0.0000E+00  0.4000E+02
  12.840  0.0000E+00  0.4000E+02
  12.850  0.0000E+00  0.4000E+02
  12.860  0.0000E+00  0.4000E+02
  12.870  0.0000E+00  0.4000E+02
  12.880  0.0000E+00  0.4000E+02
  12.890  0.0000E+00  0.4000E+02
  12.900  0.0000E+00  0.4000E+02
  12.910  0.0000E+00  0.4000E+02
  12.920  0.0000E+00  0.4000E+02
  12.930  0.0000E+00  0.4000E+02
  12.940  0.0000E+00  0.4000E+02
  12.950  0.0000E+00  0.4000E+02
  12.960  0.0000E+00  0.4000E+02
  12.970  0.0000E+00  0.4000E+02
  12.980  0.0000E+00  0.4000E+02
  12.990  0.0000E+00  0.4000E+02
  13.000  0.0000E+00  0.4000E+02
  13.010  0.0000E+00  0.4000E+02
  13.020  0.0000E+00  0.4000E+02
  13.030  0.0000E+00  0.4000E+02
  13.040  0.0000E+00  0.4000E+02
  13.050  0.0000E+00  0.4000E+02
  13.060  0.0000E+00  0.4000E+02
  13.070  0.0000E+00  0.4000E+02
  13.080  0.0000E+00  0.4000E+02
  13.090  0.0000E+00  0.4000E+02
  13.100  0.0000E+00  0.4000E+02
  13.110  0.0000E+00  0.4000E+02
  13.120  0.0000E+00  0.4000E+02
  13.130  0.0000E+00  0.4000E+02
  13.140  0.0000E+00  0.4000E+02
  13.150  0.0000E+00  0.4000E+02
  13.160  0.0000E+00  0.4000E+02
  13.170  0.0000E+00  0.4000E+02
  13.180  0.0000E+00  0.4000E+02
  13.190  0.0000E+00  0.4000E+02
  13.200  0.0000E+00  0.4000E+02
  13.210  0.0000E+00  0.4000E+02
  13.220  0.0000E+00  0.4000E+02
  13.230  0.0000E+00  0.4000E+02
  13.240  0.0000E+00  0.4000E+02
  13.250  0.0000E+00  0.4000E+02
  13.260  0.0000E+00  0.4000E+02
  13.270  0.0000E+00  0.4000E+02
  13.280  0.0000E+00  0.4000E+02
  13.290  0.0000E+00  0.4000E+02
  13.300  0.0000E+00  0.4000E+02
  13.310  0.0000E+00  0.4000E+02
  13.320  0.0000E+00  0.4000E+02
  13.330  0.0000E+00  0.4000E+02
  13.340  0.0000E+00  0.4000E+02
  13.350  0.0000E+00  0.4000E+02
  13.360  0.0000E+00  0.4000E+02
  13.370  0.0000E+00  0.4000E+02
  13.380  0.0000E+00  0.4000E+02
  13.390  0.0000E+00  0.4000E+02
  13.400  0.0000E+00  0.4000E+02
  13.410  0.0000E+00  0.4000E+02
  13.420  0.0000E+00  0.4000E+02
  13.430  0.0000E+00  0.4000E+02
  13.440  0.0000E+00  0.4000E+02
  13.450  0.0000E+00  0.4000E+02
  13.460  0.0000E+00  0.4000E+02
  13.470  0.0000E+00  0.4000E+02
  13.480  0.0000E+00  0.4000E+02
  13.490  0.0000E+00  0.4000E+02
  13.500  0.0000E+00  0.4000E+02
  13.510  0.0000E+00  0.4000E+02
  13.520  0.0000E+00  0.4000E+02
  13.530  0.0000E+00  0.4000E+02
  13.540  0.0000E+00  0.4000E+02
  13.550  0.0000E+00  0.4000E+02
  13.560  0.0000E+00  0.4000E+02
  13.570  0.0000E+00  0.4000E+02
  13.580  0.0000E+00  0.4000E+02
  13.590  0.0000E+00  0.4000E+02
  13.600  0.0000E+00  0.4000E+02
  13.610  0.0000E+00  0.4000E+02
  13.620  0.0000E+00  0.4000E+02
  13.630  0.0000E+00  0.4000E+02
  13.640  0.0000E+00  0.4000E+02
  13.650  0.0000E+00  0.4000E+02
  13.660  0.0000E+00  0.4000E+02
  13.670  0.0000E+00  0.4000E+02
  13.680  0.0000E+00  0.4000E+02
  13.690  0.0000E+00  0.4000E+02
  13.700  0.0000E+00  0.4000E+02
  13.710  0.0000E+00  0.4000E+02
  13.720  0.0000E+00  0.4000E+02
  13.730  0.0000E+00  0.4000E+02
  13.740  0.0000E+00  0.4000E+02
  13.750  0.0000E+00  0.4000E+02
  13.760  0.0000E+00  0.4000E+02
  13.770  0.0000E+00  0.4000E+02
  13.780  0.0000E+00  0.4000E+02
  13.790  0.0000E+00  0.4000E+02
  13.800  0.0000E+00  0.4000E+02
  13.810  0.0000E+00  0.4000E+02
  13.820  0.0000E+00  0.4000E+02
  13.830  0.0000E+00  0.4000E+02
  13.840  0.0000E+00  0.4000E+02
  13.850  0.0000E+00  0.4000E+02
  13.860  0.0000E+00  0.4000E+02
  13.870  0.0000E+00  0.4000E+02
  13.880  0.0000E+00  0.4000E+02
  13.890  0.0000E+00  0.4000E+02
  13.900  0.0000E+00  0.4000E+02
  13.910  0.0000E+00  0.4000E+02
  13.920  0.0000E+00  0.4000E+02
  13.930  0.0000E+00  0.4000E+02
  13.940  0.0000E+00  0.4000E+02
  13.950  0.0000E+00  0.4000E+02
  13.960  0.0000E+00  0.4000E+02
  13.970  0.0000E+00  0.4000E+02
  13.980  0.0000E+00  0.4000E+02
  13.990  0.0000E+00  0.4000E+02
  14.000  0.0000E+00  0.4000E+02
  14.010  0.0000E+00  0.4000E+02
  14.020  0.0000E+00  0.4000E+02
  14.030  0.0000E+00  0.4000E+02
  14.040  0.0000E+00  0.4000E+02
  14.050  0.0000E+00  0.4000E+02
  14.060  0.0000E+00  0.4000E+02
  14.070  0.0000E+00  0.4000E+02
  14.080  0.0000E+00  0.4000E+02
  14.090  0.0000E+00  0.4000E+02
  14.100  0.0000E+00  0.4000E+02
  14.110  0.0000E+00  0.4000E+02
  14.120  0.0000E+00  0.4000E+02
  14.130  0.0000E+00  0.4000E+02
  14.140  0.0000E+00  0.4000E+02
  14.150  0.0000E+00  0.4000E+02
  14.160  0.0000E+00  0.4000E+02
  14.170  0.0000E+00  0.4000E+02
  14.180  0.0000E+00  0.4000E+02
  14.190  0.0000E+00  0.4000E+02
  14.200  0.0000E+00  0.4000E+02
  14.210  0.0000E+00  0.4000E+02
  14.220  0.0000E+00  0.4000E+02
  14.230  0.0000E+00  0.4000E+02
  14.240  0.0000E+00  0.4000E+02
  14.250  0.0000E+00  0.4000E+02
  14.260  0.0000E+00  0.4000E+02
  14.270  0.0000E+00  0.4000E+02
  14.280  0.0000E+00  0.4000E+02
  14.290  0.0000E+00  0.4000E+02
  14.300  0.0000E+00  0.4000E+02
  14.310  0.0000E+00  0.4000E+02
  14.320  0.0000E+00  0.4000E+02
  14.330  0.0000E+00  0.4000E+02
  14.340  0.0000E+00  0.4000E+02
  14.350  0.0000E+00  0.4000E+02
  14.360  0.0000E+00  0.4000E+02
  14.370  0.0000E+00  0.4000E+02
  14.380  0.0000E+00  0.4000E+02
  14.390  0.0000E+00  0.4000E+02
  14.400  0.0000E+00  0.4000E+02
  14.410  0.0000E+00  0.4000E+02
  14.420  0.0000E+00  0.4000E+02
  14.430  0.0000E+00  0.4000E+02
  14.440  0.0000E+00  0.4000E+02
  14.450  0.0000E+00  0.4000E+02
  14.460  0.0000E+00  0.4000E+02
  14.470  0.0000E+00  0.4000E+02
  14.480  0.0000E+00  0.4000E+02
  14.490  0.0000E+00  0.4000E+02
  14.500  0.0000E+00  0.4000E+02
  14.510  0.0000E+00  0.4000E+02
  14.520  0.0000E+00  0.4000E+02
  14.530  0.0000E+00  0.4000E+02
  14.540  0.0000E+00  0.4000E+02
  14.550  0.0000E+00  0.4000E+02
  14.560  0.0000E+00  0.4000E+02
  14.570  0.0000E+00  0.4000E+02
  14.580  0.0000E+00  0.4000E+02
  14.590  0.0000E+00  0.4000E+02
  14.600  0.0000E+00  0.4000E+02
  14.610  0.0000E+00  0.4000E+02
  14.620  0.0000E+00  0.4000E+02
  14.630  0.0000E+00  0.4000E+02
  14.640  0.0000E+00  0.4000E+02
  14.650  0.0000E+00  0.4000E+02
  14.660  0.0000E+00  0.4000E+02
  14.670  0.0000E+00  0.4000E+02
  14.680  0.0000E+00  0.4000E+02
  14.690  0.0000E+00  0.4000E+02
  14.700  0.0000E+00  0.4000E+02
  14.710  0.0000E+00  0.4000E+02
  14.720  0.0000E+00  0.4000E+02
  14.730  0.0000E+00  0.4000E+02
  14.740  0.0000E+00  0.4000E+02
  14.750  0.0000E+00  0.4000E+02
  14.760  0.0000E+00  0.4000E+02
  14.770  0.0000E+00  0.4000E+02
  14.780  0.0000E+00  0.4000E+02
  14.790  0.0000E+00  0.4000E+02
  14.800  0.0000E+00  0.4000E+02
  14.810  0.0000E+00  0.4000E+02
  14.820  0.0000E+00  0.4000E+02
  14.830  0.0000E+00  0.4000E+02
  14.840  0.0000E+00  0.4000E+02
  14.850  0.0000E+00  0.4000E+02
  14.860  0.0000E+00  0.4000E+02
  14.870  0.0000E+00  0.4000E+02
  14.880  0.0000E+00  0.4000E+02
  14.890  0.0000E+00  0.4000E+02
  14.900  0.0000E+00  0.4000E+02
  14.910  0.0000E+00  0.4000E+02
  14.920  0.0000E+00  0.4000E+02
  14.930  0.0000E+00  0.4000E+02
  14.940  0.0000E+00  0.4000E+02
  14.950  0.0000E+00  0.4000E+02
  14.960  0.0000E+00  0.4000E+02
  14.970  0.0000E+00  0.4000E+02
  14.980  0.0000E+00  0.4000E+02
  14.990  0.0000E+00  0.4000E+02
  15.000  0.0000E+00  0.4000E+02
