#  E (eV)   dos(E)     Int dos(E) EFermi =    5.912 eV
 -15.000  0.0000E+00  0.0000E+00
 -14.990  0.0000E+00  0.0000E+00
 -14.980  0.0000E+00  0.0000E+00
 -14.970  0.0000E+00  0.0000E+00
 -14.960  0.0000E+00  0.0000E+00
 -14.950  0.0000E+00  0.0000E+00
 -14.940  0.0000E+00  0.0000E+00
 -14.930  0.0000E+00  0.0000E+00
 -14.920  0.0000E+00  0.0000E+00
 -14.910  0.0000E+00  0.0000E+00
 -14.900  0.0000E+00  0.0000E+00
 -14.890  0.0000E+00  0.0000E+00
 -14.880  0.0000E+00  0.0000E+00
 -14.870  0.0000E+00  0.0000E+00
 -14.860  0.0000E+00  0.0000E+00
 -14.850  0.0000E+00  0.0000E+00
 -14.840  0.0000E+00  0.0000E+00
 -14.830  0.0000E+00  0.0000E+00
 -14.820  0.0000E+00  0.0000E+00
 -14.810  0.0000E+00  0.0000E+00
 -14.800  0.0000E+00  0.0000E+00
 -14.790  0.0000E+00  0.0000E+00
 -14.780  0.0000E+00  0.0000E+00
 -14.770  0.0000E+00  0.0000E+00
 -14.760  0.0000E+00  0.0000E+00
 -14.750  0.0000E+00  0.0000E+00
 -14.740  0.0000E+00  0.0000E+00
 -14.730  0.0000E+00  0.0000E+00
 -14.720  0.0000E+00  0.0000E+00
 -14.710  0.0000E+00  0.0000E+00
 -14.700  0.0000E+00  0.0000E+00
 -14.690  0.0000E+00  0.0000E+00
 -14.680  0.0000E+00  0.0000E+00
 -14.670  0.0000E+00  0.0000E+00
 -14.660  0.0000E+00  0.0000E+00
 -14.650  0.0000E+00  0.0000E+00
 -14.640  0.0000E+00  0.0000E+00
 -14.630  0.0000E+00  0.0000E+00
 -14.620  0.0000E+00  0.0000E+00
 -14.610  0.0000E+00  0.0000E+00
 -14.600  0.0000E+00  0.0000E+00
 -14.590  0.0000E+00  0.0000E+00
 -14.580  0.0000E+00  0.0000E+00
 -14.570  0.0000E+00  0.0000E+00
 -14.560  0.0000E+00  0.0000E+00
 -14.550  0.0000E+00  0.0000E+00
 -14.540  0.0000E+00  0.0000E+00
 -14.530  0.0000E+00  0.0000E+00
 -14.520  0.0000E+00  0.0000E+00
 -14.510  0.0000E+00  0.0000E+00
 -14.500  0.0000E+00  0.0000E+00
 -14.490  0.0000E+00  0.0000E+00
 -14.480  0.0000E+00  0.0000E+00
 -14.470  0.0000E+00  0.0000E+00
 -14.460  0.0000E+00  0.0000E+00
 -14.450  0.0000E+00  0.0000E+00
 -14.440  0.0000E+00  0.0000E+00
 -14.430  0.0000E+00  0.0000E+00
 -14.420  0.0000E+00  0.0000E+00
 -14.410  0.0000E+00  0.0000E+00
 -14.400  0.0000E+00  0.0000E+00
 -14.390  0.0000E+00  0.0000E+00
 -14.380  0.0000E+00  0.0000E+00
 -14.370  0.0000E+00  0.0000E+00
 -14.360  0.0000E+00  0.0000E+00
 -14.350  0.0000E+00  0.0000E+00
 -14.340  0.0000E+00  0.0000E+00
 -14.330  0.0000E+00  0.0000E+00
 -14.320  0.0000E+00  0.0000E+00
 -14.310  0.0000E+00  0.0000E+00
 -14.300  0.0000E+00  0.0000E+00
 -14.290  0.0000E+00  0.0000E+00
 -14.280  0.0000E+00  0.0000E+00
 -14.270  0.0000E+00  0.0000E+00
 -14.260  0.0000E+00  0.0000E+00
 -14.250  0.0000E+00  0.0000E+00
 -14.240  0.0000E+00  0.0000E+00
 -14.230  0.0000E+00  0.0000E+00
 -14.220  0.0000E+00  0.0000E+00
 -14.210  0.0000E+00  0.0000E+00
 -14.200  0.0000E+00  0.0000E+00
 -14.190  0.0000E+00  0.0000E+00
 -14.180  0.0000E+00  0.0000E+00
 -14.170  0.0000E+00  0.0000E+00
 -14.160  0.0000E+00  0.0000E+00
 -14.150  0.0000E+00  0.0000E+00
 -14.140  0.0000E+00  0.0000E+00
 -14.130  0.0000E+00  0.0000E+00
 -14.120  0.0000E+00  0.0000E+00
 -14.110  0.0000E+00  0.0000E+00
 -14.100  0.0000E+00  0.0000E+00
 -14.090  0.0000E+00  0.0000E+00
 -14.080  0.0000E+00  0.0000E+00
 -14.070  0.0000E+00  0.0000E+00
 -14.060  0.0000E+00  0.0000E+00
 -14.050  0.0000E+00  0.0000E+00
 -14.040  0.0000E+00  0.0000E+00
 -14.030  0.0000E+00  0.0000E+00
 -14.020  0.0000E+00  0.0000E+00
 -14.010  0.0000E+00  0.0000E+00
 -14.000  0.0000E+00  0.0000E+00
 -13.990  0.0000E+00  0.0000E+00
 -13.980  0.0000E+00  0.0000E+00
 -13.970  0.0000E+00  0.0000E+00
 -13.960  0.0000E+00  0.0000E+00
 -13.950  0.0000E+00  0.0000E+00
 -13.940  0.0000E+00  0.0000E+00
 -13.930  0.0000E+00  0.0000E+00
 -13.920  0.0000E+00  0.0000E+00
 -13.910  0.0000E+00  0.0000E+00
 -13.900  0.0000E+00  0.0000E+00
 -13.890  0.0000E+00  0.0000E+00
 -13.880  0.0000E+00  0.0000E+00
 -13.870  0.0000E+00  0.0000E+00
 -13.860  0.0000E+00  0.0000E+00
 -13.850  0.0000E+00  0.0000E+00
 -13.840  0.0000E+00  0.0000E+00
 -13.830  0.0000E+00  0.0000E+00
 -13.820  0.0000E+00  0.0000E+00
 -13.810  0.0000E+00  0.0000E+00
 -13.800  0.0000E+00  0.0000E+00
 -13.790  0.0000E+00  0.0000E+00
 -13.780  0.0000E+00  0.0000E+00
 -13.770  0.0000E+00  0.0000E+00
 -13.760  0.0000E+00  0.0000E+00
 -13.750  0.0000E+00  0.0000E+00
 -13.740  0.0000E+00  0.0000E+00
 -13.730  0.0000E+00  0.0000E+00
 -13.720  0.0000E+00  0.0000E+00
 -13.710  0.0000E+00  0.0000E+00
 -13.700  0.0000E+00  0.0000E+00
 -13.690  0.0000E+00  0.0000E+00
 -13.680  0.0000E+00  0.0000E+00
 -13.670  0.0000E+00  0.0000E+00
 -13.660  0.0000E+00  0.0000E+00
 -13.650  0.0000E+00  0.0000E+00
 -13.640  0.0000E+00  0.0000E+00
 -13.630  0.0000E+00  0.0000E+00
 -13.620  0.0000E+00  0.0000E+00
 -13.610  0.0000E+00  0.0000E+00
 -13.600  0.0000E+00  0.0000E+00
 -13.590  0.0000E+00  0.0000E+00
 -13.580  0.0000E+00  0.0000E+00
 -13.570  0.0000E+00  0.0000E+00
 -13.560  0.0000E+00  0.0000E+00
 -13.550  0.0000E+00  0.0000E+00
 -13.540  0.0000E+00  0.0000E+00
 -13.530  0.0000E+00  0.0000E+00
 -13.520  0.0000E+00  0.0000E+00
 -13.510  0.0000E+00  0.0000E+00
 -13.500  0.1398E+01  0.1219E-01
 -13.490  0.1507E+01  0.2699E-01
 -13.480  0.1466E+01  0.4202E-01
 -13.470  0.1496E+01  0.5728E-01
 -13.460  0.1585E+01  0.7270E-01
 -13.450  0.1559E+01  0.8803E-01
 -13.440  0.1563E+01  0.1039E+00
 -13.430  0.1608E+01  0.1196E+00
 -13.420  0.1602E+01  0.1358E+00
 -13.410  0.1641E+01  0.1519E+00
 -13.400  0.1640E+01  0.1685E+00
 -13.390  0.1675E+01  0.1851E+00
 -13.380  0.1718E+01  0.2021E+00
 -13.370  0.1710E+01  0.2191E+00
 -13.360  0.1761E+01  0.2365E+00
 -13.350  0.1767E+01  0.2542E+00
 -13.340  0.1798E+01  0.2719E+00
 -13.330  0.1841E+01  0.2902E+00
 -13.320  0.1850E+01  0.3086E+00
 -13.310  0.1889E+01  0.3272E+00
 -13.300  0.1912E+01  0.3464E+00
 -13.290  0.1946E+01  0.3656E+00
 -13.280  0.1985E+01  0.3853E+00
 -13.270  0.2014E+01  0.4054E+00
 -13.260  0.2055E+01  0.4256E+00
 -13.250  0.2103E+01  0.4464E+00
 -13.240  0.2135E+01  0.4676E+00
 -13.230  0.3267E+01  0.4913E+00
 -13.220  0.3836E+01  0.5276E+00
 -13.210  0.3892E+01  0.5651E+00
 -13.200  0.3875E+01  0.6029E+00
 -13.190  0.3904E+01  0.6417E+00
 -13.180  0.3958E+01  0.6813E+00
 -13.170  0.4078E+01  0.7213E+00
 -13.160  0.4140E+01  0.7625E+00
 -13.150  0.4257E+01  0.8044E+00
 -13.140  0.4325E+01  0.8473E+00
 -13.130  0.4468E+01  0.8911E+00
 -13.120  0.4527E+01  0.9362E+00
 -13.110  0.4679E+01  0.9823E+00
 -13.100  0.4812E+01  0.1030E+01
 -13.090  0.4940E+01  0.1079E+01
 -13.080  0.5128E+01  0.1129E+01
 -13.070  0.5287E+01  0.1181E+01
 -13.060  0.5491E+01  0.1235E+01
 -13.050  0.5688E+01  0.1291E+01
 -13.040  0.5952E+01  0.1349E+01
 -13.030  0.6256E+01  0.1410E+01
 -13.020  0.6603E+01  0.1474E+01
 -13.010  0.7010E+01  0.1542E+01
 -13.000  0.7577E+01  0.1615E+01
 -12.990  0.8209E+01  0.1694E+01
 -12.980  0.9352E+01  0.1781E+01
 -12.970  0.1126E+02  0.1882E+01
 -12.960  0.1355E+02  0.2023E+01
 -12.950  0.1065E+02  0.2139E+01
 -12.940  0.9447E+01  0.2238E+01
 -12.930  0.8755E+01  0.2328E+01
 -12.920  0.8184E+01  0.2414E+01
 -12.910  0.8176E+01  0.2495E+01
 -12.900  0.7725E+01  0.2573E+01
 -12.890  0.2502E+01  0.2633E+01
 -12.880  0.2579E+01  0.2658E+01
 -12.870  0.2637E+01  0.2684E+01
 -12.860  0.2724E+01  0.2711E+01
 -12.850  0.2813E+01  0.2739E+01
 -12.840  0.2888E+01  0.2767E+01
 -12.830  0.3001E+01  0.2797E+01
 -12.820  0.3116E+01  0.2827E+01
 -12.810  0.3220E+01  0.2859E+01
 -12.800  0.3364E+01  0.2892E+01
 -12.790  0.3527E+01  0.2927E+01
 -12.780  0.3695E+01  0.2963E+01
 -12.770  0.3871E+01  0.3000E+01
 -12.760  0.4104E+01  0.3040E+01
 -12.750  0.4359E+01  0.3083E+01
 -12.740  0.4703E+01  0.3128E+01
 -12.730  0.5070E+01  0.3177E+01
 -12.720  0.5595E+01  0.3230E+01
 -12.710  0.6214E+01  0.3289E+01
 -12.700  0.7341E+01  0.3356E+01
 -12.690  0.9338E+01  0.3438E+01
 -12.680  0.1086E+02  0.3558E+01
 -12.670  0.8359E+01  0.3650E+01
 -12.660  0.7111E+01  0.3726E+01
 -12.650  0.6441E+01  0.3794E+01
 -12.640  0.5829E+01  0.3856E+01
 -12.630  0.5638E+01  0.3913E+01
 -12.620  0.4972E+01  0.3967E+01
 -12.610  0.0000E+00  0.4000E+01
 -12.600  0.0000E+00  0.4000E+01
 -12.590  0.0000E+00  0.4000E+01
 -12.580  0.0000E+00  0.4000E+01
 -12.570  0.0000E+00  0.4000E+01
 -12.560  0.0000E+00  0.4000E+01
 -12.550  0.0000E+00  0.4000E+01
 -12.540  0.0000E+00  0.4000E+01
 -12.530  0.0000E+00  0.4000E+01
 -12.520  0.0000E+00  0.4000E+01
 -12.510  0.0000E+00  0.4000E+01
 -12.500  0.0000E+00  0.4000E+01
 -12.490  0.0000E+00  0.4000E+01
 -12.480  0.0000E+00  0.4000E+01
 -12.470  0.0000E+00  0.4000E+01
 -12.460  0.0000E+00  0.4000E+01
 -12.450  0.0000E+00  0.4000E+01
 -12.440  0.0000E+00  0.4000E+01
 -12.430  0.0000E+00  0.4000E+01
 -12.420  0.0000E+00  0.4000E+01
 -12.410  0.0000E+00  0.4000E+01
 -12.400  0.0000E+00  0.4000E+01
 -12.390  0.0000E+00  0.4000E+01
 -12.380  0.0000E+00  0.4000E+01
 -12.370  0.0000E+00  0.4000E+01
 -12.360  0.0000E+00  0.4000E+01
 -12.350  0.0000E+00  0.4000E+01
 -12.340  0.0000E+00  0.4000E+01
 -12.330  0.0000E+00  0.4000E+01
 -12.320  0.0000E+00  0.4000E+01
 -12.310  0.0000E+00  0.4000E+01
 -12.300  0.0000E+00  0.4000E+01
 -12.290  0.0000E+00  0.4000E+01
 -12.280  0.0000E+00  0.4000E+01
 -12.270  0.0000E+00  0.4000E+01
 -12.260  0.0000E+00  0.4000E+01
 -12.250  0.0000E+00  0.4000E+01
 -12.240  0.0000E+00  0.4000E+01
 -12.230  0.0000E+00  0.4000E+01
 -12.220  0.0000E+00  0.4000E+01
 -12.210  0.0000E+00  0.4000E+01
 -12.200  0.0000E+00  0.4000E+01
 -12.190  0.0000E+00  0.4000E+01
 -12.180  0.0000E+00  0.4000E+01
 -12.170  0.0000E+00  0.4000E+01
 -12.160  0.0000E+00  0.4000E+01
 -12.150  0.0000E+00  0.4000E+01
 -12.140  0.0000E+00  0.4000E+01
 -12.130  0.0000E+00  0.4000E+01
 -12.120  0.0000E+00  0.4000E+01
 -12.110  0.0000E+00  0.4000E+01
 -12.100  0.0000E+00  0.4000E+01
 -12.090  0.0000E+00  0.4000E+01
 -12.080  0.0000E+00  0.4000E+01
 -12.070  0.0000E+00  0.4000E+01
 -12.060  0.0000E+00  0.4000E+01
 -12.050  0.0000E+00  0.4000E+01
 -12.040  0.0000E+00  0.4000E+01
 -12.030  0.0000E+00  0.4000E+01
 -12.020  0.0000E+00  0.4000E+01
 -12.010  0.0000E+00  0.4000E+01
 -12.000  0.0000E+00  0.4000E+01
 -11.990  0.0000E+00  0.4000E+01
 -11.980  0.0000E+00  0.4000E+01
 -11.970  0.0000E+00  0.4000E+01
 -11.960  0.0000E+00  0.4000E+01
 -11.950  0.0000E+00  0.4000E+01
 -11.940  0.0000E+00  0.4000E+01
 -11.930  0.0000E+00  0.4000E+01
 -11.920  0.0000E+00  0.4000E+01
 -11.910  0.0000E+00  0.4000E+01
 -11.900  0.0000E+00  0.4000E+01
 -11.890  0.0000E+00  0.4000E+01
 -11.880  0.0000E+00  0.4000E+01
 -11.870  0.0000E+00  0.4000E+01
 -11.860  0.0000E+00  0.4000E+01
 -11.850  0.0000E+00  0.4000E+01
 -11.840  0.0000E+00  0.4000E+01
 -11.830  0.0000E+00  0.4000E+01
 -11.820  0.0000E+00  0.4000E+01
 -11.810  0.0000E+00  0.4000E+01
 -11.800  0.0000E+00  0.4000E+01
 -11.790  0.0000E+00  0.4000E+01
 -11.780  0.0000E+00  0.4000E+01
 -11.770  0.0000E+00  0.4000E+01
 -11.760  0.0000E+00  0.4000E+01
 -11.750  0.0000E+00  0.4000E+01
 -11.740  0.0000E+00  0.4000E+01
 -11.730  0.0000E+00  0.4000E+01
 -11.720  0.0000E+00  0.4000E+01
 -11.710  0.0000E+00  0.4000E+01
 -11.700  0.0000E+00  0.4000E+01
 -11.690  0.0000E+00  0.4000E+01
 -11.680  0.0000E+00  0.4000E+01
 -11.670  0.0000E+00  0.4000E+01
 -11.660  0.0000E+00  0.4000E+01
 -11.650  0.0000E+00  0.4000E+01
 -11.640  0.0000E+00  0.4000E+01
 -11.630  0.0000E+00  0.4000E+01
 -11.620  0.0000E+00  0.4000E+01
 -11.610  0.0000E+00  0.4000E+01
 -11.600  0.0000E+00  0.4000E+01
 -11.590  0.0000E+00  0.4000E+01
 -11.580  0.0000E+00  0.4000E+01
 -11.570  0.0000E+00  0.4000E+01
 -11.560  0.0000E+00  0.4000E+01
 -11.550  0.0000E+00  0.4000E+01
 -11.540  0.0000E+00  0.4000E+01
 -11.530  0.0000E+00  0.4000E+01
 -11.520  0.0000E+00  0.4000E+01
 -11.510  0.0000E+00  0.4000E+01
 -11.500  0.0000E+00  0.4000E+01
 -11.490  0.0000E+00  0.4000E+01
 -11.480  0.0000E+00  0.4000E+01
 -11.470  0.0000E+00  0.4000E+01
 -11.460  0.0000E+00  0.4000E+01
 -11.450  0.0000E+00  0.4000E+01
 -11.440  0.0000E+00  0.4000E+01
 -11.430  0.0000E+00  0.4000E+01
 -11.420  0.0000E+00  0.4000E+01
 -11.410  0.0000E+00  0.4000E+01
 -11.400  0.0000E+00  0.4000E+01
 -11.390  0.0000E+00  0.4000E+01
 -11.380  0.0000E+00  0.4000E+01
 -11.370  0.0000E+00  0.4000E+01
 -11.360  0.0000E+00  0.4000E+01
 -11.350  0.0000E+00  0.4000E+01
 -11.340  0.0000E+00  0.4000E+01
 -11.330  0.0000E+00  0.4000E+01
 -11.320  0.0000E+00  0.4000E+01
 -11.310  0.0000E+00  0.4000E+01
 -11.300  0.0000E+00  0.4000E+01
 -11.290  0.0000E+00  0.4000E+01
 -11.280  0.0000E+00  0.4000E+01
 -11.270  0.0000E+00  0.4000E+01
 -11.260  0.0000E+00  0.4000E+01
 -11.250  0.0000E+00  0.4000E+01
 -11.240  0.0000E+00  0.4000E+01
 -11.230  0.0000E+00  0.4000E+01
 -11.220  0.0000E+00  0.4000E+01
 -11.210  0.0000E+00  0.4000E+01
 -11.200  0.0000E+00  0.4000E+01
 -11.190  0.0000E+00  0.4000E+01
 -11.180  0.0000E+00  0.4000E+01
 -11.170  0.0000E+00  0.4000E+01
 -11.160  0.0000E+00  0.4000E+01
 -11.150  0.0000E+00  0.4000E+01
 -11.140  0.0000E+00  0.4000E+01
 -11.130  0.0000E+00  0.4000E+01
 -11.120  0.0000E+00  0.4000E+01
 -11.110  0.0000E+00  0.4000E+01
 -11.100  0.0000E+00  0.4000E+01
 -11.090  0.0000E+00  0.4000E+01
 -11.080  0.0000E+00  0.4000E+01
 -11.070  0.0000E+00  0.4000E+01
 -11.060  0.0000E+00  0.4000E+01
 -11.050  0.0000E+00  0.4000E+01
 -11.040  0.0000E+00  0.4000E+01
 -11.030  0.0000E+00  0.4000E+01
 -11.020  0.0000E+00  0.4000E+01
 -11.010  0.0000E+00  0.4000E+01
 -11.000  0.0000E+00  0.4000E+01
 -10.990  0.0000E+00  0.4000E+01
 -10.980  0.0000E+00  0.4000E+01
 -10.970  0.0000E+00  0.4000E+01
 -10.960  0.0000E+00  0.4000E+01
 -10.950  0.0000E+00  0.4000E+01
 -10.940  0.0000E+00  0.4000E+01
 -10.930  0.0000E+00  0.4000E+01
 -10.920  0.0000E+00  0.4000E+01
 -10.910  0.0000E+00  0.4000E+01
 -10.900  0.0000E+00  0.4000E+01
 -10.890  0.0000E+00  0.4000E+01
 -10.880  0.0000E+00  0.4000E+01
 -10.870  0.0000E+00  0.4000E+01
 -10.860  0.0000E+00  0.4000E+01
 -10.850  0.0000E+00  0.4000E+01
 -10.840  0.0000E+00  0.4000E+01
 -10.830  0.0000E+00  0.4000E+01
 -10.820  0.0000E+00  0.4000E+01
 -10.810  0.0000E+00  0.4000E+01
 -10.800  0.0000E+00  0.4000E+01
 -10.790  0.0000E+00  0.4000E+01
 -10.780  0.0000E+00  0.4000E+01
 -10.770  0.0000E+00  0.4000E+01
 -10.760  0.0000E+00  0.4000E+01
 -10.750  0.0000E+00  0.4000E+01
 -10.740  0.0000E+00  0.4000E+01
 -10.730  0.0000E+00  0.4000E+01
 -10.720  0.0000E+00  0.4000E+01
 -10.710  0.0000E+00  0.4000E+01
 -10.700  0.0000E+00  0.4000E+01
 -10.690  0.0000E+00  0.4000E+01
 -10.680  0.0000E+00  0.4000E+01
 -10.670  0.0000E+00  0.4000E+01
 -10.660  0.0000E+00  0.4000E+01
 -10.650  0.0000E+00  0.4000E+01
 -10.640  0.0000E+00  0.4000E+01
 -10.630  0.0000E+00  0.4000E+01
 -10.620  0.0000E+00  0.4000E+01
 -10.610  0.0000E+00  0.4000E+01
 -10.600  0.0000E+00  0.4000E+01
 -10.590  0.0000E+00  0.4000E+01
 -10.580  0.0000E+00  0.4000E+01
 -10.570  0.0000E+00  0.4000E+01
 -10.560  0.0000E+00  0.4000E+01
 -10.550  0.0000E+00  0.4000E+01
 -10.540  0.0000E+00  0.4000E+01
 -10.530  0.0000E+00  0.4000E+01
 -10.520  0.0000E+00  0.4000E+01
 -10.510  0.0000E+00  0.4000E+01
 -10.500  0.0000E+00  0.4000E+01
 -10.490  0.0000E+00  0.4000E+01
 -10.480  0.0000E+00  0.4000E+01
 -10.470  0.0000E+00  0.4000E+01
 -10.460  0.0000E+00  0.4000E+01
 -10.450  0.0000E+00  0.4000E+01
 -10.440  0.0000E+00  0.4000E+01
 -10.430  0.0000E+00  0.4000E+01
 -10.420  0.0000E+00  0.4000E+01
 -10.410  0.0000E+00  0.4000E+01
 -10.400  0.0000E+00  0.4000E+01
 -10.390  0.0000E+00  0.4000E+01
 -10.380  0.0000E+00  0.4000E+01
 -10.370  0.0000E+00  0.4000E+01
 -10.360  0.0000E+00  0.4000E+01
 -10.350  0.0000E+00  0.4000E+01
 -10.340  0.0000E+00  0.4000E+01
 -10.330  0.0000E+00  0.4000E+01
 -10.320  0.0000E+00  0.4000E+01
 -10.310  0.0000E+00  0.4000E+01
 -10.300  0.0000E+00  0.4000E+01
 -10.290  0.0000E+00  0.4000E+01
 -10.280  0.0000E+00  0.4000E+01
 -10.270  0.0000E+00  0.4000E+01
 -10.260  0.0000E+00  0.4000E+01
 -10.250  0.0000E+00  0.4000E+01
 -10.240  0.0000E+00  0.4000E+01
 -10.230  0.0000E+00  0.4000E+01
 -10.220  0.0000E+00  0.4000E+01
 -10.210  0.0000E+00  0.4000E+01
 -10.200  0.0000E+00  0.4000E+01
 -10.190  0.0000E+00  0.4000E+01
 -10.180  0.0000E+00  0.4000E+01
 -10.170  0.0000E+00  0.4000E+01
 -10.160  0.0000E+00  0.4000E+01
 -10.150  0.0000E+00  0.4000E+01
 -10.140  0.0000E+00  0.4000E+01
 -10.130  0.0000E+00  0.4000E+01
 -10.120  0.0000E+00  0.4000E+01
 -10.110  0.0000E+00  0.4000E+01
 -10.100  0.0000E+00  0.4000E+01
 -10.090  0.0000E+00  0.4000E+01
 -10.080  0.0000E+00  0.4000E+01
 -10.070  0.0000E+00  0.4000E+01
 -10.060  0.0000E+00  0.4000E+01
 -10.050  0.0000E+00  0.4000E+01
 -10.040  0.0000E+00  0.4000E+01
 -10.030  0.0000E+00  0.4000E+01
 -10.020  0.0000E+00  0.4000E+01
 -10.010  0.0000E+00  0.4000E+01
 -10.000  0.0000E+00  0.4000E+01
  -9.990  0.0000E+00  0.4000E+01
  -9.980  0.0000E+00  0.4000E+01
  -9.970  0.0000E+00  0.4000E+01
  -9.960  0.0000E+00  0.4000E+01
  -9.950  0.0000E+00  0.4000E+01
  -9.940  0.0000E+00  0.4000E+01
  -9.930  0.0000E+00  0.4000E+01
  -9.920  0.0000E+00  0.4000E+01
  -9.910  0.0000E+00  0.4000E+01
  -9.900  0.0000E+00  0.4000E+01
  -9.890  0.0000E+00  0.4000E+01
  -9.880  0.0000E+00  0.4000E+01
  -9.870  0.0000E+00  0.4000E+01
  -9.860  0.0000E+00  0.4000E+01
  -9.850  0.0000E+00  0.4000E+01
  -9.840  0.0000E+00  0.4000E+01
  -9.830  0.0000E+00  0.4000E+01
  -9.820  0.0000E+00  0.4000E+01
  -9.810  0.0000E+00  0.4000E+01
  -9.800  0.0000E+00  0.4000E+01
  -9.790  0.0000E+00  0.4000E+01
  -9.780  0.0000E+00  0.4000E+01
  -9.770  0.0000E+00  0.4000E+01
  -9.760  0.0000E+00  0.4000E+01
  -9.750  0.0000E+00  0.4000E+01
  -9.740  0.0000E+00  0.4000E+01
  -9.730  0.0000E+00  0.4000E+01
  -9.720  0.0000E+00  0.4000E+01
  -9.710  0.0000E+00  0.4000E+01
  -9.700  0.0000E+00  0.4000E+01
  -9.690  0.0000E+00  0.4000E+01
  -9.680  0.0000E+00  0.4000E+01
  -9.670  0.0000E+00  0.4000E+01
  -9.660  0.0000E+00  0.4000E+01
  -9.650  0.0000E+00  0.4000E+01
  -9.640  0.0000E+00  0.4000E+01
  -9.630  0.0000E+00  0.4000E+01
  -9.620  0.0000E+00  0.4000E+01
  -9.610  0.0000E+00  0.4000E+01
  -9.600  0.0000E+00  0.4000E+01
  -9.590  0.0000E+00  0.4000E+01
  -9.580  0.0000E+00  0.4000E+01
  -9.570  0.0000E+00  0.4000E+01
  -9.560  0.0000E+00  0.4000E+01
  -9.550  0.0000E+00  0.4000E+01
  -9.540  0.0000E+00  0.4000E+01
  -9.530  0.0000E+00  0.4000E+01
  -9.520  0.0000E+00  0.4000E+01
  -9.510  0.0000E+00  0.4000E+01
  -9.500  0.0000E+00  0.4000E+01
  -9.490  0.0000E+00  0.4000E+01
  -9.480  0.0000E+00  0.4000E+01
  -9.470  0.0000E+00  0.4000E+01
  -9.460  0.0000E+00  0.4000E+01
  -9.450  0.0000E+00  0.4000E+01
  -9.440  0.0000E+00  0.4000E+01
  -9.430  0.0000E+00  0.4000E+01
  -9.420  0.0000E+00  0.4000E+01
  -9.410  0.0000E+00  0.4000E+01
  -9.400  0.0000E+00  0.4000E+01
  -9.390  0.0000E+00  0.4000E+01
  -9.380  0.0000E+00  0.4000E+01
  -9.370  0.0000E+00  0.4000E+01
  -9.360  0.0000E+00  0.4000E+01
  -9.350  0.0000E+00  0.4000E+01
  -9.340  0.0000E+00  0.4000E+01
  -9.330  0.0000E+00  0.4000E+01
  -9.320  0.0000E+00  0.4000E+01
  -9.310  0.0000E+00  0.4000E+01
  -9.300  0.0000E+00  0.4000E+01
  -9.290  0.0000E+00  0.4000E+01
  -9.280  0.0000E+00  0.4000E+01
  -9.270  0.0000E+00  0.4000E+01
  -9.260  0.0000E+00  0.4000E+01
  -9.250  0.0000E+00  0.4000E+01
  -9.240  0.0000E+00  0.4000E+01
  -9.230  0.0000E+00  0.4000E+01
  -9.220  0.0000E+00  0.4000E+01
  -9.210  0.0000E+00  0.4000E+01
  -9.200  0.0000E+00  0.4000E+01
  -9.190  0.0000E+00  0.4000E+01
  -9.180  0.0000E+00  0.4000E+01
  -9.170  0.0000E+00  0.4000E+01
  -9.160  0.0000E+00  0.4000E+01
  -9.150  0.0000E+00  0.4000E+01
  -9.140  0.0000E+00  0.4000E+01
  -9.130  0.0000E+00  0.4000E+01
  -9.120  0.0000E+00  0.4000E+01
  -9.110  0.0000E+00  0.4000E+01
  -9.100  0.0000E+00  0.4000E+01
  -9.090  0.0000E+00  0.4000E+01
  -9.080  0.0000E+00  0.4000E+01
  -9.070  0.0000E+00  0.4000E+01
  -9.060  0.0000E+00  0.4000E+01
  -9.050  0.0000E+00  0.4000E+01
  -9.040  0.0000E+00  0.4000E+01
  -9.030  0.0000E+00  0.4000E+01
  -9.020  0.0000E+00  0.4000E+01
  -9.010  0.0000E+00  0.4000E+01
  -9.000  0.0000E+00  0.4000E+01
  -8.990  0.0000E+00  0.4000E+01
  -8.980  0.0000E+00  0.4000E+01
  -8.970  0.0000E+00  0.4000E+01
  -8.960  0.0000E+00  0.4000E+01
  -8.950  0.0000E+00  0.4000E+01
  -8.940  0.0000E+00  0.4000E+01
  -8.930  0.0000E+00  0.4000E+01
  -8.920  0.0000E+00  0.4000E+01
  -8.910  0.0000E+00  0.4000E+01
  -8.900  0.0000E+00  0.4000E+01
  -8.890  0.0000E+00  0.4000E+01
  -8.880  0.0000E+00  0.4000E+01
  -8.870  0.0000E+00  0.4000E+01
  -8.860  0.0000E+00  0.4000E+01
  -8.850  0.0000E+00  0.4000E+01
  -8.840  0.0000E+00  0.4000E+01
  -8.830  0.0000E+00  0.4000E+01
  -8.820  0.0000E+00  0.4000E+01
  -8.810  0.0000E+00  0.4000E+01
  -8.800  0.0000E+00  0.4000E+01
  -8.790  0.0000E+00  0.4000E+01
  -8.780  0.0000E+00  0.4000E+01
  -8.770  0.0000E+00  0.4000E+01
  -8.760  0.0000E+00  0.4000E+01
  -8.750  0.0000E+00  0.4000E+01
  -8.740  0.0000E+00  0.4000E+01
  -8.730  0.0000E+00  0.4000E+01
  -8.720  0.0000E+00  0.4000E+01
  -8.710  0.0000E+00  0.4000E+01
  -8.700  0.0000E+00  0.4000E+01
  -8.690  0.0000E+00  0.4000E+01
  -8.680  0.0000E+00  0.4000E+01
  -8.670  0.0000E+00  0.4000E+01
  -8.660  0.0000E+00  0.4000E+01
  -8.650  0.0000E+00  0.4000E+01
  -8.640  0.0000E+00  0.4000E+01
  -8.630  0.0000E+00  0.4000E+01
  -8.620  0.0000E+00  0.4000E+01
  -8.610  0.0000E+00  0.4000E+01
  -8.600  0.0000E+00  0.4000E+01
  -8.590  0.0000E+00  0.4000E+01
  -8.580  0.0000E+00  0.4000E+01
  -8.570  0.0000E+00  0.4000E+01
  -8.560  0.0000E+00  0.4000E+01
  -8.550  0.0000E+00  0.4000E+01
  -8.540  0.0000E+00  0.4000E+01
  -8.530  0.0000E+00  0.4000E+01
  -8.520  0.0000E+00  0.4000E+01
  -8.510  0.0000E+00  0.4000E+01
  -8.500  0.0000E+00  0.4000E+01
  -8.490  0.0000E+00  0.4000E+01
  -8.480  0.0000E+00  0.4000E+01
  -8.470  0.0000E+00  0.4000E+01
  -8.460  0.0000E+00  0.4000E+01
  -8.450  0.0000E+00  0.4000E+01
  -8.440  0.0000E+00  0.4000E+01
  -8.430  0.0000E+00  0.4000E+01
  -8.420  0.0000E+00  0.4000E+01
  -8.410  0.0000E+00  0.4000E+01
  -8.400  0.0000E+00  0.4000E+01
  -8.390  0.0000E+00  0.4000E+01
  -8.380  0.0000E+00  0.4000E+01
  -8.370  0.0000E+00  0.4000E+01
  -8.360  0.0000E+00  0.4000E+01
  -8.350  0.0000E+00  0.4000E+01
  -8.340  0.0000E+00  0.4000E+01
  -8.330  0.0000E+00  0.4000E+01
  -8.320  0.0000E+00  0.4000E+01
  -8.310  0.0000E+00  0.4000E+01
  -8.300  0.0000E+00  0.4000E+01
  -8.290  0.0000E+00  0.4000E+01
  -8.280  0.0000E+00  0.4000E+01
  -8.270  0.0000E+00  0.4000E+01
  -8.260  0.0000E+00  0.4000E+01
  -8.250  0.0000E+00  0.4000E+01
  -8.240  0.0000E+00  0.4000E+01
  -8.230  0.0000E+00  0.4000E+01
  -8.220  0.0000E+00  0.4000E+01
  -8.210  0.7100E-01  0.4000E+01
  -8.200  0.5374E+00  0.4005E+01
  -8.190  0.5071E+00  0.4011E+01
  -8.180  0.6162E+00  0.4016E+01
  -8.170  0.5401E+00  0.4022E+01
  -8.160  0.5849E+00  0.4028E+01
  -8.150  0.5468E+00  0.4034E+01
  -8.140  0.5581E+00  0.4039E+01
  -8.130  0.5820E+00  0.4045E+01
  -8.120  0.5823E+00  0.4051E+01
  -8.110  0.5644E+00  0.4056E+01
  -8.100  0.5722E+00  0.4062E+01
  -8.090  0.5899E+00  0.4068E+01
  -8.080  0.5813E+00  0.4074E+01
  -8.070  0.5657E+00  0.4080E+01
  -8.060  0.5770E+00  0.4085E+01
  -8.050  0.5876E+00  0.4091E+01
  -8.040  0.6030E+00  0.4097E+01
  -8.030  0.5805E+00  0.4103E+01
  -8.020  0.5767E+00  0.4109E+01
  -8.010  0.5830E+00  0.4115E+01
  -8.000  0.5937E+00  0.4120E+01
  -7.990  0.6045E+00  0.4126E+01
  -7.980  0.5851E+00  0.4132E+01
  -7.970  0.5854E+00  0.4138E+01
  -7.960  0.5870E+00  0.4144E+01
  -7.950  0.5887E+00  0.4150E+01
  -7.940  0.6025E+00  0.4156E+01
  -7.930  0.6128E+00  0.4162E+01
  -7.920  0.5911E+00  0.4168E+01
  -7.910  0.5914E+00  0.4174E+01
  -7.900  0.5959E+00  0.4180E+01
  -7.890  0.5995E+00  0.4186E+01
  -7.880  0.6030E+00  0.4192E+01
  -7.870  0.1122E+01  0.4202E+01
  -7.860  0.1094E+01  0.4214E+01
  -7.850  0.1197E+01  0.4225E+01
  -7.840  0.1146E+01  0.4237E+01
  -7.830  0.1176E+01  0.4249E+01
  -7.820  0.1184E+01  0.4261E+01
  -7.810  0.1170E+01  0.4272E+01
  -7.800  0.1189E+01  0.4284E+01
  -7.790  0.1232E+01  0.4296E+01
  -7.780  0.1171E+01  0.4308E+01
  -7.770  0.1179E+01  0.4320E+01
  -7.760  0.1192E+01  0.4332E+01
  -7.750  0.1210E+01  0.4344E+01
  -7.740  0.1189E+01  0.4356E+01
  -7.730  0.1200E+01  0.4368E+01
  -7.720  0.1211E+01  0.4380E+01
  -7.710  0.1213E+01  0.4392E+01
  -7.700  0.1203E+01  0.4404E+01
  -7.690  0.1199E+01  0.4416E+01
  -7.680  0.1198E+01  0.4428E+01
  -7.670  0.1216E+01  0.4440E+01
  -7.660  0.1232E+01  0.4452E+01
  -7.650  0.1223E+01  0.4465E+01
  -7.640  0.1223E+01  0.4477E+01
  -7.630  0.1218E+01  0.4489E+01
  -7.620  0.1218E+01  0.4501E+01
  -7.610  0.1234E+01  0.4513E+01
  -7.600  0.1247E+01  0.4526E+01
  -7.590  0.1236E+01  0.4538E+01
  -7.580  0.1233E+01  0.4551E+01
  -7.570  0.1240E+01  0.4563E+01
  -7.560  0.1252E+01  0.4575E+01
  -7.550  0.1251E+01  0.4588E+01
  -7.540  0.1259E+01  0.4600E+01
  -7.530  0.1259E+01  0.4613E+01
  -7.520  0.1251E+01  0.4626E+01
  -7.510  0.1254E+01  0.4638E+01
  -7.500  0.1261E+01  0.4651E+01
  -7.490  0.1270E+01  0.4663E+01
  -7.480  0.1278E+01  0.4676E+01
  -7.470  0.1286E+01  0.4689E+01
  -7.460  0.1283E+01  0.4702E+01
  -7.450  0.1279E+01  0.4715E+01
  -7.440  0.1280E+01  0.4727E+01
  -7.430  0.1282E+01  0.4740E+01
  -7.420  0.1285E+01  0.4753E+01
  -7.410  0.1298E+01  0.4766E+01
  -7.400  0.1307E+01  0.4779E+01
  -7.390  0.1316E+01  0.4792E+01
  -7.380  0.1311E+01  0.4805E+01
  -7.370  0.1308E+01  0.4818E+01
  -7.360  0.1310E+01  0.4831E+01
  -7.350  0.1316E+01  0.4845E+01
  -7.340  0.1320E+01  0.4858E+01
  -7.330  0.1325E+01  0.4871E+01
  -7.320  0.1335E+01  0.4884E+01
  -7.310  0.1343E+01  0.4898E+01
  -7.300  0.1344E+01  0.4911E+01
  -7.290  0.1346E+01  0.4925E+01
  -7.280  0.1352E+01  0.4938E+01
  -7.270  0.1351E+01  0.4952E+01
  -7.260  0.1355E+01  0.4965E+01
  -7.250  0.1360E+01  0.4979E+01
  -7.240  0.1368E+01  0.4992E+01
  -7.230  0.1377E+01  0.5006E+01
  -7.220  0.1385E+01  0.5020E+01
  -7.210  0.1383E+01  0.5034E+01
  -7.200  0.1385E+01  0.5047E+01
  -7.190  0.1393E+01  0.5061E+01
  -7.180  0.1399E+01  0.5075E+01
  -7.170  0.1403E+01  0.5089E+01
  -7.160  0.1409E+01  0.5103E+01
  -7.150  0.1414E+01  0.5117E+01
  -7.140  0.1421E+01  0.5132E+01
  -7.130  0.1428E+01  0.5146E+01
  -7.120  0.1433E+01  0.5160E+01
  -7.110  0.1438E+01  0.5175E+01
  -7.100  0.1443E+01  0.5189E+01
  -7.090  0.1449E+01  0.5203E+01
  -7.080  0.1455E+01  0.5218E+01
  -7.070  0.1464E+01  0.5233E+01
  -7.060  0.1472E+01  0.5247E+01
  -7.050  0.1479E+01  0.5262E+01
  -7.040  0.1486E+01  0.5277E+01
  -7.030  0.1486E+01  0.5292E+01
  -7.020  0.1496E+01  0.5307E+01
  -7.010  0.1505E+01  0.5322E+01
  -7.000  0.1512E+01  0.5337E+01
  -6.990  0.1520E+01  0.5352E+01
  -6.980  0.1525E+01  0.5367E+01
  -6.970  0.1533E+01  0.5382E+01
  -6.960  0.1546E+01  0.5398E+01
  -6.950  0.1556E+01  0.5413E+01
  -6.940  0.1562E+01  0.5429E+01
  -6.930  0.1566E+01  0.5444E+01
  -6.920  0.1571E+01  0.5460E+01
  -6.910  0.1585E+01  0.5476E+01
  -6.900  0.1597E+01  0.5492E+01
  -6.890  0.1607E+01  0.5508E+01
  -6.880  0.1615E+01  0.5524E+01
  -6.870  0.1622E+01  0.5540E+01
  -6.860  0.1635E+01  0.5556E+01
  -6.850  0.1650E+01  0.5573E+01
  -6.840  0.1659E+01  0.5589E+01
  -6.830  0.1667E+01  0.5606E+01
  -6.820  0.1675E+01  0.5623E+01
  -6.810  0.1687E+01  0.5640E+01
  -6.800  0.1702E+01  0.5657E+01
  -6.790  0.1717E+01  0.5674E+01
  -6.780  0.1729E+01  0.5691E+01
  -6.770  0.1740E+01  0.5708E+01
  -6.760  0.1756E+01  0.5726E+01
  -6.750  0.1771E+01  0.5743E+01
  -6.740  0.1786E+01  0.5761E+01
  -6.730  0.1798E+01  0.5779E+01
  -6.720  0.1811E+01  0.5797E+01
  -6.710  0.1827E+01  0.5815E+01
  -6.700  0.1845E+01  0.5834E+01
  -6.690  0.1861E+01  0.5852E+01
  -6.680  0.1882E+01  0.5871E+01
  -6.670  0.1898E+01  0.5890E+01
  -6.660  0.1922E+01  0.5909E+01
  -6.650  0.1943E+01  0.5928E+01
  -6.640  0.1961E+01  0.5948E+01
  -6.630  0.1979E+01  0.5967E+01
  -6.620  0.2001E+01  0.5987E+01
  -6.610  0.2030E+01  0.6007E+01
  -6.600  0.2051E+01  0.6028E+01
  -6.590  0.2077E+01  0.6048E+01
  -6.580  0.2100E+01  0.6069E+01
  -6.570  0.2141E+01  0.6091E+01
  -6.560  0.2173E+01  0.6112E+01
  -6.550  0.2201E+01  0.6134E+01
  -6.540  0.2233E+01  0.6156E+01
  -6.530  0.2273E+01  0.6179E+01
  -6.520  0.2309E+01  0.6202E+01
  -6.510  0.2349E+01  0.6225E+01
  -6.500  0.2409E+01  0.6249E+01
  -6.490  0.2461E+01  0.6273E+01
  -6.480  0.2507E+01  0.6298E+01
  -6.470  0.2577E+01  0.6323E+01
  -6.460  0.2648E+01  0.6349E+01
  -6.450  0.2711E+01  0.6376E+01
  -6.440  0.2815E+01  0.6404E+01
  -6.430  0.2912E+01  0.6432E+01
  -6.420  0.3081E+01  0.6462E+01
  -6.410  0.3244E+01  0.6494E+01
  -6.400  0.3557E+01  0.6528E+01
  -6.390  0.4241E+01  0.6566E+01
  -6.380  0.3906E+01  0.6612E+01
  -6.370  0.3338E+01  0.6648E+01
  -6.360  0.3303E+01  0.6681E+01
  -6.350  0.3183E+01  0.6714E+01
  -6.340  0.3108E+01  0.6745E+01
  -6.330  0.2885E+01  0.6775E+01
  -6.320  0.2941E+01  0.6804E+01
  -6.310  0.2812E+01  0.6832E+01
  -6.300  0.2742E+01  0.6860E+01
  -6.290  0.2775E+01  0.6888E+01
  -6.280  0.2709E+01  0.6915E+01
  -6.270  0.2668E+01  0.6942E+01
  -6.260  0.2649E+01  0.6969E+01
  -6.250  0.2657E+01  0.6995E+01
  -6.240  0.2629E+01  0.7022E+01
  -6.230  0.2622E+01  0.7048E+01
  -6.220  0.2644E+01  0.7074E+01
  -6.210  0.2587E+01  0.7100E+01
  -6.200  0.2570E+01  0.7126E+01
  -6.190  0.2625E+01  0.7152E+01
  -6.180  0.2596E+01  0.7179E+01
  -6.170  0.2658E+01  0.7205E+01
  -6.160  0.2600E+01  0.7231E+01
  -6.150  0.2699E+01  0.7257E+01
  -6.140  0.2676E+01  0.7285E+01
  -6.130  0.2717E+01  0.7311E+01
  -6.120  0.2805E+01  0.7339E+01
  -6.110  0.2866E+01  0.7366E+01
  -6.100  0.2833E+01  0.7394E+01
  -6.090  0.1837E+01  0.7419E+01
  -6.080  0.1926E+01  0.7438E+01
  -6.070  0.2085E+01  0.7457E+01
  -6.060  0.2228E+01  0.7479E+01
  -6.050  0.2522E+01  0.7503E+01
  -6.040  0.3163E+01  0.7530E+01
  -6.030  0.2879E+01  0.7566E+01
  -6.020  0.2309E+01  0.7591E+01
  -6.010  0.2235E+01  0.7614E+01
  -6.000  0.2118E+01  0.7636E+01
  -5.990  0.1911E+01  0.7656E+01
  -5.980  0.1810E+01  0.7676E+01
  -5.970  0.1820E+01  0.7694E+01
  -5.960  0.1689E+01  0.7711E+01
  -5.950  0.1614E+01  0.7727E+01
  -5.940  0.1635E+01  0.7744E+01
  -5.930  0.1530E+01  0.7759E+01
  -5.920  0.1530E+01  0.7775E+01
  -5.910  0.1445E+01  0.7790E+01
  -5.900  0.1391E+01  0.7804E+01
  -5.890  0.1396E+01  0.7818E+01
  -5.880  0.1361E+01  0.7832E+01
  -5.870  0.1390E+01  0.7845E+01
  -5.860  0.1272E+01  0.7859E+01
  -5.850  0.1270E+01  0.7871E+01
  -5.840  0.1266E+01  0.7884E+01
  -5.830  0.1238E+01  0.7897E+01
  -5.820  0.1235E+01  0.7909E+01
  -5.810  0.1133E+01  0.7921E+01
  -5.800  0.1157E+01  0.7932E+01
  -5.790  0.1187E+01  0.7944E+01
  -5.780  0.1038E+01  0.7955E+01
  -5.770  0.1059E+01  0.7966E+01
  -5.760  0.1033E+01  0.7978E+01
  -5.750  0.9444E+00  0.7988E+01
  -5.740  0.9270E+00  0.7999E+01
  -5.730  0.0000E+00  0.8000E+01
  -5.720  0.0000E+00  0.8000E+01
  -5.710  0.0000E+00  0.8000E+01
  -5.700  0.0000E+00  0.8000E+01
  -5.690  0.0000E+00  0.8000E+01
  -5.680  0.0000E+00  0.8000E+01
  -5.670  0.0000E+00  0.8000E+01
  -5.660  0.0000E+00  0.8000E+01
  -5.650  0.0000E+00  0.8000E+01
  -5.640  0.0000E+00  0.8000E+01
  -5.630  0.0000E+00  0.8000E+01
  -5.620  0.0000E+00  0.8000E+01
  -5.610  0.0000E+00  0.8000E+01
  -5.600  0.0000E+00  0.8000E+01
  -5.590  0.0000E+00  0.8000E+01
  -5.580  0.0000E+00  0.8000E+01
  -5.570  0.0000E+00  0.8000E+01
  -5.560  0.0000E+00  0.8000E+01
  -5.550  0.0000E+00  0.8000E+01
  -5.540  0.0000E+00  0.8000E+01
  -5.530  0.0000E+00  0.8000E+01
  -5.520  0.0000E+00  0.8000E+01
  -5.510  0.0000E+00  0.8000E+01
  -5.500  0.0000E+00  0.8000E+01
  -5.490  0.0000E+00  0.8000E+01
  -5.480  0.0000E+00  0.8000E+01
  -5.470  0.0000E+00  0.8000E+01
  -5.460  0.0000E+00  0.8000E+01
  -5.450  0.0000E+00  0.8000E+01
  -5.440  0.0000E+00  0.8000E+01
  -5.430  0.0000E+00  0.8000E+01
  -5.420  0.0000E+00  0.8000E+01
  -5.410  0.0000E+00  0.8000E+01
  -5.400  0.0000E+00  0.8000E+01
  -5.390  0.0000E+00  0.8000E+01
  -5.380  0.0000E+00  0.8000E+01
  -5.370  0.0000E+00  0.8000E+01
  -5.360  0.0000E+00  0.8000E+01
  -5.350  0.0000E+00  0.8000E+01
  -5.340  0.0000E+00  0.8000E+01
  -5.330  0.0000E+00  0.8000E+01
  -5.320  0.0000E+00  0.8000E+01
  -5.310  0.0000E+00  0.8000E+01
  -5.300  0.0000E+00  0.8000E+01
  -5.290  0.0000E+00  0.8000E+01
  -5.280  0.0000E+00  0.8000E+01
  -5.270  0.0000E+00  0.8000E+01
  -5.260  0.0000E+00  0.8000E+01
  -5.250  0.0000E+00  0.8000E+01
  -5.240  0.0000E+00  0.8000E+01
  -5.230  0.0000E+00  0.8000E+01
  -5.220  0.0000E+00  0.8000E+01
  -5.210  0.0000E+00  0.8000E+01
  -5.200  0.0000E+00  0.8000E+01
  -5.190  0.0000E+00  0.8000E+01
  -5.180  0.0000E+00  0.8000E+01
  -5.170  0.0000E+00  0.8000E+01
  -5.160  0.0000E+00  0.8000E+01
  -5.150  0.0000E+00  0.8000E+01
  -5.140  0.0000E+00  0.8000E+01
  -5.130  0.0000E+00  0.8000E+01
  -5.120  0.0000E+00  0.8000E+01
  -5.110  0.0000E+00  0.8000E+01
  -5.100  0.0000E+00  0.8000E+01
  -5.090  0.0000E+00  0.8000E+01
  -5.080  0.0000E+00  0.8000E+01
  -5.070  0.0000E+00  0.8000E+01
  -5.060  0.0000E+00  0.8000E+01
  -5.050  0.0000E+00  0.8000E+01
  -5.040  0.0000E+00  0.8000E+01
  -5.030  0.0000E+00  0.8000E+01
  -5.020  0.0000E+00  0.8000E+01
  -5.010  0.0000E+00  0.8000E+01
  -5.000  0.0000E+00  0.8000E+01
  -4.990  0.0000E+00  0.8000E+01
  -4.980  0.0000E+00  0.8000E+01
  -4.970  0.0000E+00  0.8000E+01
  -4.960  0.0000E+00  0.8000E+01
  -4.950  0.0000E+00  0.8000E+01
  -4.940  0.0000E+00  0.8000E+01
  -4.930  0.0000E+00  0.8000E+01
  -4.920  0.0000E+00  0.8000E+01
  -4.910  0.0000E+00  0.8000E+01
  -4.900  0.0000E+00  0.8000E+01
  -4.890  0.0000E+00  0.8000E+01
  -4.880  0.0000E+00  0.8000E+01
  -4.870  0.0000E+00  0.8000E+01
  -4.860  0.0000E+00  0.8000E+01
  -4.850  0.0000E+00  0.8000E+01
  -4.840  0.0000E+00  0.8000E+01
  -4.830  0.0000E+00  0.8000E+01
  -4.820  0.0000E+00  0.8000E+01
  -4.810  0.0000E+00  0.8000E+01
  -4.800  0.0000E+00  0.8000E+01
  -4.790  0.0000E+00  0.8000E+01
  -4.780  0.0000E+00  0.8000E+01
  -4.770  0.0000E+00  0.8000E+01
  -4.760  0.0000E+00  0.8000E+01
  -4.750  0.0000E+00  0.8000E+01
  -4.740  0.0000E+00  0.8000E+01
  -4.730  0.0000E+00  0.8000E+01
  -4.720  0.0000E+00  0.8000E+01
  -4.710  0.0000E+00  0.8000E+01
  -4.700  0.0000E+00  0.8000E+01
  -4.690  0.0000E+00  0.8000E+01
  -4.680  0.0000E+00  0.8000E+01
  -4.670  0.0000E+00  0.8000E+01
  -4.660  0.0000E+00  0.8000E+01
  -4.650  0.0000E+00  0.8000E+01
  -4.640  0.0000E+00  0.8000E+01
  -4.630  0.0000E+00  0.8000E+01
  -4.620  0.0000E+00  0.8000E+01
  -4.610  0.0000E+00  0.8000E+01
  -4.600  0.0000E+00  0.8000E+01
  -4.590  0.0000E+00  0.8000E+01
  -4.580  0.0000E+00  0.8000E+01
  -4.570  0.0000E+00  0.8000E+01
  -4.560  0.0000E+00  0.8000E+01
  -4.550  0.0000E+00  0.8000E+01
  -4.540  0.0000E+00  0.8000E+01
  -4.530  0.0000E+00  0.8000E+01
  -4.520  0.0000E+00  0.8000E+01
  -4.510  0.0000E+00  0.8000E+01
  -4.500  0.0000E+00  0.8000E+01
  -4.490  0.0000E+00  0.8000E+01
  -4.480  0.0000E+00  0.8000E+01
  -4.470  0.0000E+00  0.8000E+01
  -4.460  0.0000E+00  0.8000E+01
  -4.450  0.0000E+00  0.8000E+01
  -4.440  0.0000E+00  0.8000E+01
  -4.430  0.0000E+00  0.8000E+01
  -4.420  0.0000E+00  0.8000E+01
  -4.410  0.0000E+00  0.8000E+01
  -4.400  0.0000E+00  0.8000E+01
  -4.390  0.0000E+00  0.8000E+01
  -4.380  0.0000E+00  0.8000E+01
  -4.370  0.0000E+00  0.8000E+01
  -4.360  0.0000E+00  0.8000E+01
  -4.350  0.0000E+00  0.8000E+01
  -4.340  0.0000E+00  0.8000E+01
  -4.330  0.0000E+00  0.8000E+01
  -4.320  0.0000E+00  0.8000E+01
  -4.310  0.0000E+00  0.8000E+01
  -4.300  0.0000E+00  0.8000E+01
  -4.290  0.0000E+00  0.8000E+01
  -4.280  0.0000E+00  0.8000E+01
  -4.270  0.0000E+00  0.8000E+01
  -4.260  0.0000E+00  0.8000E+01
  -4.250  0.0000E+00  0.8000E+01
  -4.240  0.0000E+00  0.8000E+01
  -4.230  0.0000E+00  0.8000E+01
  -4.220  0.0000E+00  0.8000E+01
  -4.210  0.0000E+00  0.8000E+01
  -4.200  0.0000E+00  0.8000E+01
  -4.190  0.0000E+00  0.8000E+01
  -4.180  0.0000E+00  0.8000E+01
  -4.170  0.0000E+00  0.8000E+01
  -4.160  0.0000E+00  0.8000E+01
  -4.150  0.0000E+00  0.8000E+01
  -4.140  0.0000E+00  0.8000E+01
  -4.130  0.0000E+00  0.8000E+01
  -4.120  0.0000E+00  0.8000E+01
  -4.110  0.0000E+00  0.8000E+01
  -4.100  0.0000E+00  0.8000E+01
  -4.090  0.0000E+00  0.8000E+01
  -4.080  0.0000E+00  0.8000E+01
  -4.070  0.0000E+00  0.8000E+01
  -4.060  0.0000E+00  0.8000E+01
  -4.050  0.0000E+00  0.8000E+01
  -4.040  0.0000E+00  0.8000E+01
  -4.030  0.0000E+00  0.8000E+01
  -4.020  0.0000E+00  0.8000E+01
  -4.010  0.0000E+00  0.8000E+01
  -4.000  0.0000E+00  0.8000E+01
  -3.990  0.0000E+00  0.8000E+01
  -3.980  0.0000E+00  0.8000E+01
  -3.970  0.0000E+00  0.8000E+01
  -3.960  0.0000E+00  0.8000E+01
  -3.950  0.0000E+00  0.8000E+01
  -3.940  0.0000E+00  0.8000E+01
  -3.930  0.0000E+00  0.8000E+01
  -3.920  0.0000E+00  0.8000E+01
  -3.910  0.0000E+00  0.8000E+01
  -3.900  0.0000E+00  0.8000E+01
  -3.890  0.0000E+00  0.8000E+01
  -3.880  0.0000E+00  0.8000E+01
  -3.870  0.0000E+00  0.8000E+01
  -3.860  0.0000E+00  0.8000E+01
  -3.850  0.0000E+00  0.8000E+01
  -3.840  0.0000E+00  0.8000E+01
  -3.830  0.0000E+00  0.8000E+01
  -3.820  0.0000E+00  0.8000E+01
  -3.810  0.0000E+00  0.8000E+01
  -3.800  0.0000E+00  0.8000E+01
  -3.790  0.0000E+00  0.8000E+01
  -3.780  0.0000E+00  0.8000E+01
  -3.770  0.0000E+00  0.8000E+01
  -3.760  0.0000E+00  0.8000E+01
  -3.750  0.0000E+00  0.8000E+01
  -3.740  0.0000E+00  0.8000E+01
  -3.730  0.0000E+00  0.8000E+01
  -3.720  0.0000E+00  0.8000E+01
  -3.710  0.0000E+00  0.8000E+01
  -3.700  0.0000E+00  0.8000E+01
  -3.690  0.0000E+00  0.8000E+01
  -3.680  0.0000E+00  0.8000E+01
  -3.670  0.0000E+00  0.8000E+01
  -3.660  0.0000E+00  0.8000E+01
  -3.650  0.0000E+00  0.8000E+01
  -3.640  0.0000E+00  0.8000E+01
  -3.630  0.0000E+00  0.8000E+01
  -3.620  0.0000E+00  0.8000E+01
  -3.610  0.0000E+00  0.8000E+01
  -3.600  0.0000E+00  0.8000E+01
  -3.590  0.0000E+00  0.8000E+01
  -3.580  0.0000E+00  0.8000E+01
  -3.570  0.0000E+00  0.8000E+01
  -3.560  0.0000E+00  0.8000E+01
  -3.550  0.0000E+00  0.8000E+01
  -3.540  0.0000E+00  0.8000E+01
  -3.530  0.0000E+00  0.8000E+01
  -3.520  0.0000E+00  0.8000E+01
  -3.510  0.0000E+00  0.8000E+01
  -3.500  0.0000E+00  0.8000E+01
  -3.490  0.0000E+00  0.8000E+01
  -3.480  0.0000E+00  0.8000E+01
  -3.470  0.0000E+00  0.8000E+01
  -3.460  0.0000E+00  0.8000E+01
  -3.450  0.0000E+00  0.8000E+01
  -3.440  0.0000E+00  0.8000E+01
  -3.430  0.0000E+00  0.8000E+01
  -3.420  0.0000E+00  0.8000E+01
  -3.410  0.0000E+00  0.8000E+01
  -3.400  0.0000E+00  0.8000E+01
  -3.390  0.0000E+00  0.8000E+01
  -3.380  0.0000E+00  0.8000E+01
  -3.370  0.0000E+00  0.8000E+01
  -3.360  0.0000E+00  0.8000E+01
  -3.350  0.0000E+00  0.8000E+01
  -3.340  0.0000E+00  0.8000E+01
  -3.330  0.0000E+00  0.8000E+01
  -3.320  0.0000E+00  0.8000E+01
  -3.310  0.0000E+00  0.8000E+01
  -3.300  0.0000E+00  0.8000E+01
  -3.290  0.0000E+00  0.8000E+01
  -3.280  0.0000E+00  0.8000E+01
  -3.270  0.0000E+00  0.8000E+01
  -3.260  0.0000E+00  0.8000E+01
  -3.250  0.0000E+00  0.8000E+01
  -3.240  0.0000E+00  0.8000E+01
  -3.230  0.0000E+00  0.8000E+01
  -3.220  0.0000E+00  0.8000E+01
  -3.210  0.0000E+00  0.8000E+01
  -3.200  0.0000E+00  0.8000E+01
  -3.190  0.0000E+00  0.8000E+01
  -3.180  0.0000E+00  0.8000E+01
  -3.170  0.0000E+00  0.8000E+01
  -3.160  0.0000E+00  0.8000E+01
  -3.150  0.0000E+00  0.8000E+01
  -3.140  0.0000E+00  0.8000E+01
  -3.130  0.0000E+00  0.8000E+01
  -3.120  0.0000E+00  0.8000E+01
  -3.110  0.0000E+00  0.8000E+01
  -3.100  0.0000E+00  0.8000E+01
  -3.090  0.0000E+00  0.8000E+01
  -3.080  0.0000E+00  0.8000E+01
  -3.070  0.0000E+00  0.8000E+01
  -3.060  0.0000E+00  0.8000E+01
  -3.050  0.0000E+00  0.8000E+01
  -3.040  0.0000E+00  0.8000E+01
  -3.030  0.0000E+00  0.8000E+01
  -3.020  0.0000E+00  0.8000E+01
  -3.010  0.0000E+00  0.8000E+01
  -3.000  0.0000E+00  0.8000E+01
  -2.990  0.0000E+00  0.8000E+01
  -2.980  0.0000E+00  0.8000E+01
  -2.970  0.0000E+00  0.8000E+01
  -2.960  0.0000E+00  0.8000E+01
  -2.950  0.0000E+00  0.8000E+01
  -2.940  0.0000E+00  0.8000E+01
  -2.930  0.0000E+00  0.8000E+01
  -2.920  0.0000E+00  0.8000E+01
  -2.910  0.0000E+00  0.8000E+01
  -2.900  0.0000E+00  0.8000E+01
  -2.890  0.0000E+00  0.8000E+01
  -2.880  0.0000E+00  0.8000E+01
  -2.870  0.0000E+00  0.8000E+01
  -2.860  0.0000E+00  0.8000E+01
  -2.850  0.0000E+00  0.8000E+01
  -2.840  0.0000E+00  0.8000E+01
  -2.830  0.0000E+00  0.8000E+01
  -2.820  0.0000E+00  0.8000E+01
  -2.810  0.0000E+00  0.8000E+01
  -2.800  0.0000E+00  0.8000E+01
  -2.790  0.0000E+00  0.8000E+01
  -2.780  0.0000E+00  0.8000E+01
  -2.770  0.0000E+00  0.8000E+01
  -2.760  0.0000E+00  0.8000E+01
  -2.750  0.0000E+00  0.8000E+01
  -2.740  0.0000E+00  0.8000E+01
  -2.730  0.0000E+00  0.8000E+01
  -2.720  0.0000E+00  0.8000E+01
  -2.710  0.0000E+00  0.8000E+01
  -2.700  0.0000E+00  0.8000E+01
  -2.690  0.0000E+00  0.8000E+01
  -2.680  0.0000E+00  0.8000E+01
  -2.670  0.0000E+00  0.8000E+01
  -2.660  0.0000E+00  0.8000E+01
  -2.650  0.0000E+00  0.8000E+01
  -2.640  0.0000E+00  0.8000E+01
  -2.630  0.0000E+00  0.8000E+01
  -2.620  0.0000E+00  0.8000E+01
  -2.610  0.0000E+00  0.8000E+01
  -2.600  0.0000E+00  0.8000E+01
  -2.590  0.0000E+00  0.8000E+01
  -2.580  0.0000E+00  0.8000E+01
  -2.570  0.0000E+00  0.8000E+01
  -2.560  0.0000E+00  0.8000E+01
  -2.550  0.0000E+00  0.8000E+01
  -2.540  0.0000E+00  0.8000E+01
  -2.530  0.0000E+00  0.8000E+01
  -2.520  0.0000E+00  0.8000E+01
  -2.510  0.0000E+00  0.8000E+01
  -2.500  0.0000E+00  0.8000E+01
  -2.490  0.0000E+00  0.8000E+01
  -2.480  0.0000E+00  0.8000E+01
  -2.470  0.0000E+00  0.8000E+01
  -2.460  0.0000E+00  0.8000E+01
  -2.450  0.0000E+00  0.8000E+01
  -2.440  0.0000E+00  0.8000E+01
  -2.430  0.0000E+00  0.8000E+01
  -2.420  0.0000E+00  0.8000E+01
  -2.410  0.0000E+00  0.8000E+01
  -2.400  0.0000E+00  0.8000E+01
  -2.390  0.0000E+00  0.8000E+01
  -2.380  0.0000E+00  0.8000E+01
  -2.370  0.0000E+00  0.8000E+01
  -2.360  0.0000E+00  0.8000E+01
  -2.350  0.0000E+00  0.8000E+01
  -2.340  0.0000E+00  0.8000E+01
  -2.330  0.0000E+00  0.8000E+01
  -2.320  0.0000E+00  0.8000E+01
  -2.310  0.0000E+00  0.8000E+01
  -2.300  0.0000E+00  0.8000E+01
  -2.290  0.0000E+00  0.8000E+01
  -2.280  0.0000E+00  0.8000E+01
  -2.270  0.0000E+00  0.8000E+01
  -2.260  0.0000E+00  0.8000E+01
  -2.250  0.0000E+00  0.8000E+01
  -2.240  0.0000E+00  0.8000E+01
  -2.230  0.0000E+00  0.8000E+01
  -2.220  0.0000E+00  0.8000E+01
  -2.210  0.0000E+00  0.8000E+01
  -2.200  0.0000E+00  0.8000E+01
  -2.190  0.0000E+00  0.8000E+01
  -2.180  0.0000E+00  0.8000E+01
  -2.170  0.0000E+00  0.8000E+01
  -2.160  0.0000E+00  0.8000E+01
  -2.150  0.0000E+00  0.8000E+01
  -2.140  0.0000E+00  0.8000E+01
  -2.130  0.0000E+00  0.8000E+01
  -2.120  0.0000E+00  0.8000E+01
  -2.110  0.0000E+00  0.8000E+01
  -2.100  0.0000E+00  0.8000E+01
  -2.090  0.0000E+00  0.8000E+01
  -2.080  0.0000E+00  0.8000E+01
  -2.070  0.0000E+00  0.8000E+01
  -2.060  0.0000E+00  0.8000E+01
  -2.050  0.0000E+00  0.8000E+01
  -2.040  0.0000E+00  0.8000E+01
  -2.030  0.0000E+00  0.8000E+01
  -2.020  0.0000E+00  0.8000E+01
  -2.010  0.0000E+00  0.8000E+01
  -2.000  0.0000E+00  0.8000E+01
  -1.990  0.0000E+00  0.8000E+01
  -1.980  0.0000E+00  0.8000E+01
  -1.970  0.0000E+00  0.8000E+01
  -1.960  0.0000E+00  0.8000E+01
  -1.950  0.0000E+00  0.8000E+01
  -1.940  0.0000E+00  0.8000E+01
  -1.930  0.0000E+00  0.8000E+01
  -1.920  0.0000E+00  0.8000E+01
  -1.910  0.0000E+00  0.8000E+01
  -1.900  0.0000E+00  0.8000E+01
  -1.890  0.0000E+00  0.8000E+01
  -1.880  0.0000E+00  0.8000E+01
  -1.870  0.0000E+00  0.8000E+01
  -1.860  0.0000E+00  0.8000E+01
  -1.850  0.0000E+00  0.8000E+01
  -1.840  0.0000E+00  0.8000E+01
  -1.830  0.0000E+00  0.8000E+01
  -1.820  0.0000E+00  0.8000E+01
  -1.810  0.0000E+00  0.8000E+01
  -1.800  0.0000E+00  0.8000E+01
  -1.790  0.0000E+00  0.8000E+01
  -1.780  0.0000E+00  0.8000E+01
  -1.770  0.0000E+00  0.8000E+01
  -1.760  0.0000E+00  0.8000E+01
  -1.750  0.0000E+00  0.8000E+01
  -1.740  0.0000E+00  0.8000E+01
  -1.730  0.0000E+00  0.8000E+01
  -1.720  0.0000E+00  0.8000E+01
  -1.710  0.0000E+00  0.8000E+01
  -1.700  0.0000E+00  0.8000E+01
  -1.690  0.0000E+00  0.8000E+01
  -1.680  0.0000E+00  0.8000E+01
  -1.670  0.0000E+00  0.8000E+01
  -1.660  0.0000E+00  0.8000E+01
  -1.650  0.0000E+00  0.8000E+01
  -1.640  0.0000E+00  0.8000E+01
  -1.630  0.0000E+00  0.8000E+01
  -1.620  0.0000E+00  0.8000E+01
  -1.610  0.0000E+00  0.8000E+01
  -1.600  0.0000E+00  0.8000E+01
  -1.590  0.0000E+00  0.8000E+01
  -1.580  0.0000E+00  0.8000E+01
  -1.570  0.9541E-01  0.8000E+01
  -1.560  0.1302E+01  0.8011E+01
  -1.550  0.1476E+01  0.8027E+01
  -1.540  0.1391E+01  0.8041E+01
  -1.530  0.1617E+01  0.8056E+01
  -1.520  0.1543E+01  0.8072E+01
  -1.510  0.1490E+01  0.8086E+01
  -1.500  0.1622E+01  0.8102E+01
  -1.490  0.1538E+01  0.8118E+01
  -1.480  0.1495E+01  0.8133E+01
  -1.470  0.1588E+01  0.8148E+01
  -1.460  0.1645E+01  0.8165E+01
  -1.450  0.1569E+01  0.8180E+01
  -1.440  0.1568E+01  0.8196E+01
  -1.430  0.1621E+01  0.8212E+01
  -1.420  0.1663E+01  0.8228E+01
  -1.410  0.1609E+01  0.8245E+01
  -1.400  0.1632E+01  0.8261E+01
  -1.390  0.1646E+01  0.8278E+01
  -1.380  0.1705E+01  0.8294E+01
  -1.370  0.1717E+01  0.8311E+01
  -1.360  0.1686E+01  0.8328E+01
  -1.350  0.1717E+01  0.8345E+01
  -1.340  0.1737E+01  0.8363E+01
  -1.330  0.1761E+01  0.8380E+01
  -1.320  0.1794E+01  0.8398E+01
  -1.310  0.1818E+01  0.8416E+01
  -1.300  0.3082E+01  0.8444E+01
  -1.290  0.3455E+01  0.8478E+01
  -1.280  0.3353E+01  0.8511E+01
  -1.270  0.3521E+01  0.8545E+01
  -1.260  0.3512E+01  0.8580E+01
  -1.250  0.3441E+01  0.8614E+01
  -1.240  0.3625E+01  0.8649E+01
  -1.230  0.3580E+01  0.8686E+01
  -1.220  0.3574E+01  0.8721E+01
  -1.210  0.3732E+01  0.8758E+01
  -1.200  0.3826E+01  0.8796E+01
  -1.190  0.3825E+01  0.8834E+01
  -1.180  0.3872E+01  0.8872E+01
  -1.170  0.4006E+01  0.8911E+01
  -1.160  0.4174E+01  0.8952E+01
  -1.150  0.4208E+01  0.8994E+01
  -1.140  0.4440E+01  0.9038E+01
  -1.130  0.4682E+01  0.9083E+01
  -1.120  0.5206E+01  0.9132E+01
  -1.110  0.5809E+01  0.9192E+01
  -1.100  0.4814E+01  0.9244E+01
  -1.090  0.4449E+01  0.9291E+01
  -1.080  0.4261E+01  0.9334E+01
  -1.070  0.4060E+01  0.9376E+01
  -1.060  0.4013E+01  0.9416E+01
  -1.050  0.3860E+01  0.9455E+01
  -1.040  0.3811E+01  0.9494E+01
  -1.030  0.3720E+01  0.9531E+01
  -1.020  0.3682E+01  0.9568E+01
  -1.010  0.3632E+01  0.9605E+01
  -1.000  0.3576E+01  0.9641E+01
  -0.990  0.3567E+01  0.9677E+01
  -0.980  0.3563E+01  0.9713E+01
  -0.970  0.3527E+01  0.9748E+01
  -0.960  0.3504E+01  0.9783E+01
  -0.950  0.3515E+01  0.9818E+01
  -0.940  0.3582E+01  0.9854E+01
  -0.930  0.3565E+01  0.9890E+01
  -0.920  0.3558E+01  0.9926E+01
  -0.910  0.3396E+01  0.9961E+01
  -0.900  0.3506E+01  0.9995E+01
  -0.890  0.3694E+01  0.1003E+02
  -0.880  0.3786E+01  0.1007E+02
  -0.870  0.4109E+01  0.1011E+02
  -0.860  0.7270E+01  0.1015E+02
  -0.850  0.4337E+01  0.1020E+02
  -0.840  0.3774E+01  0.1024E+02
  -0.830  0.3458E+01  0.1028E+02
  -0.820  0.3233E+01  0.1031E+02
  -0.810  0.3083E+01  0.1034E+02
  -0.800  0.2894E+01  0.1037E+02
  -0.790  0.2829E+01  0.1040E+02
  -0.780  0.2709E+01  0.1043E+02
  -0.770  0.2626E+01  0.1046E+02
  -0.760  0.2525E+01  0.1048E+02
  -0.750  0.2445E+01  0.1051E+02
  -0.740  0.2453E+01  0.1053E+02
  -0.730  0.2423E+01  0.1056E+02
  -0.720  0.2387E+01  0.1058E+02
  -0.710  0.2349E+01  0.1060E+02
  -0.700  0.2310E+01  0.1063E+02
  -0.690  0.2388E+01  0.1065E+02
  -0.680  0.2324E+01  0.1068E+02
  -0.670  0.2308E+01  0.1070E+02
  -0.660  0.2211E+01  0.1072E+02
  -0.650  0.2240E+01  0.1074E+02
  -0.640  0.2200E+01  0.1077E+02
  -0.630  0.2197E+01  0.1079E+02
  -0.620  0.2175E+01  0.1081E+02
  -0.610  0.2187E+01  0.1083E+02
  -0.600  0.2157E+01  0.1085E+02
  -0.590  0.2151E+01  0.1087E+02
  -0.580  0.2158E+01  0.1090E+02
  -0.570  0.2132E+01  0.1092E+02
  -0.560  0.2135E+01  0.1094E+02
  -0.550  0.2135E+01  0.1096E+02
  -0.540  0.2135E+01  0.1098E+02
  -0.530  0.2125E+01  0.1100E+02
  -0.520  0.2138E+01  0.1102E+02
  -0.510  0.2160E+01  0.1105E+02
  -0.500  0.2167E+01  0.1107E+02
  -0.490  0.2348E+01  0.1109E+02
  -0.480  0.2376E+01  0.1111E+02
  -0.470  0.2420E+01  0.1114E+02
  -0.460  0.2488E+01  0.1116E+02
  -0.450  0.2788E+01  0.1119E+02
  -0.440  0.3461E+01  0.1122E+02
  -0.430  0.3406E+01  0.1125E+02
  -0.420  0.3580E+01  0.1129E+02
  -0.410  0.3628E+01  0.1133E+02
  -0.400  0.3852E+01  0.1136E+02
  -0.390  0.4297E+01  0.1140E+02
  -0.380  0.5008E+01  0.1145E+02
  -0.370  0.6273E+01  0.1151E+02
  -0.360  0.4889E+01  0.1157E+02
  -0.350  0.1761E+01  0.1160E+02
  -0.340  0.1804E+01  0.1162E+02
  -0.330  0.1849E+01  0.1163E+02
  -0.320  0.1897E+01  0.1165E+02
  -0.310  0.1898E+01  0.1167E+02
  -0.300  0.1835E+01  0.1169E+02
  -0.290  0.1840E+01  0.1171E+02
  -0.280  0.1865E+01  0.1173E+02
  -0.270  0.1892E+01  0.1175E+02
  -0.260  0.1903E+01  0.1177E+02
  -0.250  0.2159E+01  0.1179E+02
  -0.240  0.2164E+01  0.1181E+02
  -0.230  0.2180E+01  0.1183E+02
  -0.220  0.2506E+01  0.1185E+02
  -0.210  0.2561E+01  0.1188E+02
  -0.200  0.2569E+01  0.1190E+02
  -0.190  0.2658E+01  0.1193E+02
  -0.180  0.2758E+01  0.1196E+02
  -0.170  0.2868E+01  0.1199E+02
  -0.160  0.2981E+01  0.1201E+02
  -0.150  0.3100E+01  0.1204E+02
  -0.140  0.3844E+01  0.1208E+02
  -0.130  0.4068E+01  0.1212E+02
  -0.120  0.4280E+01  0.1216E+02
  -0.110  0.4690E+01  0.1221E+02
  -0.100  0.4976E+01  0.1225E+02
  -0.090  0.5579E+01  0.1231E+02
  -0.080  0.6610E+01  0.1237E+02
  -0.070  0.8688E+01  0.1244E+02
  -0.060  0.9190E+01  0.1254E+02
  -0.050  0.5316E+01  0.1260E+02
  -0.040  0.4609E+01  0.1265E+02
  -0.030  0.4212E+01  0.1269E+02
  -0.020  0.4045E+01  0.1274E+02
  -0.010  0.4045E+01  0.1278E+02
   0.000  0.4045E+01  0.1282E+02
   0.010  0.4101E+01  0.1286E+02
   0.020  0.3745E+01  0.1290E+02
   0.030  0.3427E+01  0.1293E+02
   0.040  0.3180E+01  0.1296E+02
   0.050  0.2998E+01  0.1300E+02
   0.060  0.2908E+01  0.1302E+02
   0.070  0.2855E+01  0.1305E+02
   0.080  0.2846E+01  0.1308E+02
   0.090  0.2902E+01  0.1311E+02
   0.100  0.2929E+01  0.1314E+02
   0.110  0.3000E+01  0.1317E+02
   0.120  0.3075E+01  0.1320E+02
   0.130  0.3076E+01  0.1323E+02
   0.140  0.3064E+01  0.1326E+02
   0.150  0.2918E+01  0.1329E+02
   0.160  0.2674E+01  0.1332E+02
   0.170  0.2688E+01  0.1335E+02
   0.180  0.2719E+01  0.1337E+02
   0.190  0.2747E+01  0.1340E+02
   0.200  0.2742E+01  0.1343E+02
   0.210  0.2700E+01  0.1345E+02
   0.220  0.2769E+01  0.1348E+02
   0.230  0.2724E+01  0.1351E+02
   0.240  0.2720E+01  0.1354E+02
   0.250  0.2895E+01  0.1356E+02
   0.260  0.3504E+01  0.1360E+02
   0.270  0.3420E+01  0.1363E+02
   0.280  0.4134E+01  0.1367E+02
   0.290  0.4487E+01  0.1371E+02
   0.300  0.4551E+01  0.1376E+02
   0.310  0.4639E+01  0.1380E+02
   0.320  0.4571E+01  0.1385E+02
   0.330  0.4972E+01  0.1390E+02
   0.340  0.5766E+01  0.1395E+02
   0.350  0.5819E+01  0.1401E+02
   0.360  0.5799E+01  0.1407E+02
   0.370  0.5811E+01  0.1413E+02
   0.380  0.5920E+01  0.1418E+02
   0.390  0.6227E+01  0.1425E+02
   0.400  0.5650E+01  0.1430E+02
   0.410  0.5428E+01  0.1436E+02
   0.420  0.5351E+01  0.1441E+02
   0.430  0.5262E+01  0.1447E+02
   0.440  0.5156E+01  0.1452E+02
   0.450  0.5227E+01  0.1457E+02
   0.460  0.5183E+01  0.1462E+02
   0.470  0.5268E+01  0.1467E+02
   0.480  0.5240E+01  0.1473E+02
   0.490  0.4929E+01  0.1478E+02
   0.500  0.4932E+01  0.1483E+02
   0.510  0.5005E+01  0.1488E+02
   0.520  0.5155E+01  0.1493E+02
   0.530  0.5313E+01  0.1498E+02
   0.540  0.5522E+01  0.1504E+02
   0.550  0.5583E+01  0.1509E+02
   0.560  0.5778E+01  0.1515E+02
   0.570  0.6105E+01  0.1521E+02
   0.580  0.6478E+01  0.1527E+02
   0.590  0.6654E+01  0.1534E+02
   0.600  0.6531E+01  0.1540E+02
   0.610  0.6581E+01  0.1547E+02
   0.620  0.6454E+01  0.1553E+02
   0.630  0.6311E+01  0.1560E+02
   0.640  0.6079E+01  0.1566E+02
   0.650  0.5674E+01  0.1572E+02
   0.660  0.5361E+01  0.1577E+02
   0.670  0.4895E+01  0.1582E+02
   0.680  0.4415E+01  0.1587E+02
   0.690  0.3733E+01  0.1591E+02
   0.700  0.3592E+01  0.1595E+02
   0.710  0.3635E+01  0.1598E+02
   0.720  0.3692E+01  0.1602E+02
   0.730  0.3868E+01  0.1606E+02
   0.740  0.4864E+01  0.1610E+02
   0.750  0.5933E+01  0.1615E+02
   0.760  0.5284E+01  0.1621E+02
   0.770  0.5050E+01  0.1626E+02
   0.780  0.4973E+01  0.1631E+02
   0.790  0.4968E+01  0.1636E+02
   0.800  0.5091E+01  0.1641E+02
   0.810  0.5158E+01  0.1646E+02
   0.820  0.5277E+01  0.1652E+02
   0.830  0.5431E+01  0.1657E+02
   0.840  0.5681E+01  0.1662E+02
   0.850  0.6014E+01  0.1668E+02
   0.860  0.6363E+01  0.1674E+02
   0.870  0.7556E+01  0.1681E+02
   0.880  0.7533E+01  0.1689E+02
   0.890  0.7273E+01  0.1696E+02
   0.900  0.6582E+01  0.1703E+02
   0.910  0.6586E+01  0.1709E+02
   0.920  0.6495E+01  0.1716E+02
   0.930  0.6510E+01  0.1723E+02
   0.940  0.7014E+01  0.1729E+02
   0.950  0.6360E+01  0.1735E+02
   0.960  0.6374E+01  0.1742E+02
   0.970  0.6468E+01  0.1748E+02
   0.980  0.6566E+01  0.1755E+02
   0.990  0.6693E+01  0.1761E+02
   1.000  0.6890E+01  0.1768E+02
   1.010  0.6908E+01  0.1775E+02
   1.020  0.7007E+01  0.1782E+02
   1.030  0.7077E+01  0.1789E+02
   1.040  0.7633E+01  0.1796E+02
   1.050  0.6373E+01  0.1803E+02
   1.060  0.5305E+01  0.1809E+02
   1.070  0.5044E+01  0.1814E+02
   1.080  0.4921E+01  0.1819E+02
   1.090  0.4831E+01  0.1824E+02
   1.100  0.4804E+01  0.1829E+02
   1.110  0.4874E+01  0.1834E+02
   1.120  0.5166E+01  0.1839E+02
   1.130  0.5681E+01  0.1844E+02
   1.140  0.6663E+01  0.1850E+02
   1.150  0.8195E+01  0.1858E+02
   1.160  0.6349E+01  0.1865E+02
   1.170  0.6184E+01  0.1871E+02
   1.180  0.6338E+01  0.1878E+02
   1.190  0.6677E+01  0.1884E+02
   1.200  0.6565E+01  0.1891E+02
   1.210  0.5737E+01  0.1897E+02
   1.220  0.5198E+01  0.1903E+02
   1.230  0.5089E+01  0.1908E+02
   1.240  0.4880E+01  0.1913E+02
   1.250  0.4837E+01  0.1918E+02
   1.260  0.5422E+01  0.1923E+02
   1.270  0.5486E+01  0.1928E+02
   1.280  0.5309E+01  0.1934E+02
   1.290  0.5507E+01  0.1939E+02
   1.300  0.5678E+01  0.1945E+02
   1.310  0.5860E+01  0.1950E+02
   1.320  0.6079E+01  0.1957E+02
   1.330  0.5879E+01  0.1962E+02
   1.340  0.6170E+01  0.1968E+02
   1.350  0.6058E+01  0.1975E+02
   1.360  0.6009E+01  0.1981E+02
   1.370  0.5915E+01  0.1987E+02
   1.380  0.5889E+01  0.1992E+02
   1.390  0.6272E+01  0.1998E+02
   1.400  0.4234E+01  0.2003E+02
   1.410  0.4066E+01  0.2008E+02
   1.420  0.3855E+01  0.2012E+02
   1.430  0.3613E+01  0.2015E+02
   1.440  0.3350E+01  0.2019E+02
   1.450  0.3253E+01  0.2022E+02
   1.460  0.3172E+01  0.2025E+02
   1.470  0.3128E+01  0.2028E+02
   1.480  0.3104E+01  0.2032E+02
   1.490  0.3068E+01  0.2035E+02
   1.500  0.3048E+01  0.2038E+02
   1.510  0.3083E+01  0.2041E+02
   1.520  0.3092E+01  0.2044E+02
   1.530  0.3132E+01  0.2047E+02
   1.540  0.3327E+01  0.2050E+02
   1.550  0.3370E+01  0.2054E+02
   1.560  0.3457E+01  0.2057E+02
   1.570  0.3624E+01  0.2060E+02
   1.580  0.3958E+01  0.2064E+02
   1.590  0.4335E+01  0.2068E+02
   1.600  0.4597E+01  0.2073E+02
   1.610  0.7028E+01  0.2078E+02
   1.620  0.4961E+01  0.2084E+02
   1.630  0.6491E+01  0.2089E+02
   1.640  0.6201E+01  0.2096E+02
   1.650  0.5902E+01  0.2102E+02
   1.660  0.5670E+01  0.2108E+02
   1.670  0.4490E+01  0.2114E+02
   1.680  0.4251E+01  0.2118E+02
   1.690  0.4349E+01  0.2122E+02
   1.700  0.4292E+01  0.2127E+02
   1.710  0.4340E+01  0.2131E+02
   1.720  0.4374E+01  0.2135E+02
   1.730  0.4596E+01  0.2140E+02
   1.740  0.4490E+01  0.2144E+02
   1.750  0.4517E+01  0.2149E+02
   1.760  0.4553E+01  0.2153E+02
   1.770  0.4602E+01  0.2158E+02
   1.780  0.4635E+01  0.2163E+02
   1.790  0.4740E+01  0.2167E+02
   1.800  0.4901E+01  0.2172E+02
   1.810  0.4979E+01  0.2177E+02
   1.820  0.5073E+01  0.2182E+02
   1.830  0.5164E+01  0.2187E+02
   1.840  0.5240E+01  0.2192E+02
   1.850  0.5330E+01  0.2198E+02
   1.860  0.5385E+01  0.2203E+02
   1.870  0.5501E+01  0.2208E+02
   1.880  0.5569E+01  0.2214E+02
   1.890  0.5810E+01  0.2220E+02
   1.900  0.5567E+01  0.2225E+02
   1.910  0.5182E+01  0.2231E+02
   1.920  0.5065E+01  0.2236E+02
   1.930  0.4743E+01  0.2241E+02
   1.940  0.3792E+01  0.2245E+02
   1.950  0.3686E+01  0.2249E+02
   1.960  0.3619E+01  0.2253E+02
   1.970  0.3602E+01  0.2256E+02
   1.980  0.3748E+01  0.2260E+02
   1.990  0.3887E+01  0.2264E+02
   2.000  0.4108E+01  0.2268E+02
   2.010  0.4148E+01  0.2272E+02
   2.020  0.4006E+01  0.2276E+02
   2.030  0.3897E+01  0.2280E+02
   2.040  0.3855E+01  0.2284E+02
   2.050  0.3588E+01  0.2287E+02
   2.060  0.3371E+01  0.2291E+02
   2.070  0.3247E+01  0.2294E+02
   2.080  0.2938E+01  0.2297E+02
   2.090  0.3126E+01  0.2300E+02
   2.100  0.3064E+01  0.2303E+02
   2.110  0.3009E+01  0.2306E+02
   2.120  0.2975E+01  0.2309E+02
   2.130  0.2949E+01  0.2312E+02
   2.140  0.2952E+01  0.2315E+02
   2.150  0.2985E+01  0.2318E+02
   2.160  0.3136E+01  0.2321E+02
   2.170  0.3338E+01  0.2325E+02
   2.180  0.3733E+01  0.2328E+02
   2.190  0.3809E+01  0.2332E+02
   2.200  0.4222E+01  0.2336E+02
   2.210  0.4278E+01  0.2340E+02
   2.220  0.4420E+01  0.2345E+02
   2.230  0.4703E+01  0.2349E+02
   2.240  0.4836E+01  0.2354E+02
   2.250  0.4850E+01  0.2359E+02
   2.260  0.5148E+01  0.2364E+02
   2.270  0.4224E+01  0.2368E+02
   2.280  0.3657E+01  0.2372E+02
   2.290  0.2864E+01  0.2376E+02
   2.300  0.1894E+01  0.2378E+02
   2.310  0.1627E+01  0.2380E+02
   2.320  0.1718E+01  0.2381E+02
   2.330  0.1786E+01  0.2383E+02
   2.340  0.1844E+01  0.2385E+02
   2.350  0.1928E+01  0.2387E+02
   2.360  0.2018E+01  0.2389E+02
   2.370  0.2112E+01  0.2391E+02
   2.380  0.2203E+01  0.2393E+02
   2.390  0.2368E+01  0.2395E+02
   2.400  0.2539E+01  0.2398E+02
   2.410  0.2740E+01  0.2400E+02
   2.420  0.2987E+01  0.2403E+02
   2.430  0.3314E+01  0.2406E+02
   2.440  0.3923E+01  0.2410E+02
   2.450  0.4347E+01  0.2414E+02
   2.460  0.3747E+01  0.2418E+02
   2.470  0.3124E+01  0.2422E+02
   2.480  0.3256E+01  0.2425E+02
   2.490  0.3439E+01  0.2428E+02
   2.500  0.3618E+01  0.2432E+02
   2.510  0.3791E+01  0.2435E+02
   2.520  0.4237E+01  0.2439E+02
   2.530  0.4536E+01  0.2444E+02
   2.540  0.4561E+01  0.2448E+02
   2.550  0.4798E+01  0.2453E+02
   2.560  0.4909E+01  0.2458E+02
   2.570  0.4851E+01  0.2463E+02
   2.580  0.4781E+01  0.2468E+02
   2.590  0.3687E+01  0.2472E+02
   2.600  0.3655E+01  0.2475E+02
   2.610  0.3632E+01  0.2479E+02
   2.620  0.3678E+01  0.2483E+02
   2.630  0.3700E+01  0.2486E+02
   2.640  0.3761E+01  0.2490E+02
   2.650  0.3811E+01  0.2494E+02
   2.660  0.3825E+01  0.2498E+02
   2.670  0.3792E+01  0.2502E+02
   2.680  0.3941E+01  0.2505E+02
   2.690  0.3915E+01  0.2509E+02
   2.700  0.3769E+01  0.2513E+02
   2.710  0.3595E+01  0.2517E+02
   2.720  0.3499E+01  0.2520E+02
   2.730  0.3420E+01  0.2524E+02
   2.740  0.3367E+01  0.2527E+02
   2.750  0.3326E+01  0.2531E+02
   2.760  0.3288E+01  0.2534E+02
   2.770  0.3258E+01  0.2537E+02
   2.780  0.3330E+01  0.2540E+02
   2.790  0.3322E+01  0.2544E+02
   2.800  0.3324E+01  0.2547E+02
   2.810  0.3424E+01  0.2551E+02
   2.820  0.3126E+01  0.2554E+02
   2.830  0.3090E+01  0.2557E+02
   2.840  0.3154E+01  0.2560E+02
   2.850  0.3256E+01  0.2563E+02
   2.860  0.3324E+01  0.2567E+02
   2.870  0.3351E+01  0.2570E+02
   2.880  0.3483E+01  0.2573E+02
   2.890  0.3637E+01  0.2577E+02
   2.900  0.3716E+01  0.2581E+02
   2.910  0.3701E+01  0.2584E+02
   2.920  0.3620E+01  0.2588E+02
   2.930  0.3758E+01  0.2592E+02
   2.940  0.3902E+01  0.2596E+02
   2.950  0.3189E+01  0.2599E+02
   2.960  0.1245E+01  0.2602E+02
   2.970  0.1282E+01  0.2603E+02
   2.980  0.1297E+01  0.2604E+02
   2.990  0.1328E+01  0.2605E+02
   3.000  0.1365E+01  0.2607E+02
   3.010  0.1413E+01  0.2608E+02
   3.020  0.1471E+01  0.2610E+02
   3.030  0.1542E+01  0.2611E+02
   3.040  0.2128E+01  0.2613E+02
   3.050  0.2645E+01  0.2615E+02
   3.060  0.3004E+01  0.2618E+02
   3.070  0.3176E+01  0.2621E+02
   3.080  0.3483E+01  0.2625E+02
   3.090  0.3732E+01  0.2628E+02
   3.100  0.4163E+01  0.2632E+02
   3.110  0.4664E+01  0.2637E+02
   3.120  0.5260E+01  0.2642E+02
   3.130  0.5509E+01  0.2647E+02
   3.140  0.6074E+01  0.2653E+02
   3.150  0.6801E+01  0.2659E+02
   3.160  0.7612E+01  0.2666E+02
   3.170  0.7562E+01  0.2674E+02
   3.180  0.8471E+01  0.2682E+02
   3.190  0.7815E+01  0.2690E+02
   3.200  0.7678E+01  0.2698E+02
   3.210  0.7865E+01  0.2705E+02
   3.220  0.8411E+01  0.2713E+02
   3.230  0.5849E+01  0.2720E+02
   3.240  0.5195E+01  0.2725E+02
   3.250  0.5155E+01  0.2731E+02
   3.260  0.5327E+01  0.2736E+02
   3.270  0.5592E+01  0.2741E+02
   3.280  0.5717E+01  0.2747E+02
   3.290  0.5697E+01  0.2753E+02
   3.300  0.5825E+01  0.2758E+02
   3.310  0.6497E+01  0.2764E+02
   3.320  0.5458E+01  0.2771E+02
   3.330  0.4113E+01  0.2775E+02
   3.340  0.3822E+01  0.2779E+02
   3.350  0.3635E+01  0.2783E+02
   3.360  0.3453E+01  0.2786E+02
   3.370  0.3295E+01  0.2790E+02
   3.380  0.3052E+01  0.2793E+02
   3.390  0.2851E+01  0.2796E+02
   3.400  0.2679E+01  0.2799E+02
   3.410  0.2463E+01  0.2801E+02
   3.420  0.2451E+01  0.2804E+02
   3.430  0.2594E+01  0.2806E+02
   3.440  0.2758E+01  0.2809E+02
   3.450  0.2949E+01  0.2812E+02
   3.460  0.3184E+01  0.2815E+02
   3.470  0.3406E+01  0.2818E+02
   3.480  0.3589E+01  0.2822E+02
   3.490  0.3717E+01  0.2825E+02
   3.500  0.3951E+01  0.2829E+02
   3.510  0.4190E+01  0.2833E+02
   3.520  0.4799E+01  0.2838E+02
   3.530  0.4792E+01  0.2843E+02
   3.540  0.4788E+01  0.2847E+02
   3.550  0.4767E+01  0.2852E+02
   3.560  0.4664E+01  0.2857E+02
   3.570  0.4458E+01  0.2861E+02
   3.580  0.4024E+01  0.2866E+02
   3.590  0.3746E+01  0.2870E+02
   3.600  0.3578E+01  0.2873E+02
   3.610  0.3346E+01  0.2877E+02
   3.620  0.3279E+01  0.2880E+02
   3.630  0.3181E+01  0.2883E+02
   3.640  0.3070E+01  0.2886E+02
   3.650  0.1976E+01  0.2889E+02
   3.660  0.1758E+01  0.2891E+02
   3.670  0.1755E+01  0.2892E+02
   3.680  0.1751E+01  0.2894E+02
   3.690  0.1749E+01  0.2896E+02
   3.700  0.1746E+01  0.2898E+02
   3.710  0.1731E+01  0.2899E+02
   3.720  0.1720E+01  0.2901E+02
   3.730  0.1719E+01  0.2903E+02
   3.740  0.1718E+01  0.2905E+02
   3.750  0.1720E+01  0.2906E+02
   3.760  0.1722E+01  0.2908E+02
   3.770  0.1733E+01  0.2910E+02
   3.780  0.1743E+01  0.2911E+02
   3.790  0.1753E+01  0.2913E+02
   3.800  0.1763E+01  0.2915E+02
   3.810  0.1771E+01  0.2917E+02
   3.820  0.1778E+01  0.2919E+02
   3.830  0.1787E+01  0.2920E+02
   3.840  0.1801E+01  0.2922E+02
   3.850  0.1814E+01  0.2924E+02
   3.860  0.1827E+01  0.2926E+02
   3.870  0.1844E+01  0.2928E+02
   3.880  0.1863E+01  0.2929E+02
   3.890  0.1880E+01  0.2931E+02
   3.900  0.1903E+01  0.2933E+02
   3.910  0.1931E+01  0.2935E+02
   3.920  0.1982E+01  0.2937E+02
   3.930  0.2030E+01  0.2939E+02
   3.940  0.2060E+01  0.2941E+02
   3.950  0.2064E+01  0.2943E+02
   3.960  0.2064E+01  0.2945E+02
   3.970  0.2063E+01  0.2947E+02
   3.980  0.2066E+01  0.2949E+02
   3.990  0.2071E+01  0.2951E+02
   4.000  0.2075E+01  0.2954E+02
   4.010  0.2081E+01  0.2956E+02
   4.020  0.2088E+01  0.2958E+02
   4.030  0.2113E+01  0.2960E+02
   4.040  0.2149E+01  0.2962E+02
   4.050  0.2178E+01  0.2964E+02
   4.060  0.2208E+01  0.2966E+02
   4.070  0.2245E+01  0.2968E+02
   4.080  0.2283E+01  0.2971E+02
   4.090  0.2321E+01  0.2973E+02
   4.100  0.2356E+01  0.2975E+02
   4.110  0.2654E+01  0.2978E+02
   4.120  0.2834E+01  0.2981E+02
   4.130  0.2780E+01  0.2983E+02
   4.140  0.2518E+01  0.2986E+02
   4.150  0.2349E+01  0.2988E+02
   4.160  0.2393E+01  0.2991E+02
   4.170  0.2211E+01  0.2993E+02
   4.180  0.2200E+01  0.2995E+02
   4.190  0.2337E+01  0.2998E+02
   4.200  0.2217E+01  0.3000E+02
   4.210  0.2232E+01  0.3002E+02
   4.220  0.2223E+01  0.3004E+02
   4.230  0.2428E+01  0.3007E+02
   4.240  0.2214E+01  0.3009E+02
   4.250  0.2195E+01  0.3011E+02
   4.260  0.2192E+01  0.3013E+02
   4.270  0.2204E+01  0.3015E+02
   4.280  0.2200E+01  0.3018E+02
   4.290  0.2211E+01  0.3020E+02
   4.300  0.2238E+01  0.3022E+02
   4.310  0.2333E+01  0.3024E+02
   4.320  0.2543E+01  0.3027E+02
   4.330  0.2327E+01  0.3029E+02
   4.340  0.1805E+01  0.3031E+02
   4.350  0.1826E+01  0.3033E+02
   4.360  0.1852E+01  0.3035E+02
   4.370  0.1875E+01  0.3037E+02
   4.380  0.1895E+01  0.3039E+02
   4.390  0.1915E+01  0.3041E+02
   4.400  0.1941E+01  0.3043E+02
   4.410  0.1964E+01  0.3045E+02
   4.420  0.1988E+01  0.3047E+02
   4.430  0.2108E+01  0.3049E+02
   4.440  0.2327E+01  0.3051E+02
   4.450  0.2487E+01  0.3053E+02
   4.460  0.2285E+01  0.3056E+02
   4.470  0.2037E+01  0.3058E+02
   4.480  0.1950E+01  0.3060E+02
   4.490  0.1907E+01  0.3062E+02
   4.500  0.1818E+01  0.3064E+02
   4.510  0.1795E+01  0.3065E+02
   4.520  0.1830E+01  0.3067E+02
   4.530  0.1731E+01  0.3069E+02
   4.540  0.1740E+01  0.3071E+02
   4.550  0.1774E+01  0.3073E+02
   4.560  0.1786E+01  0.3074E+02
   4.570  0.1821E+01  0.3076E+02
   4.580  0.1852E+01  0.3078E+02
   4.590  0.1888E+01  0.3080E+02
   4.600  0.1963E+01  0.3082E+02
   4.610  0.2024E+01  0.3084E+02
   4.620  0.2026E+01  0.3086E+02
   4.630  0.2033E+01  0.3088E+02
   4.640  0.2033E+01  0.3090E+02
   4.650  0.2029E+01  0.3092E+02
   4.660  0.2032E+01  0.3094E+02
   4.670  0.2029E+01  0.3096E+02
   4.680  0.2067E+01  0.3098E+02
   4.690  0.2051E+01  0.3100E+02
   4.700  0.2046E+01  0.3102E+02
   4.710  0.2046E+01  0.3104E+02
   4.720  0.2065E+01  0.3107E+02
   4.730  0.2094E+01  0.3109E+02
   4.740  0.2127E+01  0.3111E+02
   4.750  0.2130E+01  0.3113E+02
   4.760  0.2157E+01  0.3115E+02
   4.770  0.2613E+01  0.3117E+02
   4.780  0.3043E+01  0.3120E+02
   4.790  0.2809E+01  0.3123E+02
   4.800  0.2477E+01  0.3126E+02
   4.810  0.2350E+01  0.3128E+02
   4.820  0.2178E+01  0.3131E+02
   4.830  0.2011E+01  0.3133E+02
   4.840  0.1939E+01  0.3135E+02
   4.850  0.1996E+01  0.3137E+02
   4.860  0.1877E+01  0.3139E+02
   4.870  0.1804E+01  0.3140E+02
   4.880  0.1772E+01  0.3142E+02
   4.890  0.2355E+01  0.3144E+02
   4.900  0.2338E+01  0.3147E+02
   4.910  0.2195E+01  0.3149E+02
   4.920  0.2142E+01  0.3151E+02
   4.930  0.2272E+01  0.3153E+02
   4.940  0.2214E+01  0.3155E+02
   4.950  0.2172E+01  0.3158E+02
   4.960  0.1942E+01  0.3160E+02
   4.970  0.2093E+01  0.3162E+02
   4.980  0.2440E+01  0.3164E+02
   4.990  0.2852E+01  0.3167E+02
   5.000  0.3293E+01  0.3170E+02
   5.010  0.3510E+01  0.3173E+02
   5.020  0.3777E+01  0.3177E+02
   5.030  0.4184E+01  0.3181E+02
   5.040  0.5144E+01  0.3185E+02
   5.050  0.5810E+01  0.3191E+02
   5.060  0.5788E+01  0.3197E+02
   5.070  0.5860E+01  0.3202E+02
   5.080  0.6125E+01  0.3208E+02
   5.090  0.6572E+01  0.3215E+02
   5.100  0.6990E+01  0.3222E+02
   5.110  0.6539E+01  0.3228E+02
   5.120  0.6716E+01  0.3235E+02
   5.130  0.6898E+01  0.3242E+02
   5.140  0.7124E+01  0.3249E+02
   5.150  0.7252E+01  0.3256E+02
   5.160  0.6394E+01  0.3263E+02
   5.170  0.6062E+01  0.3269E+02
   5.180  0.5862E+01  0.3275E+02
   5.190  0.5707E+01  0.3281E+02
   5.200  0.5555E+01  0.3286E+02
   5.210  0.5474E+01  0.3292E+02
   5.220  0.5447E+01  0.3297E+02
   5.230  0.5406E+01  0.3303E+02
   5.240  0.5346E+01  0.3308E+02
   5.250  0.5407E+01  0.3314E+02
   5.260  0.5411E+01  0.3319E+02
   5.270  0.5510E+01  0.3324E+02
   5.280  0.5469E+01  0.3330E+02
   5.290  0.4926E+01  0.3335E+02
   5.300  0.4348E+01  0.3340E+02
   5.310  0.3625E+01  0.3344E+02
   5.320  0.3255E+01  0.3347E+02
   5.330  0.3672E+01  0.3351E+02
   5.340  0.4870E+01  0.3355E+02
   5.350  0.4871E+01  0.3360E+02
   5.360  0.4924E+01  0.3365E+02
   5.370  0.4840E+01  0.3370E+02
   5.380  0.4070E+01  0.3374E+02
   5.390  0.3808E+01  0.3378E+02
   5.400  0.3978E+01  0.3382E+02
   5.410  0.4184E+01  0.3386E+02
   5.420  0.4534E+01  0.3390E+02
   5.430  0.4704E+01  0.3395E+02
   5.440  0.3651E+01  0.3399E+02
   5.450  0.3755E+01  0.3403E+02
   5.460  0.3845E+01  0.3407E+02
   5.470  0.4088E+01  0.3411E+02
   5.480  0.4443E+01  0.3415E+02
   5.490  0.4787E+01  0.3420E+02
   5.500  0.5251E+01  0.3425E+02
   5.510  0.5799E+01  0.3430E+02
   5.520  0.6616E+01  0.3436E+02
   5.530  0.7888E+01  0.3443E+02
   5.540  0.1005E+02  0.3453E+02
   5.550  0.1021E+02  0.3463E+02
   5.560  0.1087E+02  0.3473E+02
   5.570  0.1167E+02  0.3485E+02
   5.580  0.1171E+02  0.3496E+02
   5.590  0.1084E+02  0.3508E+02
   5.600  0.9756E+01  0.3518E+02
   5.610  0.7827E+01  0.3527E+02
   5.620  0.6725E+01  0.3534E+02
   5.630  0.6021E+01  0.3540E+02
   5.640  0.5931E+01  0.3546E+02
   5.650  0.4485E+01  0.3551E+02
   5.660  0.4124E+01  0.3556E+02
   5.670  0.3832E+01  0.3560E+02
   5.680  0.3673E+01  0.3563E+02
   5.690  0.3478E+01  0.3567E+02
   5.700  0.3274E+01  0.3570E+02
   5.710  0.3124E+01  0.3574E+02
   5.720  0.2853E+01  0.3577E+02
   5.730  0.2640E+01  0.3579E+02
   5.740  0.2417E+01  0.3582E+02
   5.750  0.2108E+01  0.3584E+02
   5.760  0.1867E+01  0.3586E+02
   5.770  0.1738E+01  0.3588E+02
   5.780  0.1638E+01  0.3590E+02
   5.790  0.1474E+01  0.3591E+02
   5.800  0.1422E+01  0.3593E+02
   5.810  0.1364E+01  0.3594E+02
   5.820  0.1273E+01  0.3595E+02
   5.830  0.8937E+00  0.3596E+02
   5.840  0.4391E+00  0.3597E+02
   5.850  0.4310E+00  0.3597E+02
   5.860  0.4781E+00  0.3598E+02
   5.870  0.4317E+00  0.3598E+02
   5.880  0.4011E+00  0.3599E+02
   5.890  0.4192E+00  0.3599E+02
   5.900  0.3112E+00  0.3600E+02
   5.910  0.4620E-01  0.3600E+02
   5.920  0.0000E+00  0.3600E+02
   5.930  0.0000E+00  0.3600E+02
   5.940  0.0000E+00  0.3600E+02
   5.950  0.0000E+00  0.3600E+02
   5.960  0.0000E+00  0.3600E+02
   5.970  0.0000E+00  0.3600E+02
   5.980  0.0000E+00  0.3600E+02
   5.990  0.0000E+00  0.3600E+02
   6.000  0.0000E+00  0.3600E+02
   6.010  0.0000E+00  0.3600E+02
   6.020  0.0000E+00  0.3600E+02
   6.030  0.0000E+00  0.3600E+02
   6.040  0.0000E+00  0.3600E+02
   6.050  0.0000E+00  0.3600E+02
   6.060  0.0000E+00  0.3600E+02
   6.070  0.0000E+00  0.3600E+02
   6.080  0.0000E+00  0.3600E+02
   6.090  0.0000E+00  0.3600E+02
   6.100  0.0000E+00  0.3600E+02
   6.110  0.0000E+00  0.3600E+02
   6.120  0.0000E+00  0.3600E+02
   6.130  0.0000E+00  0.3600E+02
   6.140  0.0000E+00  0.3600E+02
   6.150  0.0000E+00  0.3600E+02
   6.160  0.0000E+00  0.3600E+02
   6.170  0.0000E+00  0.3600E+02
   6.180  0.0000E+00  0.3600E+02
   6.190  0.0000E+00  0.3600E+02
   6.200  0.0000E+00  0.3600E+02
   6.210  0.0000E+00  0.3600E+02
   6.220  0.0000E+00  0.3600E+02
   6.230  0.0000E+00  0.3600E+02
   6.240  0.0000E+00  0.3600E+02
   6.250  0.0000E+00  0.3600E+02
   6.260  0.0000E+00  0.3600E+02
   6.270  0.0000E+00  0.3600E+02
   6.280  0.0000E+00  0.3600E+02
   6.290  0.0000E+00  0.3600E+02
   6.300  0.0000E+00  0.3600E+02
   6.310  0.0000E+00  0.3600E+02
   6.320  0.0000E+00  0.3600E+02
   6.330  0.0000E+00  0.3600E+02
   6.340  0.0000E+00  0.3600E+02
   6.350  0.0000E+00  0.3600E+02
   6.360  0.0000E+00  0.3600E+02
   6.370  0.0000E+00  0.3600E+02
   6.380  0.0000E+00  0.3600E+02
   6.390  0.0000E+00  0.3600E+02
   6.400  0.0000E+00  0.3600E+02
   6.410  0.0000E+00  0.3600E+02
   6.420  0.0000E+00  0.3600E+02
   6.430  0.0000E+00  0.3600E+02
   6.440  0.0000E+00  0.3600E+02
   6.450  0.0000E+00  0.3600E+02
   6.460  0.0000E+00  0.3600E+02
   6.470  0.0000E+00  0.3600E+02
   6.480  0.0000E+00  0.3600E+02
   6.490  0.0000E+00  0.3600E+02
   6.500  0.0000E+00  0.3600E+02
   6.510  0.0000E+00  0.3600E+02
   6.520  0.0000E+00  0.3600E+02
   6.530  0.0000E+00  0.3600E+02
   6.540  0.0000E+00  0.3600E+02
   6.550  0.0000E+00  0.3600E+02
   6.560  0.0000E+00  0.3600E+02
   6.570  0.0000E+00  0.3600E+02
   6.580  0.0000E+00  0.3600E+02
   6.590  0.0000E+00  0.3600E+02
   6.600  0.0000E+00  0.3600E+02
   6.610  0.0000E+00  0.3600E+02
   6.620  0.0000E+00  0.3600E+02
   6.630  0.0000E+00  0.3600E+02
   6.640  0.0000E+00  0.3600E+02
   6.650  0.0000E+00  0.3600E+02
   6.660  0.0000E+00  0.3600E+02
   6.670  0.0000E+00  0.3600E+02
   6.680  0.0000E+00  0.3600E+02
   6.690  0.0000E+00  0.3600E+02
   6.700  0.0000E+00  0.3600E+02
   6.710  0.0000E+00  0.3600E+02
   6.720  0.0000E+00  0.3600E+02
   6.730  0.0000E+00  0.3600E+02
   6.740  0.0000E+00  0.3600E+02
   6.750  0.0000E+00  0.3600E+02
   6.760  0.0000E+00  0.3600E+02
   6.770  0.0000E+00  0.3600E+02
   6.780  0.0000E+00  0.3600E+02
   6.790  0.0000E+00  0.3600E+02
   6.800  0.0000E+00  0.3600E+02
   6.810  0.0000E+00  0.3600E+02
   6.820  0.0000E+00  0.3600E+02
   6.830  0.0000E+00  0.3600E+02
   6.840  0.0000E+00  0.3600E+02
   6.850  0.0000E+00  0.3600E+02
   6.860  0.0000E+00  0.3600E+02
   6.870  0.0000E+00  0.3600E+02
   6.880  0.0000E+00  0.3600E+02
   6.890  0.0000E+00  0.3600E+02
   6.900  0.0000E+00  0.3600E+02
   6.910  0.0000E+00  0.3600E+02
   6.920  0.0000E+00  0.3600E+02
   6.930  0.0000E+00  0.3600E+02
   6.940  0.0000E+00  0.3600E+02
   6.950  0.0000E+00  0.3600E+02
   6.960  0.0000E+00  0.3600E+02
   6.970  0.0000E+00  0.3600E+02
   6.980  0.0000E+00  0.3600E+02
   6.990  0.0000E+00  0.3600E+02
   7.000  0.0000E+00  0.3600E+02
   7.010  0.0000E+00  0.3600E+02
   7.020  0.0000E+00  0.3600E+02
   7.030  0.0000E+00  0.3600E+02
   7.040  0.0000E+00  0.3600E+02
   7.050  0.0000E+00  0.3600E+02
   7.060  0.0000E+00  0.3600E+02
   7.070  0.0000E+00  0.3600E+02
   7.080  0.0000E+00  0.3600E+02
   7.090  0.0000E+00  0.3600E+02
   7.100  0.0000E+00  0.3600E+02
   7.110  0.0000E+00  0.3600E+02
   7.120  0.0000E+00  0.3600E+02
   7.130  0.0000E+00  0.3600E+02
   7.140  0.0000E+00  0.3600E+02
   7.150  0.0000E+00  0.3600E+02
   7.160  0.0000E+00  0.3600E+02
   7.170  0.0000E+00  0.3600E+02
   7.180  0.5762E-03  0.3600E+02
   7.190  0.3343E-02  0.3600E+02
   7.200  0.5357E-02  0.3600E+02
   7.210  0.7651E-02  0.3600E+02
   7.220  0.1039E-01  0.3600E+02
   7.230  0.1308E-01  0.3600E+02
   7.240  0.1532E-01  0.3600E+02
   7.250  0.1771E-01  0.3600E+02
   7.260  0.2027E-01  0.3600E+02
   7.270  0.2300E-01  0.3600E+02
   7.280  0.2580E-01  0.3600E+02
   7.290  0.2846E-01  0.3600E+02
   7.300  0.3104E-01  0.3600E+02
   7.310  0.3357E-01  0.3600E+02
   7.320  0.3620E-01  0.3600E+02
   7.330  0.3895E-01  0.3600E+02
   7.340  0.4182E-01  0.3600E+02
   7.350  0.4480E-01  0.3600E+02
   7.360  0.4763E-01  0.3600E+02
   7.370  0.5042E-01  0.3600E+02
   7.380  0.5324E-01  0.3601E+02
   7.390  0.5607E-01  0.3601E+02
   7.400  0.9541E-01  0.3601E+02
   7.410  0.4472E+00  0.3601E+02
   7.420  0.8235E+00  0.3602E+02
   7.430  0.7462E+00  0.3602E+02
   7.440  0.8013E+00  0.3603E+02
   7.450  0.7969E+00  0.3604E+02
   7.460  0.7657E+00  0.3605E+02
   7.470  0.7913E+00  0.3605E+02
   7.480  0.8191E+00  0.3606E+02
   7.490  0.8076E+00  0.3607E+02
   7.500  0.8058E+00  0.3608E+02
   7.510  0.8064E+00  0.3609E+02
   7.520  0.8216E+00  0.3610E+02
   7.530  0.8442E+00  0.3610E+02
   7.540  0.8289E+00  0.3611E+02
   7.550  0.8401E+00  0.3612E+02
   7.560  0.8520E+00  0.3613E+02
   7.570  0.8579E+00  0.3614E+02
   7.580  0.8694E+00  0.3615E+02
   7.590  0.8750E+00  0.3615E+02
   7.600  0.8779E+00  0.3616E+02
   7.610  0.8822E+00  0.3617E+02
   7.620  0.8971E+00  0.3618E+02
   7.630  0.9170E+00  0.3619E+02
   7.640  0.9365E+00  0.3620E+02
   7.650  0.9346E+00  0.3621E+02
   7.660  0.9383E+00  0.3622E+02
   7.670  0.9763E+00  0.3623E+02
   7.680  0.1020E+01  0.3624E+02
   7.690  0.1044E+01  0.3625E+02
   7.700  0.1071E+01  0.3626E+02
   7.710  0.1075E+01  0.3627E+02
   7.720  0.1280E+01  0.3628E+02
   7.730  0.1595E+01  0.3630E+02
   7.740  0.1680E+01  0.3631E+02
   7.750  0.1722E+01  0.3633E+02
   7.760  0.1674E+01  0.3635E+02
   7.770  0.1761E+01  0.3636E+02
   7.780  0.1883E+01  0.3638E+02
   7.790  0.1913E+01  0.3640E+02
   7.800  0.1996E+01  0.3642E+02
   7.810  0.2134E+01  0.3644E+02
   7.820  0.2470E+01  0.3646E+02
   7.830  0.2650E+01  0.3649E+02
   7.840  0.2478E+01  0.3652E+02
   7.850  0.2098E+01  0.3654E+02
   7.860  0.1900E+01  0.3656E+02
   7.870  0.1803E+01  0.3658E+02
   7.880  0.1718E+01  0.3659E+02
   7.890  0.1637E+01  0.3661E+02
   7.900  0.1556E+01  0.3663E+02
   7.910  0.1510E+01  0.3664E+02
   7.920  0.1476E+01  0.3666E+02
   7.930  0.1798E+01  0.3667E+02
   7.940  0.1966E+01  0.3669E+02
   7.950  0.2079E+01  0.3671E+02
   7.960  0.2176E+01  0.3673E+02
   7.970  0.2131E+01  0.3676E+02
   7.980  0.2208E+01  0.3678E+02
   7.990  0.2188E+01  0.3680E+02
   8.000  0.2269E+01  0.3682E+02
   8.010  0.2330E+01  0.3684E+02
   8.020  0.2379E+01  0.3687E+02
   8.030  0.2412E+01  0.3689E+02
   8.040  0.2400E+01  0.3692E+02
   8.050  0.2449E+01  0.3694E+02
   8.060  0.2517E+01  0.3696E+02
   8.070  0.2549E+01  0.3699E+02
   8.080  0.2582E+01  0.3702E+02
   8.090  0.2628E+01  0.3704E+02
   8.100  0.2664E+01  0.3707E+02
   8.110  0.2752E+01  0.3710E+02
   8.120  0.2848E+01  0.3712E+02
   8.130  0.2979E+01  0.3715E+02
   8.140  0.3229E+01  0.3718E+02
   8.150  0.3715E+01  0.3722E+02
   8.160  0.3788E+01  0.3726E+02
   8.170  0.3323E+01  0.3729E+02
   8.180  0.2944E+01  0.3732E+02
   8.190  0.2762E+01  0.3735E+02
   8.200  0.2648E+01  0.3738E+02
   8.210  0.2563E+01  0.3740E+02
   8.220  0.2476E+01  0.3743E+02
   8.230  0.2398E+01  0.3745E+02
   8.240  0.2337E+01  0.3748E+02
   8.250  0.2284E+01  0.3750E+02
   8.260  0.2227E+01  0.3752E+02
   8.270  0.2189E+01  0.3755E+02
   8.280  0.2154E+01  0.3757E+02
   8.290  0.2114E+01  0.3759E+02
   8.300  0.2073E+01  0.3761E+02
   8.310  0.2029E+01  0.3763E+02
   8.320  0.1998E+01  0.3765E+02
   8.330  0.1973E+01  0.3767E+02
   8.340  0.1950E+01  0.3769E+02
   8.350  0.1926E+01  0.3771E+02
   8.360  0.1896E+01  0.3773E+02
   8.370  0.1874E+01  0.3775E+02
   8.380  0.1859E+01  0.3777E+02
   8.390  0.1842E+01  0.3778E+02
   8.400  0.1818E+01  0.3780E+02
   8.410  0.1799E+01  0.3782E+02
   8.420  0.1779E+01  0.3784E+02
   8.430  0.1762E+01  0.3786E+02
   8.440  0.1748E+01  0.3787E+02
   8.450  0.1735E+01  0.3789E+02
   8.460  0.1721E+01  0.3791E+02
   8.470  0.1706E+01  0.3793E+02
   8.480  0.1690E+01  0.3794E+02
   8.490  0.1670E+01  0.3796E+02
   8.500  0.1655E+01  0.3798E+02
   8.510  0.1647E+01  0.3799E+02
   8.520  0.1640E+01  0.3801E+02
   8.530  0.1634E+01  0.3802E+02
   8.540  0.1669E+01  0.3804E+02
   8.550  0.1696E+01  0.3806E+02
   8.560  0.1709E+01  0.3808E+02
   8.570  0.1708E+01  0.3809E+02
   8.580  0.1683E+01  0.3811E+02
   8.590  0.1684E+01  0.3813E+02
   8.600  0.1686E+01  0.3814E+02
   8.610  0.1678E+01  0.3816E+02
   8.620  0.1671E+01  0.3818E+02
   8.630  0.1670E+01  0.3819E+02
   8.640  0.1672E+01  0.3821E+02
   8.650  0.1673E+01  0.3823E+02
   8.660  0.1667E+01  0.3824E+02
   8.670  0.1668E+01  0.3826E+02
   8.680  0.1667E+01  0.3828E+02
   8.690  0.1663E+01  0.3829E+02
   8.700  0.1673E+01  0.3831E+02
   8.710  0.1683E+01  0.3833E+02
   8.720  0.1682E+01  0.3834E+02
   8.730  0.1678E+01  0.3836E+02
   8.740  0.1676E+01  0.3838E+02
   8.750  0.1679E+01  0.3839E+02
   8.760  0.1682E+01  0.3841E+02
   8.770  0.1686E+01  0.3843E+02
   8.780  0.1692E+01  0.3844E+02
   8.790  0.1697E+01  0.3846E+02
   8.800  0.1695E+01  0.3848E+02
   8.810  0.1696E+01  0.3850E+02
   8.820  0.1698E+01  0.3851E+02
   8.830  0.1703E+01  0.3853E+02
   8.840  0.1720E+01  0.3855E+02
   8.850  0.1735E+01  0.3856E+02
   8.860  0.1751E+01  0.3858E+02
   8.870  0.1769E+01  0.3860E+02
   8.880  0.1780E+01  0.3862E+02
   8.890  0.1790E+01  0.3863E+02
   8.900  0.1798E+01  0.3865E+02
   8.910  0.1812E+01  0.3867E+02
   8.920  0.1831E+01  0.3869E+02
   8.930  0.1866E+01  0.3871E+02
   8.940  0.1906E+01  0.3873E+02
   8.950  0.1951E+01  0.3875E+02
   8.960  0.2023E+01  0.3877E+02
   8.970  0.2073E+01  0.3879E+02
   8.980  0.2115E+01  0.3881E+02
   8.990  0.2129E+01  0.3883E+02
   9.000  0.2059E+01  0.3885E+02
   9.010  0.2002E+01  0.3887E+02
   9.020  0.1949E+01  0.3889E+02
   9.030  0.1891E+01  0.3891E+02
   9.040  0.1837E+01  0.3893E+02
   9.050  0.1798E+01  0.3895E+02
   9.060  0.1771E+01  0.3896E+02
   9.070  0.1778E+01  0.3898E+02
   9.080  0.1709E+01  0.3900E+02
   9.090  0.1668E+01  0.3901E+02
   9.100  0.1634E+01  0.3903E+02
   9.110  0.1606E+01  0.3905E+02
   9.120  0.1584E+01  0.3906E+02
   9.130  0.1569E+01  0.3908E+02
   9.140  0.1558E+01  0.3910E+02
   9.150  0.1551E+01  0.3911E+02
   9.160  0.1537E+01  0.3913E+02
   9.170  0.1525E+01  0.3914E+02
   9.180  0.1517E+01  0.3916E+02
   9.190  0.1517E+01  0.3917E+02
   9.200  0.1515E+01  0.3919E+02
   9.210  0.1523E+01  0.3920E+02
   9.220  0.1530E+01  0.3922E+02
   9.230  0.1518E+01  0.3923E+02
   9.240  0.1514E+01  0.3925E+02
   9.250  0.1502E+01  0.3926E+02
   9.260  0.1501E+01  0.3928E+02
   9.270  0.1502E+01  0.3929E+02
   9.280  0.1528E+01  0.3931E+02
   9.290  0.1524E+01  0.3932E+02
   9.300  0.1532E+01  0.3934E+02
   9.310  0.1536E+01  0.3935E+02
   9.320  0.1539E+01  0.3937E+02
   9.330  0.1539E+01  0.3938E+02
   9.340  0.1544E+01  0.3940E+02
   9.350  0.1541E+01  0.3942E+02
   9.360  0.1564E+01  0.3943E+02
   9.370  0.1595E+01  0.3945E+02
   9.380  0.1626E+01  0.3946E+02
   9.390  0.1664E+01  0.3948E+02
   9.400  0.1731E+01  0.3950E+02
   9.410  0.1802E+01  0.3951E+02
   9.420  0.1771E+01  0.3953E+02
   9.430  0.1722E+01  0.3955E+02
   9.440  0.1698E+01  0.3957E+02
   9.450  0.1680E+01  0.3958E+02
   9.460  0.1639E+01  0.3960E+02
   9.470  0.1608E+01  0.3962E+02
   9.480  0.1599E+01  0.3963E+02
   9.490  0.1571E+01  0.3965E+02
   9.500  0.1562E+01  0.3966E+02
   9.510  0.1579E+01  0.3968E+02
   9.520  0.1578E+01  0.3970E+02
   9.530  0.1600E+01  0.3971E+02
   9.540  0.1630E+01  0.3973E+02
   9.550  0.1662E+01  0.3974E+02
   9.560  0.1665E+01  0.3976E+02
   9.570  0.1617E+01  0.3978E+02
   9.580  0.1757E+01  0.3979E+02
   9.590  0.1744E+01  0.3981E+02
   9.600  0.1755E+01  0.3983E+02
   9.610  0.1750E+01  0.3985E+02
   9.620  0.1768E+01  0.3986E+02
   9.630  0.1772E+01  0.3988E+02
   9.640  0.1741E+01  0.3990E+02
   9.650  0.1718E+01  0.3992E+02
   9.660  0.1720E+01  0.3993E+02
   9.670  0.1735E+01  0.3995E+02
   9.680  0.1762E+01  0.3997E+02
   9.690  0.1756E+01  0.3999E+02
   9.700  0.1779E+01  0.4000E+02
   9.710  0.1849E+01  0.4002E+02
   9.720  0.1913E+01  0.4004E+02
   9.730  0.1904E+01  0.4006E+02
   9.740  0.1940E+01  0.4008E+02
   9.750  0.2040E+01  0.4010E+02
   9.760  0.2159E+01  0.4012E+02
   9.770  0.2226E+01  0.4014E+02
   9.780  0.2215E+01  0.4016E+02
   9.790  0.2218E+01  0.4019E+02
   9.800  0.2218E+01  0.4021E+02
   9.810  0.2237E+01  0.4023E+02
   9.820  0.2272E+01  0.4025E+02
   9.830  0.2320E+01  0.4028E+02
   9.840  0.2366E+01  0.4030E+02
   9.850  0.2410E+01  0.4032E+02
   9.860  0.2533E+01  0.4035E+02
   9.870  0.2795E+01  0.4038E+02
   9.880  0.3214E+01  0.4040E+02
   9.890  0.3400E+01  0.4044E+02
   9.900  0.3454E+01  0.4047E+02
   9.910  0.3494E+01  0.4051E+02
   9.920  0.3508E+01  0.4054E+02
   9.930  0.3548E+01  0.4058E+02
   9.940  0.3663E+01  0.4061E+02
   9.950  0.3806E+01  0.4065E+02
   9.960  0.4174E+01  0.4069E+02
   9.970  0.5336E+01  0.4074E+02
   9.980  0.4532E+01  0.4079E+02
   9.990  0.4071E+01  0.4083E+02
  10.000  0.3928E+01  0.4087E+02
  10.010  0.3855E+01  0.4091E+02
  10.020  0.3813E+01  0.4095E+02
  10.030  0.3804E+01  0.4099E+02
  10.040  0.3865E+01  0.4103E+02
  10.050  0.3994E+01  0.4107E+02
  10.060  0.4269E+01  0.4111E+02
  10.070  0.4627E+01  0.4115E+02
  10.080  0.4946E+01  0.4120E+02
  10.090  0.4973E+01  0.4125E+02
  10.100  0.4808E+01  0.4130E+02
  10.110  0.4468E+01  0.4135E+02
  10.120  0.3991E+01  0.4139E+02
  10.130  0.3673E+01  0.4143E+02
  10.140  0.3427E+01  0.4146E+02
  10.150  0.3240E+01  0.4150E+02
  10.160  0.3009E+01  0.4153E+02
  10.170  0.2819E+01  0.4156E+02
  10.180  0.2664E+01  0.4158E+02
  10.190  0.2440E+01  0.4161E+02
  10.200  0.2252E+01  0.4163E+02
  10.210  0.2109E+01  0.4165E+02
  10.220  0.2057E+01  0.4167E+02
  10.230  0.2132E+01  0.4170E+02
  10.240  0.2169E+01  0.4172E+02
  10.250  0.2260E+01  0.4174E+02
  10.260  0.2371E+01  0.4176E+02
  10.270  0.2462E+01  0.4179E+02
  10.280  0.2596E+01  0.4181E+02
  10.290  0.2703E+01  0.4184E+02
  10.300  0.2914E+01  0.4187E+02
  10.310  0.3213E+01  0.4190E+02
  10.320  0.3519E+01  0.4193E+02
  10.330  0.3559E+01  0.4197E+02
  10.340  0.3623E+01  0.4200E+02
  10.350  0.3640E+01  0.4204E+02
  10.360  0.3724E+01  0.4208E+02
  10.370  0.3861E+01  0.4211E+02
  10.380  0.4013E+01  0.4215E+02
  10.390  0.4169E+01  0.4219E+02
  10.400  0.4378E+01  0.4224E+02
  10.410  0.4623E+01  0.4228E+02
  10.420  0.4957E+01  0.4233E+02
  10.430  0.5432E+01  0.4238E+02
  10.440  0.5824E+01  0.4244E+02
  10.450  0.6353E+01  0.4250E+02
  10.460  0.6718E+01  0.4256E+02
  10.470  0.7570E+01  0.4263E+02
  10.480  0.7876E+01  0.4271E+02
  10.490  0.6482E+01  0.4278E+02
  10.500  0.5703E+01  0.4284E+02
  10.510  0.4958E+01  0.4290E+02
  10.520  0.4389E+01  0.4294E+02
  10.530  0.4023E+01  0.4298E+02
  10.540  0.3721E+01  0.4302E+02
  10.550  0.3420E+01  0.4306E+02
  10.560  0.3130E+01  0.4309E+02
  10.570  0.2848E+01  0.4312E+02
  10.580  0.2593E+01  0.4315E+02
  10.590  0.2368E+01  0.4317E+02
  10.600  0.2151E+01  0.4320E+02
  10.610  0.1982E+01  0.4322E+02
  10.620  0.1846E+01  0.4324E+02
  10.630  0.1714E+01  0.4325E+02
  10.640  0.1619E+01  0.4327E+02
  10.650  0.1518E+01  0.4329E+02
  10.660  0.1357E+01  0.4330E+02
  10.670  0.1309E+01  0.4331E+02
  10.680  0.1289E+01  0.4333E+02
  10.690  0.1280E+01  0.4334E+02
  10.700  0.1280E+01  0.4335E+02
  10.710  0.1322E+01  0.4337E+02
  10.720  0.1397E+01  0.4338E+02
  10.730  0.1473E+01  0.4339E+02
  10.740  0.1565E+01  0.4341E+02
  10.750  0.1756E+01  0.4343E+02
  10.760  0.2018E+01  0.4344E+02
  10.770  0.2621E+01  0.4347E+02
  10.780  0.3045E+01  0.4349E+02
  10.790  0.3764E+01  0.4353E+02
  10.800  0.4326E+01  0.4357E+02
  10.810  0.4941E+01  0.4362E+02
  10.820  0.5757E+01  0.4367E+02
  10.830  0.6487E+01  0.4373E+02
  10.840  0.7026E+01  0.4380E+02
  10.850  0.7466E+01  0.4387E+02
  10.860  0.7724E+01  0.4395E+02
  10.870  0.7299E+01  0.4402E+02
  10.880  0.6738E+01  0.4409E+02
  10.890  0.6556E+01  0.4416E+02
  10.900  0.6411E+01  0.4422E+02
  10.910  0.6123E+01  0.4429E+02
  10.920  0.5844E+01  0.4435E+02
  10.930  0.5678E+01  0.4440E+02
  10.940  0.5471E+01  0.4446E+02
  10.950  0.5177E+01  0.4451E+02
  10.960  0.4820E+01  0.4456E+02
  10.970  0.4585E+01  0.4461E+02
  10.980  0.4521E+01  0.4466E+02
  10.990  0.4864E+01  0.4470E+02
  11.000  0.4204E+01  0.4475E+02
  11.010  0.3692E+01  0.4479E+02
  11.020  0.3700E+01  0.4483E+02
  11.030  0.3847E+01  0.4486E+02
  11.040  0.3912E+01  0.4490E+02
  11.050  0.4029E+01  0.4494E+02
  11.060  0.4293E+01  0.4498E+02
  11.070  0.4158E+01  0.4503E+02
  11.080  0.3953E+01  0.4507E+02
  11.090  0.3806E+01  0.4511E+02
  11.100  0.3717E+01  0.4514E+02
  11.110  0.4401E+01  0.4518E+02
  11.120  0.4639E+01  0.4523E+02
  11.130  0.4462E+01  0.4527E+02
  11.140  0.4450E+01  0.4532E+02
  11.150  0.4559E+01  0.4536E+02
  11.160  0.4625E+01  0.4541E+02
  11.170  0.4565E+01  0.4546E+02
  11.180  0.4580E+01  0.4550E+02
  11.190  0.4543E+01  0.4555E+02
  11.200  0.4455E+01  0.4559E+02
  11.210  0.4417E+01  0.4564E+02
  11.220  0.4302E+01  0.4568E+02
  11.230  0.4101E+01  0.4572E+02
  11.240  0.4038E+01  0.4576E+02
  11.250  0.4003E+01  0.4580E+02
  11.260  0.4021E+01  0.4584E+02
  11.270  0.4578E+01  0.4589E+02
  11.280  0.5060E+01  0.4593E+02
  11.290  0.5071E+01  0.4598E+02
  11.300  0.5099E+01  0.4604E+02
  11.310  0.5144E+01  0.4609E+02
  11.320  0.5049E+01  0.4614E+02
  11.330  0.4933E+01  0.4619E+02
  11.340  0.4833E+01  0.4624E+02
  11.350  0.4779E+01  0.4628E+02
  11.360  0.4764E+01  0.4633E+02
  11.370  0.4669E+01  0.4638E+02
  11.380  0.4564E+01  0.4643E+02
  11.390  0.4425E+01  0.4647E+02
  11.400  0.4258E+01  0.4651E+02
  11.410  0.4012E+01  0.4656E+02
  11.420  0.3535E+01  0.4659E+02
  11.430  0.3178E+01  0.4663E+02
  11.440  0.2948E+01  0.4666E+02
  11.450  0.2775E+01  0.4669E+02
  11.460  0.2685E+01  0.4671E+02
  11.470  0.2653E+01  0.4674E+02
  11.480  0.2653E+01  0.4677E+02
  11.490  0.2717E+01  0.4679E+02
  11.500  0.2751E+01  0.4682E+02
  11.510  0.2819E+01  0.4685E+02
  11.520  0.2955E+01  0.4688E+02
  11.530  0.3152E+01  0.4691E+02
  11.540  0.3473E+01  0.4694E+02
  11.550  0.3832E+01  0.4698E+02
  11.560  0.4333E+01  0.4702E+02
  11.570  0.4973E+01  0.4706E+02
  11.580  0.5476E+01  0.4712E+02
  11.590  0.5418E+01  0.4717E+02
  11.600  0.5341E+01  0.4723E+02
  11.610  0.5149E+01  0.4728E+02
  11.620  0.4972E+01  0.4733E+02
  11.630  0.4821E+01  0.4738E+02
  11.640  0.4799E+01  0.4743E+02
  11.650  0.4940E+01  0.4747E+02
  11.660  0.5433E+01  0.4753E+02
  11.670  0.5123E+01  0.4758E+02
  11.680  0.4948E+01  0.4763E+02
  11.690  0.4071E+01  0.4767E+02
  11.700  0.3820E+01  0.4771E+02
  11.710  0.3670E+01  0.4775E+02
  11.720  0.3561E+01  0.4779E+02
  11.730  0.3415E+01  0.4782E+02
  11.740  0.3325E+01  0.4785E+02
  11.750  0.3241E+01  0.4789E+02
  11.760  0.3166E+01  0.4792E+02
  11.770  0.3026E+01  0.4795E+02
  11.780  0.2816E+01  0.4798E+02
  11.790  0.2594E+01  0.4801E+02
  11.800  0.2361E+01  0.4803E+02
  11.810  0.2256E+01  0.4805E+02
  11.820  0.2244E+01  0.4808E+02
  11.830  0.2241E+01  0.4810E+02
  11.840  0.2232E+01  0.4812E+02
  11.850  0.2202E+01  0.4814E+02
  11.860  0.2185E+01  0.4817E+02
  11.870  0.2171E+01  0.4819E+02
  11.880  0.2152E+01  0.4821E+02
  11.890  0.2145E+01  0.4823E+02
  11.900  0.2117E+01  0.4825E+02
  11.910  0.2102E+01  0.4827E+02
  11.920  0.2104E+01  0.4829E+02
  11.930  0.2099E+01  0.4832E+02
  11.940  0.2083E+01  0.4834E+02
  11.950  0.2088E+01  0.4836E+02
  11.960  0.2120E+01  0.4838E+02
  11.970  0.2125E+01  0.4840E+02
  11.980  0.2154E+01  0.4842E+02
  11.990  0.2081E+01  0.4844E+02
  12.000  0.1967E+01  0.4846E+02
  12.010  0.1792E+01  0.4848E+02
  12.020  0.1761E+01  0.4850E+02
  12.030  0.1761E+01  0.4852E+02
  12.040  0.1760E+01  0.4853E+02
  12.050  0.1761E+01  0.4855E+02
  12.060  0.1763E+01  0.4857E+02
  12.070  0.1764E+01  0.4859E+02
  12.080  0.1780E+01  0.4860E+02
  12.090  0.1819E+01  0.4862E+02
  12.100  0.1826E+01  0.4864E+02
  12.110  0.1835E+01  0.4866E+02
  12.120  0.1842E+01  0.4868E+02
  12.130  0.1815E+01  0.4870E+02
  12.140  0.1819E+01  0.4871E+02
  12.150  0.1824E+01  0.4873E+02
  12.160  0.1828E+01  0.4875E+02
  12.170  0.1838E+01  0.4877E+02
  12.180  0.1854E+01  0.4879E+02
  12.190  0.1882E+01  0.4881E+02
  12.200  0.1932E+01  0.4882E+02
  12.210  0.1919E+01  0.4884E+02
  12.220  0.1926E+01  0.4886E+02
  12.230  0.1924E+01  0.4888E+02
  12.240  0.1884E+01  0.4890E+02
  12.250  0.1848E+01  0.4892E+02
  12.260  0.1802E+01  0.4894E+02
  12.270  0.1757E+01  0.4896E+02
  12.280  0.1713E+01  0.4897E+02
  12.290  0.1685E+01  0.4899E+02
  12.300  0.1633E+01  0.4901E+02
  12.310  0.1612E+01  0.4902E+02
  12.320  0.1591E+01  0.4904E+02
  12.330  0.1520E+01  0.4905E+02
  12.340  0.1479E+01  0.4907E+02
  12.350  0.1447E+01  0.4908E+02
  12.360  0.1400E+01  0.4910E+02
  12.370  0.1380E+01  0.4911E+02
  12.380  0.1394E+01  0.4913E+02
  12.390  0.1420E+01  0.4914E+02
  12.400  0.1413E+01  0.4916E+02
  12.410  0.1404E+01  0.4917E+02
  12.420  0.1396E+01  0.4918E+02
  12.430  0.1371E+01  0.4920E+02
  12.440  0.1371E+01  0.4921E+02
  12.450  0.1379E+01  0.4922E+02
  12.460  0.1387E+01  0.4924E+02
  12.470  0.1400E+01  0.4925E+02
  12.480  0.1423E+01  0.4927E+02
  12.490  0.1465E+01  0.4928E+02
  12.500  0.1466E+01  0.4930E+02
  12.510  0.1542E+01  0.4931E+02
  12.520  0.1659E+01  0.4933E+02
  12.530  0.1790E+01  0.4934E+02
  12.540  0.1919E+01  0.4936E+02
  12.550  0.1999E+01  0.4938E+02
  12.560  0.1840E+01  0.4940E+02
  12.570  0.1633E+01  0.4942E+02
  12.580  0.1349E+01  0.4943E+02
  12.590  0.1054E+01  0.4945E+02
  12.600  0.7930E+00  0.4946E+02
  12.610  0.7698E+00  0.4946E+02
  12.620  0.7625E+00  0.4947E+02
  12.630  0.7598E+00  0.4948E+02
  12.640  0.8080E+00  0.4949E+02
  12.650  0.9425E+00  0.4949E+02
  12.660  0.1042E+01  0.4950E+02
  12.670  0.1130E+01  0.4952E+02
  12.680  0.1236E+01  0.4953E+02
  12.690  0.1396E+01  0.4954E+02
  12.700  0.1565E+01  0.4956E+02
  12.710  0.1810E+01  0.4957E+02
  12.720  0.1972E+01  0.4959E+02
  12.730  0.2265E+01  0.4961E+02
  12.740  0.2153E+01  0.4963E+02
  12.750  0.1860E+01  0.4965E+02
  12.760  0.1606E+01  0.4967E+02
  12.770  0.1282E+01  0.4969E+02
  12.780  0.9903E+00  0.4970E+02
  12.790  0.7365E+00  0.4971E+02
  12.800  0.5855E+00  0.4971E+02
  12.810  0.5441E+00  0.4972E+02
  12.820  0.5287E+00  0.4972E+02
  12.830  0.5261E+00  0.4973E+02
  12.840  0.5248E+00  0.4973E+02
  12.850  0.5249E+00  0.4974E+02
  12.860  0.5268E+00  0.4974E+02
  12.870  0.5320E+00  0.4975E+02
  12.880  0.5420E+00  0.4975E+02
  12.890  0.5580E+00  0.4976E+02
  12.900  0.6704E+00  0.4977E+02
  12.910  0.8306E+00  0.4977E+02
  12.920  0.9330E+00  0.4978E+02
  12.930  0.9819E+00  0.4979E+02
  12.940  0.1047E+01  0.4980E+02
  12.950  0.1120E+01  0.4981E+02
  12.960  0.1219E+01  0.4983E+02
  12.970  0.1372E+01  0.4984E+02
  12.980  0.1499E+01  0.4985E+02
  12.990  0.1601E+01  0.4987E+02
  13.000  0.1494E+01  0.4988E+02
  13.010  0.1306E+01  0.4990E+02
  13.020  0.1116E+01  0.4991E+02
  13.030  0.9438E+00  0.4992E+02
  13.040  0.8134E+00  0.4993E+02
  13.050  0.7612E+00  0.4994E+02
  13.060  0.7128E+00  0.4994E+02
  13.070  0.6538E+00  0.4995E+02
  13.080  0.6203E+00  0.4996E+02
  13.090  0.5039E+00  0.4996E+02
  13.100  0.3982E+00  0.4997E+02
  13.110  0.2846E+00  0.4997E+02
  13.120  0.2197E+00  0.4997E+02
  13.130  0.2029E+00  0.4998E+02
  13.140  0.6154E+00  0.4998E+02
  13.150  0.5313E+00  0.4999E+02
  13.160  0.5067E+00  0.4999E+02
  13.170  0.3623E+00  0.5000E+02
  13.180  0.1633E+00  0.5000E+02
  13.190  0.9412E-01  0.5000E+02
  13.200  0.3366E-01  0.5000E+02
  13.210  0.1103E-01  0.5000E+02
  13.220  0.1142E-02  0.5000E+02
  13.230  0.0000E+00  0.5000E+02
  13.240  0.0000E+00  0.5000E+02
  13.250  0.0000E+00  0.5000E+02
  13.260  0.0000E+00  0.5000E+02
  13.270  0.0000E+00  0.5000E+02
  13.280  0.0000E+00  0.5000E+02
  13.290  0.0000E+00  0.5000E+02
  13.300  0.0000E+00  0.5000E+02
  13.310  0.0000E+00  0.5000E+02
  13.320  0.0000E+00  0.5000E+02
  13.330  0.0000E+00  0.5000E+02
  13.340  0.0000E+00  0.5000E+02
  13.350  0.0000E+00  0.5000E+02
  13.360  0.0000E+00  0.5000E+02
  13.370  0.0000E+00  0.5000E+02
  13.380  0.0000E+00  0.5000E+02
  13.390  0.0000E+00  0.5000E+02
  13.400  0.0000E+00  0.5000E+02
  13.410  0.0000E+00  0.5000E+02
  13.420  0.0000E+00  0.5000E+02
  13.430  0.0000E+00  0.5000E+02
  13.440  0.0000E+00  0.5000E+02
  13.450  0.0000E+00  0.5000E+02
  13.460  0.0000E+00  0.5000E+02
  13.470  0.0000E+00  0.5000E+02
  13.480  0.0000E+00  0.5000E+02
  13.490  0.0000E+00  0.5000E+02
  13.500  0.0000E+00  0.5000E+02
  13.510  0.0000E+00  0.5000E+02
  13.520  0.0000E+00  0.5000E+02
  13.530  0.0000E+00  0.5000E+02
  13.540  0.0000E+00  0.5000E+02
  13.550  0.0000E+00  0.5000E+02
  13.560  0.0000E+00  0.5000E+02
  13.570  0.0000E+00  0.5000E+02
  13.580  0.0000E+00  0.5000E+02
  13.590  0.0000E+00  0.5000E+02
  13.600  0.0000E+00  0.5000E+02
  13.610  0.0000E+00  0.5000E+02
  13.620  0.0000E+00  0.5000E+02
  13.630  0.0000E+00  0.5000E+02
  13.640  0.0000E+00  0.5000E+02
  13.650  0.0000E+00  0.5000E+02
  13.660  0.0000E+00  0.5000E+02
  13.670  0.0000E+00  0.5000E+02
  13.680  0.0000E+00  0.5000E+02
  13.690  0.0000E+00  0.5000E+02
  13.700  0.0000E+00  0.5000E+02
  13.710  0.0000E+00  0.5000E+02
  13.720  0.0000E+00  0.5000E+02
  13.730  0.0000E+00  0.5000E+02
  13.740  0.0000E+00  0.5000E+02
  13.750  0.0000E+00  0.5000E+02
  13.760  0.0000E+00  0.5000E+02
  13.770  0.0000E+00  0.5000E+02
  13.780  0.0000E+00  0.5000E+02
  13.790  0.0000E+00  0.5000E+02
  13.800  0.0000E+00  0.5000E+02
  13.810  0.0000E+00  0.5000E+02
  13.820  0.0000E+00  0.5000E+02
  13.830  0.0000E+00  0.5000E+02
  13.840  0.0000E+00  0.5000E+02
  13.850  0.0000E+00  0.5000E+02
  13.860  0.0000E+00  0.5000E+02
  13.870  0.0000E+00  0.5000E+02
  13.880  0.0000E+00  0.5000E+02
  13.890  0.0000E+00  0.5000E+02
  13.900  0.0000E+00  0.5000E+02
  13.910  0.0000E+00  0.5000E+02
  13.920  0.0000E+00  0.5000E+02
  13.930  0.0000E+00  0.5000E+02
  13.940  0.0000E+00  0.5000E+02
  13.950  0.0000E+00  0.5000E+02
  13.960  0.0000E+00  0.5000E+02
  13.970  0.0000E+00  0.5000E+02
  13.980  0.0000E+00  0.5000E+02
  13.990  0.0000E+00  0.5000E+02
  14.000  0.0000E+00  0.5000E+02
  14.010  0.0000E+00  0.5000E+02
  14.020  0.0000E+00  0.5000E+02
  14.030  0.0000E+00  0.5000E+02
  14.040  0.0000E+00  0.5000E+02
  14.050  0.0000E+00  0.5000E+02
  14.060  0.0000E+00  0.5000E+02
  14.070  0.0000E+00  0.5000E+02
  14.080  0.0000E+00  0.5000E+02
  14.090  0.0000E+00  0.5000E+02
  14.100  0.0000E+00  0.5000E+02
  14.110  0.0000E+00  0.5000E+02
  14.120  0.0000E+00  0.5000E+02
  14.130  0.0000E+00  0.5000E+02
  14.140  0.0000E+00  0.5000E+02
  14.150  0.0000E+00  0.5000E+02
  14.160  0.0000E+00  0.5000E+02
  14.170  0.0000E+00  0.5000E+02
  14.180  0.0000E+00  0.5000E+02
  14.190  0.0000E+00  0.5000E+02
  14.200  0.0000E+00  0.5000E+02
  14.210  0.0000E+00  0.5000E+02
  14.220  0.0000E+00  0.5000E+02
  14.230  0.0000E+00  0.5000E+02
  14.240  0.0000E+00  0.5000E+02
  14.250  0.0000E+00  0.5000E+02
  14.260  0.0000E+00  0.5000E+02
  14.270  0.0000E+00  0.5000E+02
  14.280  0.0000E+00  0.5000E+02
  14.290  0.0000E+00  0.5000E+02
  14.300  0.0000E+00  0.5000E+02
  14.310  0.0000E+00  0.5000E+02
  14.320  0.0000E+00  0.5000E+02
  14.330  0.0000E+00  0.5000E+02
  14.340  0.0000E+00  0.5000E+02
  14.350  0.0000E+00  0.5000E+02
  14.360  0.0000E+00  0.5000E+02
  14.370  0.0000E+00  0.5000E+02
  14.380  0.0000E+00  0.5000E+02
  14.390  0.0000E+00  0.5000E+02
  14.400  0.0000E+00  0.5000E+02
  14.410  0.0000E+00  0.5000E+02
  14.420  0.0000E+00  0.5000E+02
  14.430  0.0000E+00  0.5000E+02
  14.440  0.0000E+00  0.5000E+02
  14.450  0.0000E+00  0.5000E+02
  14.460  0.0000E+00  0.5000E+02
  14.470  0.0000E+00  0.5000E+02
  14.480  0.0000E+00  0.5000E+02
  14.490  0.0000E+00  0.5000E+02
  14.500  0.0000E+00  0.5000E+02
  14.510  0.0000E+00  0.5000E+02
  14.520  0.0000E+00  0.5000E+02
  14.530  0.0000E+00  0.5000E+02
  14.540  0.0000E+00  0.5000E+02
  14.550  0.0000E+00  0.5000E+02
  14.560  0.0000E+00  0.5000E+02
  14.570  0.0000E+00  0.5000E+02
  14.580  0.0000E+00  0.5000E+02
  14.590  0.0000E+00  0.5000E+02
  14.600  0.0000E+00  0.5000E+02
  14.610  0.0000E+00  0.5000E+02
  14.620  0.0000E+00  0.5000E+02
  14.630  0.0000E+00  0.5000E+02
  14.640  0.0000E+00  0.5000E+02
  14.650  0.0000E+00  0.5000E+02
  14.660  0.0000E+00  0.5000E+02
  14.670  0.0000E+00  0.5000E+02
  14.680  0.0000E+00  0.5000E+02
  14.690  0.0000E+00  0.5000E+02
  14.700  0.0000E+00  0.5000E+02
  14.710  0.0000E+00  0.5000E+02
  14.720  0.0000E+00  0.5000E+02
  14.730  0.0000E+00  0.5000E+02
  14.740  0.0000E+00  0.5000E+02
  14.750  0.0000E+00  0.5000E+02
  14.760  0.0000E+00  0.5000E+02
  14.770  0.0000E+00  0.5000E+02
  14.780  0.0000E+00  0.5000E+02
  14.790  0.0000E+00  0.5000E+02
  14.800  0.0000E+00  0.5000E+02
  14.810  0.0000E+00  0.5000E+02
  14.820  0.0000E+00  0.5000E+02
  14.830  0.0000E+00  0.5000E+02
  14.840  0.0000E+00  0.5000E+02
  14.850  0.0000E+00  0.5000E+02
  14.860  0.0000E+00  0.5000E+02
  14.870  0.0000E+00  0.5000E+02
  14.880  0.0000E+00  0.5000E+02
  14.890  0.0000E+00  0.5000E+02
  14.900  0.0000E+00  0.5000E+02
  14.910  0.0000E+00  0.5000E+02
  14.920  0.0000E+00  0.5000E+02
  14.930  0.0000E+00  0.5000E+02
  14.940  0.0000E+00  0.5000E+02
  14.950  0.0000E+00  0.5000E+02
  14.960  0.0000E+00  0.5000E+02
  14.970  0.0000E+00  0.5000E+02
  14.980  0.0000E+00  0.5000E+02
  14.990  0.0000E+00  0.5000E+02
  15.000  0.0000E+00  0.5000E+02
