#  E (eV)   dos(E)     Int dos(E) EFermi =   -1.169 eV
 -15.000  0.7318E+00  0.2677E+01
 -14.990  0.7367E+00  0.2684E+01
 -14.980  0.7344E+00  0.2691E+01
 -14.970  0.7357E+00  0.2699E+01
 -14.960  0.7372E+00  0.2706E+01
 -14.950  0.7433E+00  0.2714E+01
 -14.940  0.7481E+00  0.2721E+01
 -14.930  0.7519E+00  0.2729E+01
 -14.920  0.7556E+00  0.2736E+01
 -14.910  0.7594E+00  0.2744E+01
 -14.900  0.7630E+00  0.2751E+01
 -14.890  0.7702E+00  0.2759E+01
 -14.880  0.7762E+00  0.2767E+01
 -14.870  0.7778E+00  0.2774E+01
 -14.860  0.7802E+00  0.2782E+01
 -14.850  0.7831E+00  0.2790E+01
 -14.840  0.7860E+00  0.2798E+01
 -14.830  0.7910E+00  0.2806E+01
 -14.820  0.7989E+00  0.2814E+01
 -14.810  0.8038E+00  0.2822E+01
 -14.800  0.8087E+00  0.2830E+01
 -14.790  0.8137E+00  0.2838E+01
 -14.780  0.8185E+00  0.2846E+01
 -14.770  0.8229E+00  0.2854E+01
 -14.760  0.8307E+00  0.2863E+01
 -14.750  0.8356E+00  0.2871E+01
 -14.740  0.8407E+00  0.2879E+01
 -14.730  0.8453E+00  0.2888E+01
 -14.720  0.8499E+00  0.2896E+01
 -14.710  0.8547E+00  0.2905E+01
 -14.700  0.8652E+00  0.2913E+01
 -14.690  0.8725E+00  0.2922E+01
 -14.680  0.8790E+00  0.2931E+01
 -14.670  0.8855E+00  0.2940E+01
 -14.660  0.8919E+00  0.2948E+01
 -14.650  0.8967E+00  0.2957E+01
 -14.640  0.9077E+00  0.2966E+01
 -14.630  0.9159E+00  0.2976E+01
 -14.620  0.9237E+00  0.2985E+01
 -14.610  0.9305E+00  0.2994E+01
 -14.600  0.9372E+00  0.3003E+01
 -14.590  0.9457E+00  0.3013E+01
 -14.580  0.9595E+00  0.3022E+01
 -14.570  0.9686E+00  0.3032E+01
 -14.560  0.9775E+00  0.3042E+01
 -14.550  0.9865E+00  0.3051E+01
 -14.540  0.9951E+00  0.3061E+01
 -14.530  0.1010E+01  0.3071E+01
 -14.520  0.1022E+01  0.3082E+01
 -14.510  0.1035E+01  0.3092E+01
 -14.500  0.1045E+01  0.3102E+01
 -14.490  0.1055E+01  0.3113E+01
 -14.480  0.1069E+01  0.3123E+01
 -14.470  0.1088E+01  0.3134E+01
 -14.460  0.1101E+01  0.3145E+01
 -14.450  0.1114E+01  0.3156E+01
 -14.440  0.1127E+01  0.3167E+01
 -14.430  0.1150E+01  0.3179E+01
 -14.420  0.1171E+01  0.3190E+01
 -14.410  0.1191E+01  0.3202E+01
 -14.400  0.1208E+01  0.3214E+01
 -14.390  0.1225E+01  0.3226E+01
 -14.380  0.1252E+01  0.3239E+01
 -14.370  0.1278E+01  0.3251E+01
 -14.360  0.1300E+01  0.3264E+01
 -14.350  0.1322E+01  0.3277E+01
 -14.340  0.1356E+01  0.3291E+01
 -14.330  0.1398E+01  0.3304E+01
 -14.320  0.1435E+01  0.3319E+01
 -14.310  0.1467E+01  0.3333E+01
 -14.300  0.1515E+01  0.3348E+01
 -14.290  0.1568E+01  0.3363E+01
 -14.280  0.1612E+01  0.3379E+01
 -14.270  0.1679E+01  0.3396E+01
 -14.260  0.1747E+01  0.3413E+01
 -14.250  0.1818E+01  0.3431E+01
 -14.240  0.1944E+01  0.3449E+01
 -14.230  0.2090E+01  0.3470E+01
 -14.220  0.2318E+01  0.3491E+01
 -14.210  0.2648E+01  0.3516E+01
 -14.200  0.3102E+01  0.3548E+01
 -14.190  0.2623E+01  0.3577E+01
 -14.180  0.2421E+01  0.3601E+01
 -14.170  0.2149E+01  0.3623E+01
 -14.160  0.2026E+01  0.3644E+01
 -14.150  0.1855E+01  0.3663E+01
 -14.140  0.1793E+01  0.3682E+01
 -14.130  0.1671E+01  0.3699E+01
 -14.120  0.1592E+01  0.3716E+01
 -14.110  0.1578E+01  0.3731E+01
 -14.100  0.1514E+01  0.3747E+01
 -14.090  0.1550E+01  0.3762E+01
 -14.080  0.1437E+01  0.3777E+01
 -14.070  0.1456E+01  0.3792E+01
 -14.060  0.1346E+01  0.3806E+01
 -14.050  0.1342E+01  0.3819E+01
 -14.040  0.1345E+01  0.3832E+01
 -14.030  0.1320E+01  0.3846E+01
 -14.020  0.1251E+01  0.3859E+01
 -14.010  0.1284E+01  0.3871E+01
 -14.000  0.1172E+01  0.3884E+01
 -13.990  0.1181E+01  0.3895E+01
 -13.980  0.1226E+01  0.3907E+01
 -13.970  0.1168E+01  0.3919E+01
 -13.960  0.1088E+01  0.3931E+01
 -13.950  0.1113E+01  0.3942E+01
 -13.940  0.1184E+01  0.3953E+01
 -13.930  0.1158E+01  0.3964E+01
 -13.920  0.9602E+00  0.3974E+01
 -13.910  0.1082E+01  0.3985E+01
 -13.900  0.7861E+00  0.3995E+01
 -13.890  0.0000E+00  0.4000E+01
 -13.880  0.0000E+00  0.4000E+01
 -13.870  0.0000E+00  0.4000E+01
 -13.860  0.0000E+00  0.4000E+01
 -13.850  0.0000E+00  0.4000E+01
 -13.840  0.0000E+00  0.4000E+01
 -13.830  0.0000E+00  0.4000E+01
 -13.820  0.0000E+00  0.4000E+01
 -13.810  0.0000E+00  0.4000E+01
 -13.800  0.0000E+00  0.4000E+01
 -13.790  0.0000E+00  0.4000E+01
 -13.780  0.0000E+00  0.4000E+01
 -13.770  0.0000E+00  0.4000E+01
 -13.760  0.0000E+00  0.4000E+01
 -13.750  0.0000E+00  0.4000E+01
 -13.740  0.0000E+00  0.4000E+01
 -13.730  0.0000E+00  0.4000E+01
 -13.720  0.0000E+00  0.4000E+01
 -13.710  0.0000E+00  0.4000E+01
 -13.700  0.0000E+00  0.4000E+01
 -13.690  0.0000E+00  0.4000E+01
 -13.680  0.0000E+00  0.4000E+01
 -13.670  0.0000E+00  0.4000E+01
 -13.660  0.0000E+00  0.4000E+01
 -13.650  0.0000E+00  0.4000E+01
 -13.640  0.0000E+00  0.4000E+01
 -13.630  0.0000E+00  0.4000E+01
 -13.620  0.0000E+00  0.4000E+01
 -13.610  0.0000E+00  0.4000E+01
 -13.600  0.0000E+00  0.4000E+01
 -13.590  0.0000E+00  0.4000E+01
 -13.580  0.0000E+00  0.4000E+01
 -13.570  0.0000E+00  0.4000E+01
 -13.560  0.0000E+00  0.4000E+01
 -13.550  0.0000E+00  0.4000E+01
 -13.540  0.0000E+00  0.4000E+01
 -13.530  0.0000E+00  0.4000E+01
 -13.520  0.0000E+00  0.4000E+01
 -13.510  0.0000E+00  0.4000E+01
 -13.500  0.0000E+00  0.4000E+01
 -13.490  0.0000E+00  0.4000E+01
 -13.480  0.0000E+00  0.4000E+01
 -13.470  0.0000E+00  0.4000E+01
 -13.460  0.0000E+00  0.4000E+01
 -13.450  0.0000E+00  0.4000E+01
 -13.440  0.0000E+00  0.4000E+01
 -13.430  0.0000E+00  0.4000E+01
 -13.420  0.0000E+00  0.4000E+01
 -13.410  0.0000E+00  0.4000E+01
 -13.400  0.0000E+00  0.4000E+01
 -13.390  0.0000E+00  0.4000E+01
 -13.380  0.0000E+00  0.4000E+01
 -13.370  0.0000E+00  0.4000E+01
 -13.360  0.0000E+00  0.4000E+01
 -13.350  0.0000E+00  0.4000E+01
 -13.340  0.0000E+00  0.4000E+01
 -13.330  0.0000E+00  0.4000E+01
 -13.320  0.0000E+00  0.4000E+01
 -13.310  0.0000E+00  0.4000E+01
 -13.300  0.0000E+00  0.4000E+01
 -13.290  0.0000E+00  0.4000E+01
 -13.280  0.0000E+00  0.4000E+01
 -13.270  0.0000E+00  0.4000E+01
 -13.260  0.0000E+00  0.4000E+01
 -13.250  0.0000E+00  0.4000E+01
 -13.240  0.0000E+00  0.4000E+01
 -13.230  0.0000E+00  0.4000E+01
 -13.220  0.0000E+00  0.4000E+01
 -13.210  0.0000E+00  0.4000E+01
 -13.200  0.0000E+00  0.4000E+01
 -13.190  0.0000E+00  0.4000E+01
 -13.180  0.0000E+00  0.4000E+01
 -13.170  0.0000E+00  0.4000E+01
 -13.160  0.0000E+00  0.4000E+01
 -13.150  0.0000E+00  0.4000E+01
 -13.140  0.0000E+00  0.4000E+01
 -13.130  0.0000E+00  0.4000E+01
 -13.120  0.0000E+00  0.4000E+01
 -13.110  0.0000E+00  0.4000E+01
 -13.100  0.0000E+00  0.4000E+01
 -13.090  0.0000E+00  0.4000E+01
 -13.080  0.0000E+00  0.4000E+01
 -13.070  0.0000E+00  0.4000E+01
 -13.060  0.0000E+00  0.4000E+01
 -13.050  0.0000E+00  0.4000E+01
 -13.040  0.0000E+00  0.4000E+01
 -13.030  0.0000E+00  0.4000E+01
 -13.020  0.0000E+00  0.4000E+01
 -13.010  0.0000E+00  0.4000E+01
 -13.000  0.0000E+00  0.4000E+01
 -12.990  0.0000E+00  0.4000E+01
 -12.980  0.0000E+00  0.4000E+01
 -12.970  0.0000E+00  0.4000E+01
 -12.960  0.0000E+00  0.4000E+01
 -12.950  0.0000E+00  0.4000E+01
 -12.940  0.0000E+00  0.4000E+01
 -12.930  0.0000E+00  0.4000E+01
 -12.920  0.0000E+00  0.4000E+01
 -12.910  0.0000E+00  0.4000E+01
 -12.900  0.0000E+00  0.4000E+01
 -12.890  0.0000E+00  0.4000E+01
 -12.880  0.0000E+00  0.4000E+01
 -12.870  0.0000E+00  0.4000E+01
 -12.860  0.0000E+00  0.4000E+01
 -12.850  0.0000E+00  0.4000E+01
 -12.840  0.0000E+00  0.4000E+01
 -12.830  0.0000E+00  0.4000E+01
 -12.820  0.0000E+00  0.4000E+01
 -12.810  0.0000E+00  0.4000E+01
 -12.800  0.0000E+00  0.4000E+01
 -12.790  0.0000E+00  0.4000E+01
 -12.780  0.0000E+00  0.4000E+01
 -12.770  0.0000E+00  0.4000E+01
 -12.760  0.0000E+00  0.4000E+01
 -12.750  0.0000E+00  0.4000E+01
 -12.740  0.0000E+00  0.4000E+01
 -12.730  0.0000E+00  0.4000E+01
 -12.720  0.0000E+00  0.4000E+01
 -12.710  0.0000E+00  0.4000E+01
 -12.700  0.0000E+00  0.4000E+01
 -12.690  0.0000E+00  0.4000E+01
 -12.680  0.0000E+00  0.4000E+01
 -12.670  0.0000E+00  0.4000E+01
 -12.660  0.0000E+00  0.4000E+01
 -12.650  0.0000E+00  0.4000E+01
 -12.640  0.0000E+00  0.4000E+01
 -12.630  0.0000E+00  0.4000E+01
 -12.620  0.0000E+00  0.4000E+01
 -12.610  0.0000E+00  0.4000E+01
 -12.600  0.0000E+00  0.4000E+01
 -12.590  0.0000E+00  0.4000E+01
 -12.580  0.0000E+00  0.4000E+01
 -12.570  0.0000E+00  0.4000E+01
 -12.560  0.0000E+00  0.4000E+01
 -12.550  0.0000E+00  0.4000E+01
 -12.540  0.0000E+00  0.4000E+01
 -12.530  0.0000E+00  0.4000E+01
 -12.520  0.0000E+00  0.4000E+01
 -12.510  0.0000E+00  0.4000E+01
 -12.500  0.0000E+00  0.4000E+01
 -12.490  0.0000E+00  0.4000E+01
 -12.480  0.0000E+00  0.4000E+01
 -12.470  0.0000E+00  0.4000E+01
 -12.460  0.0000E+00  0.4000E+01
 -12.450  0.0000E+00  0.4000E+01
 -12.440  0.0000E+00  0.4000E+01
 -12.430  0.0000E+00  0.4000E+01
 -12.420  0.0000E+00  0.4000E+01
 -12.410  0.0000E+00  0.4000E+01
 -12.400  0.0000E+00  0.4000E+01
 -12.390  0.0000E+00  0.4000E+01
 -12.380  0.0000E+00  0.4000E+01
 -12.370  0.0000E+00  0.4000E+01
 -12.360  0.0000E+00  0.4000E+01
 -12.350  0.0000E+00  0.4000E+01
 -12.340  0.0000E+00  0.4000E+01
 -12.330  0.0000E+00  0.4000E+01
 -12.320  0.0000E+00  0.4000E+01
 -12.310  0.0000E+00  0.4000E+01
 -12.300  0.0000E+00  0.4000E+01
 -12.290  0.0000E+00  0.4000E+01
 -12.280  0.0000E+00  0.4000E+01
 -12.270  0.0000E+00  0.4000E+01
 -12.260  0.0000E+00  0.4000E+01
 -12.250  0.0000E+00  0.4000E+01
 -12.240  0.0000E+00  0.4000E+01
 -12.230  0.0000E+00  0.4000E+01
 -12.220  0.0000E+00  0.4000E+01
 -12.210  0.0000E+00  0.4000E+01
 -12.200  0.0000E+00  0.4000E+01
 -12.190  0.0000E+00  0.4000E+01
 -12.180  0.0000E+00  0.4000E+01
 -12.170  0.0000E+00  0.4000E+01
 -12.160  0.0000E+00  0.4000E+01
 -12.150  0.0000E+00  0.4000E+01
 -12.140  0.0000E+00  0.4000E+01
 -12.130  0.0000E+00  0.4000E+01
 -12.120  0.0000E+00  0.4000E+01
 -12.110  0.0000E+00  0.4000E+01
 -12.100  0.0000E+00  0.4000E+01
 -12.090  0.0000E+00  0.4000E+01
 -12.080  0.0000E+00  0.4000E+01
 -12.070  0.0000E+00  0.4000E+01
 -12.060  0.0000E+00  0.4000E+01
 -12.050  0.0000E+00  0.4000E+01
 -12.040  0.0000E+00  0.4000E+01
 -12.030  0.0000E+00  0.4000E+01
 -12.020  0.0000E+00  0.4000E+01
 -12.010  0.0000E+00  0.4000E+01
 -12.000  0.0000E+00  0.4000E+01
 -11.990  0.0000E+00  0.4000E+01
 -11.980  0.0000E+00  0.4000E+01
 -11.970  0.0000E+00  0.4000E+01
 -11.960  0.0000E+00  0.4000E+01
 -11.950  0.0000E+00  0.4000E+01
 -11.940  0.0000E+00  0.4000E+01
 -11.930  0.0000E+00  0.4000E+01
 -11.920  0.0000E+00  0.4000E+01
 -11.910  0.0000E+00  0.4000E+01
 -11.900  0.0000E+00  0.4000E+01
 -11.890  0.0000E+00  0.4000E+01
 -11.880  0.0000E+00  0.4000E+01
 -11.870  0.0000E+00  0.4000E+01
 -11.860  0.0000E+00  0.4000E+01
 -11.850  0.0000E+00  0.4000E+01
 -11.840  0.0000E+00  0.4000E+01
 -11.830  0.0000E+00  0.4000E+01
 -11.820  0.0000E+00  0.4000E+01
 -11.810  0.0000E+00  0.4000E+01
 -11.800  0.0000E+00  0.4000E+01
 -11.790  0.0000E+00  0.4000E+01
 -11.780  0.0000E+00  0.4000E+01
 -11.770  0.0000E+00  0.4000E+01
 -11.760  0.0000E+00  0.4000E+01
 -11.750  0.0000E+00  0.4000E+01
 -11.740  0.0000E+00  0.4000E+01
 -11.730  0.0000E+00  0.4000E+01
 -11.720  0.0000E+00  0.4000E+01
 -11.710  0.0000E+00  0.4000E+01
 -11.700  0.0000E+00  0.4000E+01
 -11.690  0.0000E+00  0.4000E+01
 -11.680  0.0000E+00  0.4000E+01
 -11.670  0.0000E+00  0.4000E+01
 -11.660  0.0000E+00  0.4000E+01
 -11.650  0.0000E+00  0.4000E+01
 -11.640  0.0000E+00  0.4000E+01
 -11.630  0.0000E+00  0.4000E+01
 -11.620  0.0000E+00  0.4000E+01
 -11.610  0.0000E+00  0.4000E+01
 -11.600  0.0000E+00  0.4000E+01
 -11.590  0.0000E+00  0.4000E+01
 -11.580  0.0000E+00  0.4000E+01
 -11.570  0.0000E+00  0.4000E+01
 -11.560  0.0000E+00  0.4000E+01
 -11.550  0.0000E+00  0.4000E+01
 -11.540  0.0000E+00  0.4000E+01
 -11.530  0.0000E+00  0.4000E+01
 -11.520  0.0000E+00  0.4000E+01
 -11.510  0.0000E+00  0.4000E+01
 -11.500  0.0000E+00  0.4000E+01
 -11.490  0.0000E+00  0.4000E+01
 -11.480  0.0000E+00  0.4000E+01
 -11.470  0.0000E+00  0.4000E+01
 -11.460  0.0000E+00  0.4000E+01
 -11.450  0.0000E+00  0.4000E+01
 -11.440  0.0000E+00  0.4000E+01
 -11.430  0.0000E+00  0.4000E+01
 -11.420  0.0000E+00  0.4000E+01
 -11.410  0.0000E+00  0.4000E+01
 -11.400  0.0000E+00  0.4000E+01
 -11.390  0.0000E+00  0.4000E+01
 -11.380  0.0000E+00  0.4000E+01
 -11.370  0.0000E+00  0.4000E+01
 -11.360  0.0000E+00  0.4000E+01
 -11.350  0.0000E+00  0.4000E+01
 -11.340  0.0000E+00  0.4000E+01
 -11.330  0.0000E+00  0.4000E+01
 -11.320  0.0000E+00  0.4000E+01
 -11.310  0.0000E+00  0.4000E+01
 -11.300  0.0000E+00  0.4000E+01
 -11.290  0.0000E+00  0.4000E+01
 -11.280  0.0000E+00  0.4000E+01
 -11.270  0.0000E+00  0.4000E+01
 -11.260  0.0000E+00  0.4000E+01
 -11.250  0.0000E+00  0.4000E+01
 -11.240  0.0000E+00  0.4000E+01
 -11.230  0.0000E+00  0.4000E+01
 -11.220  0.0000E+00  0.4000E+01
 -11.210  0.0000E+00  0.4000E+01
 -11.200  0.0000E+00  0.4000E+01
 -11.190  0.0000E+00  0.4000E+01
 -11.180  0.0000E+00  0.4000E+01
 -11.170  0.0000E+00  0.4000E+01
 -11.160  0.0000E+00  0.4000E+01
 -11.150  0.0000E+00  0.4000E+01
 -11.140  0.0000E+00  0.4000E+01
 -11.130  0.0000E+00  0.4000E+01
 -11.120  0.0000E+00  0.4000E+01
 -11.110  0.0000E+00  0.4000E+01
 -11.100  0.0000E+00  0.4000E+01
 -11.090  0.0000E+00  0.4000E+01
 -11.080  0.0000E+00  0.4000E+01
 -11.070  0.0000E+00  0.4000E+01
 -11.060  0.0000E+00  0.4000E+01
 -11.050  0.0000E+00  0.4000E+01
 -11.040  0.0000E+00  0.4000E+01
 -11.030  0.0000E+00  0.4000E+01
 -11.020  0.0000E+00  0.4000E+01
 -11.010  0.0000E+00  0.4000E+01
 -11.000  0.0000E+00  0.4000E+01
 -10.990  0.0000E+00  0.4000E+01
 -10.980  0.0000E+00  0.4000E+01
 -10.970  0.0000E+00  0.4000E+01
 -10.960  0.0000E+00  0.4000E+01
 -10.950  0.0000E+00  0.4000E+01
 -10.940  0.0000E+00  0.4000E+01
 -10.930  0.0000E+00  0.4000E+01
 -10.920  0.0000E+00  0.4000E+01
 -10.910  0.0000E+00  0.4000E+01
 -10.900  0.0000E+00  0.4000E+01
 -10.890  0.0000E+00  0.4000E+01
 -10.880  0.0000E+00  0.4000E+01
 -10.870  0.0000E+00  0.4000E+01
 -10.860  0.0000E+00  0.4000E+01
 -10.850  0.0000E+00  0.4000E+01
 -10.840  0.0000E+00  0.4000E+01
 -10.830  0.0000E+00  0.4000E+01
 -10.820  0.0000E+00  0.4000E+01
 -10.810  0.0000E+00  0.4000E+01
 -10.800  0.0000E+00  0.4000E+01
 -10.790  0.0000E+00  0.4000E+01
 -10.780  0.0000E+00  0.4000E+01
 -10.770  0.0000E+00  0.4000E+01
 -10.760  0.0000E+00  0.4000E+01
 -10.750  0.0000E+00  0.4000E+01
 -10.740  0.0000E+00  0.4000E+01
 -10.730  0.0000E+00  0.4000E+01
 -10.720  0.0000E+00  0.4000E+01
 -10.710  0.0000E+00  0.4000E+01
 -10.700  0.0000E+00  0.4000E+01
 -10.690  0.0000E+00  0.4000E+01
 -10.680  0.0000E+00  0.4000E+01
 -10.670  0.0000E+00  0.4000E+01
 -10.660  0.0000E+00  0.4000E+01
 -10.650  0.0000E+00  0.4000E+01
 -10.640  0.0000E+00  0.4000E+01
 -10.630  0.0000E+00  0.4000E+01
 -10.620  0.0000E+00  0.4000E+01
 -10.610  0.0000E+00  0.4000E+01
 -10.600  0.0000E+00  0.4000E+01
 -10.590  0.0000E+00  0.4000E+01
 -10.580  0.0000E+00  0.4000E+01
 -10.570  0.0000E+00  0.4000E+01
 -10.560  0.0000E+00  0.4000E+01
 -10.550  0.0000E+00  0.4000E+01
 -10.540  0.0000E+00  0.4000E+01
 -10.530  0.0000E+00  0.4000E+01
 -10.520  0.0000E+00  0.4000E+01
 -10.510  0.0000E+00  0.4000E+01
 -10.500  0.0000E+00  0.4000E+01
 -10.490  0.0000E+00  0.4000E+01
 -10.480  0.0000E+00  0.4000E+01
 -10.470  0.0000E+00  0.4000E+01
 -10.460  0.0000E+00  0.4000E+01
 -10.450  0.0000E+00  0.4000E+01
 -10.440  0.0000E+00  0.4000E+01
 -10.430  0.0000E+00  0.4000E+01
 -10.420  0.0000E+00  0.4000E+01
 -10.410  0.0000E+00  0.4000E+01
 -10.400  0.0000E+00  0.4000E+01
 -10.390  0.0000E+00  0.4000E+01
 -10.380  0.0000E+00  0.4000E+01
 -10.370  0.0000E+00  0.4000E+01
 -10.360  0.0000E+00  0.4000E+01
 -10.350  0.0000E+00  0.4000E+01
 -10.340  0.0000E+00  0.4000E+01
 -10.330  0.0000E+00  0.4000E+01
 -10.320  0.0000E+00  0.4000E+01
 -10.310  0.0000E+00  0.4000E+01
 -10.300  0.0000E+00  0.4000E+01
 -10.290  0.0000E+00  0.4000E+01
 -10.280  0.0000E+00  0.4000E+01
 -10.270  0.0000E+00  0.4000E+01
 -10.260  0.0000E+00  0.4000E+01
 -10.250  0.0000E+00  0.4000E+01
 -10.240  0.0000E+00  0.4000E+01
 -10.230  0.0000E+00  0.4000E+01
 -10.220  0.0000E+00  0.4000E+01
 -10.210  0.0000E+00  0.4000E+01
 -10.200  0.0000E+00  0.4000E+01
 -10.190  0.0000E+00  0.4000E+01
 -10.180  0.0000E+00  0.4000E+01
 -10.170  0.0000E+00  0.4000E+01
 -10.160  0.0000E+00  0.4000E+01
 -10.150  0.0000E+00  0.4000E+01
 -10.140  0.0000E+00  0.4000E+01
 -10.130  0.0000E+00  0.4000E+01
 -10.120  0.0000E+00  0.4000E+01
 -10.110  0.0000E+00  0.4000E+01
 -10.100  0.0000E+00  0.4000E+01
 -10.090  0.0000E+00  0.4000E+01
 -10.080  0.0000E+00  0.4000E+01
 -10.070  0.0000E+00  0.4000E+01
 -10.060  0.0000E+00  0.4000E+01
 -10.050  0.0000E+00  0.4000E+01
 -10.040  0.0000E+00  0.4000E+01
 -10.030  0.0000E+00  0.4000E+01
 -10.020  0.0000E+00  0.4000E+01
 -10.010  0.0000E+00  0.4000E+01
 -10.000  0.0000E+00  0.4000E+01
  -9.990  0.0000E+00  0.4000E+01
  -9.980  0.0000E+00  0.4000E+01
  -9.970  0.0000E+00  0.4000E+01
  -9.960  0.0000E+00  0.4000E+01
  -9.950  0.0000E+00  0.4000E+01
  -9.940  0.0000E+00  0.4000E+01
  -9.930  0.0000E+00  0.4000E+01
  -9.920  0.0000E+00  0.4000E+01
  -9.910  0.0000E+00  0.4000E+01
  -9.900  0.0000E+00  0.4000E+01
  -9.890  0.0000E+00  0.4000E+01
  -9.880  0.0000E+00  0.4000E+01
  -9.870  0.0000E+00  0.4000E+01
  -9.860  0.0000E+00  0.4000E+01
  -9.850  0.0000E+00  0.4000E+01
  -9.840  0.0000E+00  0.4000E+01
  -9.830  0.0000E+00  0.4000E+01
  -9.820  0.0000E+00  0.4000E+01
  -9.810  0.0000E+00  0.4000E+01
  -9.800  0.0000E+00  0.4000E+01
  -9.790  0.0000E+00  0.4000E+01
  -9.780  0.0000E+00  0.4000E+01
  -9.770  0.0000E+00  0.4000E+01
  -9.760  0.0000E+00  0.4000E+01
  -9.750  0.0000E+00  0.4000E+01
  -9.740  0.0000E+00  0.4000E+01
  -9.730  0.0000E+00  0.4000E+01
  -9.720  0.1350E+01  0.4009E+01
  -9.710  0.1585E+01  0.4023E+01
  -9.700  0.1468E+01  0.4038E+01
  -9.690  0.1457E+01  0.4053E+01
  -9.680  0.1626E+01  0.4069E+01
  -9.670  0.1545E+01  0.4084E+01
  -9.660  0.1483E+01  0.4099E+01
  -9.650  0.1589E+01  0.4114E+01
  -9.640  0.1558E+01  0.4130E+01
  -9.630  0.1534E+01  0.4146E+01
  -9.620  0.1536E+01  0.4161E+01
  -9.610  0.1622E+01  0.4177E+01
  -9.600  0.1667E+01  0.4193E+01
  -9.590  0.1597E+01  0.4209E+01
  -9.580  0.1593E+01  0.4225E+01
  -9.570  0.1624E+01  0.4241E+01
  -9.560  0.1694E+01  0.4258E+01
  -9.550  0.1704E+01  0.4275E+01
  -9.540  0.1668E+01  0.4292E+01
  -9.530  0.1679E+01  0.4308E+01
  -9.520  0.1691E+01  0.4325E+01
  -9.510  0.1749E+01  0.4342E+01
  -9.500  0.1770E+01  0.4360E+01
  -9.490  0.1762E+01  0.4378E+01
  -9.480  0.1780E+01  0.4395E+01
  -9.470  0.1798E+01  0.4413E+01
  -9.460  0.1819E+01  0.4431E+01
  -9.450  0.1863E+01  0.4450E+01
  -9.440  0.1899E+01  0.4469E+01
  -9.430  0.1903E+01  0.4488E+01
  -9.420  0.1940E+01  0.4507E+01
  -9.410  0.1966E+01  0.4526E+01
  -9.400  0.1993E+01  0.4546E+01
  -9.390  0.2056E+01  0.4566E+01
  -9.380  0.2111E+01  0.4587E+01
  -9.370  0.2131E+01  0.4608E+01
  -9.360  0.2208E+01  0.4630E+01
  -9.350  0.2248E+01  0.4652E+01
  -9.340  0.2318E+01  0.4675E+01
  -9.330  0.2438E+01  0.4699E+01
  -9.320  0.2579E+01  0.4724E+01
  -9.310  0.2753E+01  0.4750E+01
  -9.300  0.2856E+01  0.4778E+01
  -9.290  0.3157E+01  0.4808E+01
  -9.280  0.4294E+01  0.4848E+01
  -9.270  0.3556E+01  0.4886E+01
  -9.260  0.2906E+01  0.4917E+01
  -9.250  0.2579E+01  0.4945E+01
  -9.240  0.2408E+01  0.4969E+01
  -9.230  0.2229E+01  0.4993E+01
  -9.220  0.2095E+01  0.5014E+01
  -9.210  0.2057E+01  0.5035E+01
  -9.200  0.1913E+01  0.5054E+01
  -9.190  0.1844E+01  0.5073E+01
  -9.180  0.1737E+01  0.5091E+01
  -9.170  0.1701E+01  0.5108E+01
  -9.160  0.1622E+01  0.5125E+01
  -9.150  0.1543E+01  0.5141E+01
  -9.140  0.1495E+01  0.5156E+01
  -9.130  0.1539E+01  0.5171E+01
  -9.120  0.1407E+01  0.5186E+01
  -9.110  0.1350E+01  0.5199E+01
  -9.100  0.1293E+01  0.5213E+01
  -9.090  0.1232E+01  0.5225E+01
  -9.080  0.1143E+01  0.5239E+01
  -9.070  0.1015E+01  0.5250E+01
  -9.060  0.9410E+00  0.5259E+01
  -9.050  0.9254E+00  0.5269E+01
  -9.040  0.9100E+00  0.5278E+01
  -9.030  0.8939E+00  0.5287E+01
  -9.020  0.8861E+00  0.5296E+01
  -9.010  0.8770E+00  0.5305E+01
  -9.000  0.8645E+00  0.5313E+01
  -8.990  0.8520E+00  0.5322E+01
  -8.980  0.8398E+00  0.5330E+01
  -8.970  0.8271E+00  0.5339E+01
  -8.960  0.8188E+00  0.5347E+01
  -8.950  0.8118E+00  0.5355E+01
  -8.940  0.8056E+00  0.5363E+01
  -8.930  0.7996E+00  0.5371E+01
  -8.920  0.7895E+00  0.5379E+01
  -8.910  0.7796E+00  0.5387E+01
  -8.900  0.7715E+00  0.5395E+01
  -8.890  0.7646E+00  0.5402E+01
  -8.880  0.7583E+00  0.5410E+01
  -8.870  0.7528E+00  0.5418E+01
  -8.860  0.7473E+00  0.5425E+01
  -8.850  0.7480E+00  0.5433E+01
  -8.840  0.7406E+00  0.5440E+01
  -8.830  0.7347E+00  0.5447E+01
  -8.820  0.7288E+00  0.5455E+01
  -8.810  0.7233E+00  0.5462E+01
  -8.800  0.7189E+00  0.5469E+01
  -8.790  0.7144E+00  0.5476E+01
  -8.780  0.7115E+00  0.5484E+01
  -8.770  0.7133E+00  0.5491E+01
  -8.760  0.7179E+00  0.5498E+01
  -8.750  0.7130E+00  0.5505E+01
  -8.740  0.7084E+00  0.5512E+01
  -8.730  0.7053E+00  0.5519E+01
  -8.720  0.7032E+00  0.5526E+01
  -8.710  0.7024E+00  0.5533E+01
  -8.700  0.7033E+00  0.5540E+01
  -8.690  0.7060E+00  0.5547E+01
  -8.680  0.7125E+00  0.5554E+01
  -8.670  0.7217E+00  0.5562E+01
  -8.660  0.7287E+00  0.5569E+01
  -8.650  0.7880E+00  0.5576E+01
  -8.640  0.8473E+00  0.5585E+01
  -8.630  0.1566E+01  0.5599E+01
  -8.620  0.1560E+01  0.5617E+01
  -8.610  0.1740E+01  0.5633E+01
  -8.600  0.1677E+01  0.5650E+01
  -8.590  0.1832E+01  0.5668E+01
  -8.580  0.1821E+01  0.5686E+01
  -8.570  0.1927E+01  0.5705E+01
  -8.560  0.2009E+01  0.5724E+01
  -8.550  0.1959E+01  0.5744E+01
  -8.540  0.2041E+01  0.5764E+01
  -8.530  0.2189E+01  0.5785E+01
  -8.520  0.2313E+01  0.5807E+01
  -8.510  0.2477E+01  0.5831E+01
  -8.500  0.2679E+01  0.5857E+01
  -8.490  0.2997E+01  0.5885E+01
  -8.480  0.3722E+01  0.5918E+01
  -8.470  0.5380E+01  0.5961E+01
  -8.460  0.6974E+01  0.6030E+01
  -8.450  0.3192E+00  0.6053E+01
  -8.440  0.3206E+00  0.6056E+01
  -8.430  0.3376E+00  0.6059E+01
  -8.420  0.3546E+00  0.6063E+01
  -8.410  0.3716E+00  0.6066E+01
  -8.400  0.3716E+00  0.6070E+01
  -8.390  0.3666E+00  0.6074E+01
  -8.380  0.3728E+00  0.6078E+01
  -8.370  0.3899E+00  0.6081E+01
  -8.360  0.3920E+00  0.6085E+01
  -8.350  0.5797E+00  0.6090E+01
  -8.340  0.1309E+01  0.6100E+01
  -8.330  0.1120E+01  0.6112E+01
  -8.320  0.1186E+01  0.6123E+01
  -8.310  0.1511E+01  0.6136E+01
  -8.300  0.1160E+01  0.6149E+01
  -8.290  0.1197E+01  0.6161E+01
  -8.280  0.1242E+01  0.6173E+01
  -8.270  0.1310E+01  0.6186E+01
  -8.260  0.1287E+01  0.6199E+01
  -8.250  0.1255E+01  0.6211E+01
  -8.240  0.1301E+01  0.6224E+01
  -8.230  0.1265E+01  0.6237E+01
  -8.220  0.1297E+01  0.6250E+01
  -8.210  0.1324E+01  0.6263E+01
  -8.200  0.1347E+01  0.6276E+01
  -8.190  0.1347E+01  0.6290E+01
  -8.180  0.1370E+01  0.6304E+01
  -8.170  0.1332E+01  0.6317E+01
  -8.160  0.1336E+01  0.6331E+01
  -8.150  0.1363E+01  0.6344E+01
  -8.140  0.1394E+01  0.6358E+01
  -8.130  0.1435E+01  0.6372E+01
  -8.120  0.1444E+01  0.6387E+01
  -8.110  0.1495E+01  0.6401E+01
  -8.100  0.1475E+01  0.6416E+01
  -8.090  0.1469E+01  0.6431E+01
  -8.080  0.1485E+01  0.6446E+01
  -8.070  0.1544E+01  0.6461E+01
  -8.060  0.1602E+01  0.6476E+01
  -8.050  0.1644E+01  0.6493E+01
  -8.040  0.1687E+01  0.6509E+01
  -8.030  0.1714E+01  0.6526E+01
  -8.020  0.1734E+01  0.6544E+01
  -8.010  0.1570E+01  0.6560E+01
  -8.000  0.1524E+01  0.6575E+01
  -7.990  0.1385E+01  0.6590E+01
  -7.980  0.1299E+01  0.6603E+01
  -7.970  0.1218E+01  0.6616E+01
  -7.960  0.1320E+01  0.6629E+01
  -7.950  0.1375E+01  0.6642E+01
  -7.940  0.1435E+01  0.6656E+01
  -7.930  0.1525E+01  0.6671E+01
  -7.920  0.1639E+01  0.6687E+01
  -7.910  0.1743E+01  0.6704E+01
  -7.900  0.1726E+01  0.6721E+01
  -7.890  0.1709E+01  0.6739E+01
  -7.880  0.1741E+01  0.6756E+01
  -7.870  0.1800E+01  0.6774E+01
  -7.860  0.1825E+01  0.6792E+01
  -7.850  0.1818E+01  0.6810E+01
  -7.840  0.1813E+01  0.6828E+01
  -7.830  0.1860E+01  0.6846E+01
  -7.820  0.1902E+01  0.6865E+01
  -7.810  0.1920E+01  0.6884E+01
  -7.800  0.1919E+01  0.6904E+01
  -7.790  0.1922E+01  0.6923E+01
  -7.780  0.1946E+01  0.6942E+01
  -7.770  0.1987E+01  0.6962E+01
  -7.760  0.2083E+01  0.6982E+01
  -7.750  0.2073E+01  0.7003E+01
  -7.740  0.2064E+01  0.7024E+01
  -7.730  0.2070E+01  0.7045E+01
  -7.720  0.2073E+01  0.7065E+01
  -7.710  0.2106E+01  0.7086E+01
  -7.700  0.2165E+01  0.7107E+01
  -7.690  0.2220E+01  0.7129E+01
  -7.680  0.2329E+01  0.7152E+01
  -7.670  0.2424E+01  0.7176E+01
  -7.660  0.2427E+01  0.7200E+01
  -7.650  0.2473E+01  0.7225E+01
  -7.640  0.2554E+01  0.7250E+01
  -7.630  0.2646E+01  0.7276E+01
  -7.620  0.2789E+01  0.7303E+01
  -7.610  0.3853E+01  0.7334E+01
  -7.600  0.3112E+01  0.7367E+01
  -7.590  0.3077E+01  0.7399E+01
  -7.580  0.3134E+01  0.7428E+01
  -7.570  0.5648E+01  0.7475E+01
  -7.560  0.6606E+01  0.7535E+01
  -7.550  0.6238E+01  0.7609E+01
  -7.540  0.5740E+01  0.7669E+01
  -7.530  0.5278E+01  0.7723E+01
  -7.520  0.4695E+01  0.7773E+01
  -7.510  0.4517E+01  0.7819E+01
  -7.500  0.4422E+01  0.7864E+01
  -7.490  0.4392E+01  0.7908E+01
  -7.480  0.4259E+01  0.7953E+01
  -7.470  0.4056E+01  0.7995E+01
  -7.460  0.3953E+01  0.8035E+01
  -7.450  0.3950E+01  0.8074E+01
  -7.440  0.3978E+01  0.8114E+01
  -7.430  0.4053E+01  0.8154E+01
  -7.420  0.4145E+01  0.8195E+01
  -7.410  0.4200E+01  0.8237E+01
  -7.400  0.4296E+01  0.8279E+01
  -7.390  0.4459E+01  0.8323E+01
  -7.380  0.4641E+01  0.8368E+01
  -7.370  0.4820E+01  0.8416E+01
  -7.360  0.4999E+01  0.8465E+01
  -7.350  0.5243E+01  0.8516E+01
  -7.340  0.5669E+01  0.8570E+01
  -7.330  0.5305E+01  0.8624E+01
  -7.320  0.5631E+01  0.8679E+01
  -7.310  0.5386E+01  0.8734E+01
  -7.300  0.5493E+01  0.8789E+01
  -7.290  0.3884E+01  0.8836E+01
  -7.280  0.3893E+01  0.8873E+01
  -7.270  0.3615E+01  0.8909E+01
  -7.260  0.4030E+01  0.8948E+01
  -7.250  0.4363E+01  0.8990E+01
  -7.240  0.5531E+01  0.9039E+01
  -7.230  0.5159E+01  0.9089E+01
  -7.220  0.4545E+01  0.9138E+01
  -7.210  0.3997E+01  0.9181E+01
  -7.200  0.3661E+01  0.9220E+01
  -7.190  0.3768E+01  0.9259E+01
  -7.180  0.3214E+01  0.9294E+01
  -7.170  0.2567E+01  0.9323E+01
  -7.160  0.2121E+01  0.9346E+01
  -7.150  0.2047E+01  0.9366E+01
  -7.140  0.2027E+01  0.9387E+01
  -7.130  0.1992E+01  0.9407E+01
  -7.120  0.1933E+01  0.9427E+01
  -7.110  0.1888E+01  0.9446E+01
  -7.100  0.1909E+01  0.9465E+01
  -7.090  0.1852E+01  0.9484E+01
  -7.080  0.1796E+01  0.9502E+01
  -7.070  0.1844E+01  0.9520E+01
  -7.060  0.1819E+01  0.9539E+01
  -7.050  0.1760E+01  0.9557E+01
  -7.040  0.1733E+01  0.9574E+01
  -7.030  0.1773E+01  0.9592E+01
  -7.020  0.1709E+01  0.9609E+01
  -7.010  0.1652E+01  0.9626E+01
  -7.000  0.1685E+01  0.9642E+01
  -6.990  0.1698E+01  0.9659E+01
  -6.980  0.1636E+01  0.9676E+01
  -6.970  0.1608E+01  0.9692E+01
  -6.960  0.1631E+01  0.9708E+01
  -6.950  0.1638E+01  0.9725E+01
  -6.940  0.1562E+01  0.9741E+01
  -6.930  0.1572E+01  0.9757E+01
  -6.920  0.1614E+01  0.9773E+01
  -6.910  0.1538E+01  0.9788E+01
  -6.900  0.1537E+01  0.9804E+01
  -6.890  0.1623E+01  0.9819E+01
  -6.880  0.1542E+01  0.9835E+01
  -6.870  0.1517E+01  0.9850E+01
  -6.860  0.1586E+01  0.9865E+01
  -6.850  0.1465E+01  0.9880E+01
  -6.840  0.1472E+01  0.9895E+01
  -6.830  0.1521E+01  0.9910E+01
  -6.820  0.1477E+01  0.9925E+01
  -6.810  0.1506E+01  0.9940E+01
  -6.800  0.1432E+01  0.9954E+01
  -6.790  0.1371E+01  0.9969E+01
  -6.780  0.1388E+01  0.9984E+01
  -6.770  0.2107E+01  0.9997E+01
  -6.760  0.0000E+00  0.1000E+02
  -6.750  0.0000E+00  0.1000E+02
  -6.740  0.0000E+00  0.1000E+02
  -6.730  0.0000E+00  0.1000E+02
  -6.720  0.9001E-01  0.1000E+02
  -6.710  0.9153E+00  0.1001E+02
  -6.700  0.1489E+01  0.1002E+02
  -6.690  0.1469E+01  0.1003E+02
  -6.680  0.1500E+01  0.1005E+02
  -6.670  0.1623E+01  0.1006E+02
  -6.660  0.1760E+01  0.1008E+02
  -6.650  0.1813E+01  0.1010E+02
  -6.640  0.1821E+01  0.1012E+02
  -6.630  0.1843E+01  0.1014E+02
  -6.620  0.2362E+01  0.1016E+02
  -6.610  0.2115E+01  0.1018E+02
  -6.600  0.2132E+01  0.1020E+02
  -6.590  0.2214E+01  0.1022E+02
  -6.580  0.2520E+01  0.1025E+02
  -6.570  0.3438E+01  0.1028E+02
  -6.560  0.3453E+01  0.1031E+02
  -6.550  0.3671E+01  0.1035E+02
  -6.540  0.4338E+01  0.1039E+02
  -6.530  0.3858E+01  0.1043E+02
  -6.520  0.3614E+01  0.1047E+02
  -6.510  0.3558E+01  0.1050E+02
  -6.500  0.3451E+01  0.1054E+02
  -6.490  0.3403E+01  0.1057E+02
  -6.480  0.3369E+01  0.1061E+02
  -6.470  0.3407E+01  0.1064E+02
  -6.460  0.3394E+01  0.1067E+02
  -6.450  0.3439E+01  0.1071E+02
  -6.440  0.3486E+01  0.1074E+02
  -6.430  0.3522E+01  0.1078E+02
  -6.420  0.3574E+01  0.1081E+02
  -6.410  0.3634E+01  0.1085E+02
  -6.400  0.3778E+01  0.1089E+02
  -6.390  0.3878E+01  0.1092E+02
  -6.380  0.4001E+01  0.1096E+02
  -6.370  0.4165E+01  0.1100E+02
  -6.360  0.4550E+01  0.1105E+02
  -6.350  0.5409E+01  0.1110E+02
  -6.340  0.5013E+01  0.1115E+02
  -6.330  0.4403E+01  0.1120E+02
  -6.320  0.4338E+01  0.1124E+02
  -6.310  0.4217E+01  0.1129E+02
  -6.300  0.4077E+01  0.1133E+02
  -6.290  0.4029E+01  0.1137E+02
  -6.280  0.4109E+01  0.1141E+02
  -6.270  0.4019E+01  0.1145E+02
  -6.260  0.4085E+01  0.1149E+02
  -6.250  0.4138E+01  0.1153E+02
  -6.240  0.4298E+01  0.1157E+02
  -6.230  0.4206E+01  0.1162E+02
  -6.220  0.4368E+01  0.1166E+02
  -6.210  0.4603E+01  0.1171E+02
  -6.200  0.4587E+01  0.1175E+02
  -6.190  0.3148E+01  0.1179E+02
  -6.180  0.2465E+01  0.1181E+02
  -6.170  0.2730E+01  0.1184E+02
  -6.160  0.3854E+01  0.1187E+02
  -6.150  0.4029E+01  0.1191E+02
  -6.140  0.4284E+01  0.1196E+02
  -6.130  0.4195E+01  0.1200E+02
  -6.120  0.5051E+01  0.1204E+02
  -6.110  0.2031E+01  0.1208E+02
  -6.100  0.3674E+00  0.1209E+02
  -6.090  0.3552E+00  0.1210E+02
  -6.080  0.3450E+00  0.1210E+02
  -6.070  0.3347E+00  0.1210E+02
  -6.060  0.3244E+00  0.1211E+02
  -6.050  0.3142E+00  0.1211E+02
  -6.040  0.3039E+00  0.1211E+02
  -6.030  0.2960E+00  0.1212E+02
  -6.020  0.2963E+00  0.1212E+02
  -6.010  0.2967E+00  0.1212E+02
  -6.000  0.2971E+00  0.1213E+02
  -5.990  0.2975E+00  0.1213E+02
  -5.980  0.2978E+00  0.1213E+02
  -5.970  0.2982E+00  0.1214E+02
  -5.960  0.2918E+00  0.1214E+02
  -5.950  0.2844E+00  0.1214E+02
  -5.940  0.2762E+00  0.1214E+02
  -5.930  0.2704E+00  0.1215E+02
  -5.920  0.2659E+00  0.1215E+02
  -5.910  0.2648E+00  0.1215E+02
  -5.900  0.2671E+00  0.1215E+02
  -5.890  0.2694E+00  0.1216E+02
  -5.880  0.2718E+00  0.1216E+02
  -5.870  0.2731E+00  0.1216E+02
  -5.860  0.2743E+00  0.1217E+02
  -5.850  0.2755E+00  0.1217E+02
  -5.840  0.2767E+00  0.1217E+02
  -5.830  0.2779E+00  0.1217E+02
  -5.820  0.2791E+00  0.1218E+02
  -5.810  0.2803E+00  0.1218E+02
  -5.800  0.2816E+00  0.1218E+02
  -5.790  0.2864E+00  0.1218E+02
  -5.780  0.2917E+00  0.1219E+02
  -5.770  0.2969E+00  0.1219E+02
  -5.760  0.2938E+00  0.1219E+02
  -5.750  0.2948E+00  0.1220E+02
  -5.740  0.2957E+00  0.1220E+02
  -5.730  0.2947E+00  0.1220E+02
  -5.720  0.2932E+00  0.1221E+02
  -5.710  0.2930E+00  0.1221E+02
  -5.700  0.2927E+00  0.1221E+02
  -5.690  0.2925E+00  0.1221E+02
  -5.680  0.2945E+00  0.1222E+02
  -5.670  0.2976E+00  0.1222E+02
  -5.660  0.3007E+00  0.1222E+02
  -5.650  0.3038E+00  0.1223E+02
  -5.640  0.3069E+00  0.1223E+02
  -5.630  0.3099E+00  0.1223E+02
  -5.620  0.6232E+00  0.1224E+02
  -5.610  0.1676E+01  0.1225E+02
  -5.600  0.1740E+01  0.1227E+02
  -5.590  0.2024E+01  0.1228E+02
  -5.580  0.2130E+01  0.1231E+02
  -5.570  0.1931E+01  0.1233E+02
  -5.560  0.2089E+01  0.1235E+02
  -5.550  0.2229E+01  0.1237E+02
  -5.540  0.2242E+01  0.1239E+02
  -5.530  0.2369E+01  0.1241E+02
  -5.520  0.2555E+01  0.1244E+02
  -5.510  0.2749E+01  0.1246E+02
  -5.500  0.2973E+01  0.1250E+02
  -5.490  0.2648E+01  0.1252E+02
  -5.480  0.2489E+01  0.1255E+02
  -5.470  0.2260E+01  0.1257E+02
  -5.460  0.2168E+01  0.1259E+02
  -5.450  0.2128E+01  0.1262E+02
  -5.440  0.2091E+01  0.1264E+02
  -5.430  0.2063E+01  0.1266E+02
  -5.420  0.2035E+01  0.1268E+02
  -5.410  0.2007E+01  0.1270E+02
  -5.400  0.1922E+01  0.1272E+02
  -5.390  0.1906E+01  0.1274E+02
  -5.380  0.1901E+01  0.1276E+02
  -5.370  0.1896E+01  0.1278E+02
  -5.360  0.1898E+01  0.1279E+02
  -5.350  0.1899E+01  0.1281E+02
  -5.340  0.1899E+01  0.1283E+02
  -5.330  0.1900E+01  0.1285E+02
  -5.320  0.1879E+01  0.1287E+02
  -5.310  0.1898E+01  0.1289E+02
  -5.300  0.1920E+01  0.1291E+02
  -5.290  0.1938E+01  0.1293E+02
  -5.280  0.1955E+01  0.1295E+02
  -5.270  0.1972E+01  0.1297E+02
  -5.260  0.1993E+01  0.1299E+02
  -5.250  0.2016E+01  0.1301E+02
  -5.240  0.2124E+01  0.1303E+02
  -5.230  0.2239E+01  0.1305E+02
  -5.220  0.2232E+01  0.1307E+02
  -5.210  0.2208E+01  0.1309E+02
  -5.200  0.2148E+01  0.1312E+02
  -5.190  0.1835E+01  0.1314E+02
  -5.180  0.1687E+01  0.1315E+02
  -5.170  0.1647E+01  0.1317E+02
  -5.160  0.1582E+01  0.1319E+02
  -5.150  0.1727E+01  0.1320E+02
  -5.140  0.1612E+01  0.1322E+02
  -5.130  0.1452E+01  0.1323E+02
  -5.120  0.1418E+01  0.1325E+02
  -5.110  0.1423E+01  0.1326E+02
  -5.100  0.1463E+01  0.1328E+02
  -5.090  0.1491E+01  0.1329E+02
  -5.080  0.1520E+01  0.1331E+02
  -5.070  0.1538E+01  0.1332E+02
  -5.060  0.1552E+01  0.1334E+02
  -5.050  0.1575E+01  0.1335E+02
  -5.040  0.1660E+01  0.1337E+02
  -5.030  0.1781E+01  0.1339E+02
  -5.020  0.1765E+01  0.1340E+02
  -5.010  0.1816E+01  0.1342E+02
  -5.000  0.1818E+01  0.1344E+02
  -4.990  0.1815E+01  0.1346E+02
  -4.980  0.1858E+01  0.1348E+02
  -4.970  0.1882E+01  0.1350E+02
  -4.960  0.1878E+01  0.1351E+02
  -4.950  0.1885E+01  0.1353E+02
  -4.940  0.1887E+01  0.1355E+02
  -4.930  0.1898E+01  0.1357E+02
  -4.920  0.2059E+01  0.1359E+02
  -4.910  0.2038E+01  0.1361E+02
  -4.900  0.2056E+01  0.1363E+02
  -4.890  0.2261E+01  0.1365E+02
  -4.880  0.2585E+01  0.1368E+02
  -4.870  0.2778E+01  0.1370E+02
  -4.860  0.3524E+01  0.1374E+02
  -4.850  0.3119E+01  0.1376E+02
  -4.840  0.1945E+01  0.1379E+02
  -4.830  0.1030E+01  0.1380E+02
  -4.820  0.1059E+01  0.1381E+02
  -4.810  0.1084E+01  0.1383E+02
  -4.800  0.1091E+01  0.1384E+02
  -4.790  0.1086E+01  0.1385E+02
  -4.780  0.1121E+01  0.1386E+02
  -4.770  0.1163E+01  0.1387E+02
  -4.760  0.1202E+01  0.1388E+02
  -4.750  0.1247E+01  0.1389E+02
  -4.740  0.1287E+01  0.1391E+02
  -4.730  0.1328E+01  0.1392E+02
  -4.720  0.1385E+01  0.1393E+02
  -4.710  0.1372E+01  0.1395E+02
  -4.700  0.1461E+01  0.1396E+02
  -4.690  0.1637E+01  0.1398E+02
  -4.680  0.1502E+01  0.1399E+02
  -4.670  0.1562E+01  0.1401E+02
  -4.660  0.1625E+01  0.1402E+02
  -4.650  0.1687E+01  0.1404E+02
  -4.640  0.2130E+01  0.1406E+02
  -4.630  0.2314E+01  0.1408E+02
  -4.620  0.2243E+01  0.1410E+02
  -4.610  0.2116E+01  0.1413E+02
  -4.600  0.1987E+01  0.1415E+02
  -4.590  0.1841E+01  0.1417E+02
  -4.580  0.1857E+01  0.1418E+02
  -4.570  0.1774E+01  0.1420E+02
  -4.560  0.1767E+01  0.1422E+02
  -4.550  0.1719E+01  0.1424E+02
  -4.540  0.1651E+01  0.1425E+02
  -4.530  0.1553E+01  0.1427E+02
  -4.520  0.1481E+01  0.1429E+02
  -4.510  0.1546E+01  0.1430E+02
  -4.500  0.1503E+01  0.1432E+02
  -4.490  0.1500E+01  0.1433E+02
  -4.480  0.1429E+01  0.1435E+02
  -4.470  0.1450E+01  0.1436E+02
  -4.460  0.1355E+01  0.1437E+02
  -4.450  0.1487E+01  0.1439E+02
  -4.440  0.1332E+01  0.1440E+02
  -4.430  0.1223E+01  0.1442E+02
  -4.420  0.7369E+00  0.1443E+02
  -4.410  0.7373E+00  0.1443E+02
  -4.400  0.7377E+00  0.1444E+02
  -4.390  0.7381E+00  0.1445E+02
  -4.380  0.7384E+00  0.1446E+02
  -4.370  0.7404E+00  0.1446E+02
  -4.360  0.7370E+00  0.1447E+02
  -4.350  0.7362E+00  0.1448E+02
  -4.340  0.7365E+00  0.1449E+02
  -4.330  0.7376E+00  0.1449E+02
  -4.320  0.7390E+00  0.1450E+02
  -4.310  0.7406E+00  0.1451E+02
  -4.300  0.7422E+00  0.1452E+02
  -4.290  0.7433E+00  0.1452E+02
  -4.280  0.7463E+00  0.1453E+02
  -4.270  0.7496E+00  0.1454E+02
  -4.260  0.7528E+00  0.1455E+02
  -4.250  0.7544E+00  0.1455E+02
  -4.240  0.7567E+00  0.1456E+02
  -4.230  0.7631E+00  0.1457E+02
  -4.220  0.7667E+00  0.1458E+02
  -4.210  0.7697E+00  0.1458E+02
  -4.200  0.7728E+00  0.1459E+02
  -4.190  0.7758E+00  0.1460E+02
  -4.180  0.7789E+00  0.1461E+02
  -4.170  0.7822E+00  0.1461E+02
  -4.160  0.7886E+00  0.1462E+02
  -4.150  0.7906E+00  0.1463E+02
  -4.140  0.7936E+00  0.1464E+02
  -4.130  0.7968E+00  0.1465E+02
  -4.120  0.8001E+00  0.1465E+02
  -4.110  0.8058E+00  0.1466E+02
  -4.100  0.8123E+00  0.1467E+02
  -4.090  0.8188E+00  0.1468E+02
  -4.080  0.8241E+00  0.1469E+02
  -4.070  0.8295E+00  0.1470E+02
  -4.060  0.8349E+00  0.1470E+02
  -4.050  0.8410E+00  0.1471E+02
  -4.040  0.8472E+00  0.1472E+02
  -4.030  0.8532E+00  0.1473E+02
  -4.020  0.8593E+00  0.1474E+02
  -4.010  0.8654E+00  0.1475E+02
  -4.000  0.8753E+00  0.1475E+02
  -3.990  0.8817E+00  0.1476E+02
  -3.980  0.1026E+01  0.1477E+02
  -3.970  0.1154E+01  0.1478E+02
  -3.960  0.1216E+01  0.1480E+02
  -3.950  0.1307E+01  0.1481E+02
  -3.940  0.1226E+01  0.1482E+02
  -3.930  0.1268E+01  0.1483E+02
  -3.920  0.1310E+01  0.1485E+02
  -3.910  0.1320E+01  0.1486E+02
  -3.900  0.1317E+01  0.1487E+02
  -3.890  0.1331E+01  0.1489E+02
  -3.880  0.1367E+01  0.1490E+02
  -3.870  0.1405E+01  0.1491E+02
  -3.860  0.1403E+01  0.1493E+02
  -3.850  0.1445E+01  0.1494E+02
  -3.840  0.1481E+01  0.1496E+02
  -3.830  0.1551E+01  0.1497E+02
  -3.820  0.1624E+01  0.1499E+02
  -3.810  0.1679E+01  0.1500E+02
  -3.800  0.1759E+01  0.1502E+02
  -3.790  0.1884E+01  0.1504E+02
  -3.780  0.1979E+01  0.1506E+02
  -3.770  0.2083E+01  0.1508E+02
  -3.760  0.2398E+01  0.1510E+02
  -3.750  0.2844E+01  0.1513E+02
  -3.740  0.2395E+01  0.1515E+02
  -3.730  0.2454E+01  0.1518E+02
  -3.720  0.1465E+01  0.1520E+02
  -3.710  0.1256E+01  0.1521E+02
  -3.700  0.1236E+01  0.1522E+02
  -3.690  0.1100E+01  0.1524E+02
  -3.680  0.1024E+01  0.1525E+02
  -3.670  0.9739E+00  0.1526E+02
  -3.660  0.1036E+01  0.1527E+02
  -3.650  0.9353E+00  0.1528E+02
  -3.640  0.8859E+00  0.1529E+02
  -3.630  0.8764E+00  0.1529E+02
  -3.620  0.8661E+00  0.1530E+02
  -3.610  0.8500E+00  0.1531E+02
  -3.600  0.8339E+00  0.1532E+02
  -3.590  0.8129E+00  0.1533E+02
  -3.580  0.8025E+00  0.1534E+02
  -3.570  0.7900E+00  0.1535E+02
  -3.560  0.7745E+00  0.1535E+02
  -3.550  0.7601E+00  0.1536E+02
  -3.540  0.7390E+00  0.1537E+02
  -3.530  0.7435E+00  0.1538E+02
  -3.520  0.7364E+00  0.1538E+02
  -3.510  0.7293E+00  0.1539E+02
  -3.500  0.9264E+00  0.1540E+02
  -3.490  0.7127E+00  0.1541E+02
  -3.480  0.1230E+01  0.1541E+02
  -3.470  0.1861E+01  0.1543E+02
  -3.460  0.2638E+01  0.1545E+02
  -3.450  0.2270E+01  0.1548E+02
  -3.440  0.1991E+01  0.1550E+02
  -3.430  0.1987E+01  0.1552E+02
  -3.420  0.1843E+01  0.1554E+02
  -3.410  0.1796E+01  0.1556E+02
  -3.400  0.1763E+01  0.1558E+02
  -3.390  0.1715E+01  0.1559E+02
  -3.380  0.1703E+01  0.1561E+02
  -3.370  0.1710E+01  0.1563E+02
  -3.360  0.1720E+01  0.1564E+02
  -3.350  0.1829E+01  0.1566E+02
  -3.340  0.1784E+01  0.1568E+02
  -3.330  0.1813E+01  0.1570E+02
  -3.320  0.1791E+01  0.1572E+02
  -3.310  0.1816E+01  0.1573E+02
  -3.300  0.1837E+01  0.1575E+02
  -3.290  0.1804E+01  0.1577E+02
  -3.280  0.1719E+01  0.1579E+02
  -3.270  0.1460E+01  0.1580E+02
  -3.260  0.1327E+01  0.1582E+02
  -3.250  0.1313E+01  0.1583E+02
  -3.240  0.1115E+01  0.1584E+02
  -3.230  0.1042E+01  0.1585E+02
  -3.220  0.2098E+01  0.1587E+02
  -3.210  0.2162E+01  0.1589E+02
  -3.200  0.2702E+01  0.1591E+02
  -3.190  0.2724E+01  0.1594E+02
  -3.180  0.2843E+01  0.1597E+02
  -3.170  0.3006E+01  0.1600E+02
  -3.160  0.2535E+01  0.1603E+02
  -3.150  0.2697E+01  0.1605E+02
  -3.140  0.2853E+01  0.1608E+02
  -3.130  0.3178E+01  0.1611E+02
  -3.120  0.3583E+01  0.1615E+02
  -3.110  0.3641E+01  0.1618E+02
  -3.100  0.3702E+01  0.1622E+02
  -3.090  0.3912E+01  0.1626E+02
  -3.080  0.3960E+01  0.1630E+02
  -3.070  0.3926E+01  0.1633E+02
  -3.060  0.3922E+01  0.1637E+02
  -3.050  0.3983E+01  0.1641E+02
  -3.040  0.4163E+01  0.1645E+02
  -3.030  0.4350E+01  0.1650E+02
  -3.020  0.4542E+01  0.1654E+02
  -3.010  0.4815E+01  0.1659E+02
  -3.000  0.5179E+01  0.1664E+02
  -2.990  0.5606E+01  0.1669E+02
  -2.980  0.6432E+01  0.1675E+02
  -2.970  0.1040E+02  0.1683E+02
  -2.960  0.6648E+01  0.1690E+02
  -2.950  0.6144E+01  0.1696E+02
  -2.940  0.5599E+01  0.1702E+02
  -2.930  0.5312E+01  0.1708E+02
  -2.920  0.5226E+01  0.1713E+02
  -2.910  0.4802E+01  0.1718E+02
  -2.900  0.4892E+01  0.1723E+02
  -2.890  0.4766E+01  0.1727E+02
  -2.880  0.4836E+01  0.1732E+02
  -2.870  0.4676E+01  0.1737E+02
  -2.860  0.4918E+01  0.1742E+02
  -2.850  0.4755E+01  0.1747E+02
  -2.840  0.5178E+01  0.1752E+02
  -2.830  0.5972E+01  0.1757E+02
  -2.820  0.7885E+01  0.1764E+02
  -2.810  0.2570E+01  0.1769E+02
  -2.800  0.2154E+01  0.1771E+02
  -2.790  0.1614E+01  0.1773E+02
  -2.780  0.5478E+00  0.1774E+02
  -2.770  0.5494E+00  0.1775E+02
  -2.760  0.5408E+00  0.1775E+02
  -2.750  0.5332E+00  0.1776E+02
  -2.740  0.5257E+00  0.1776E+02
  -2.730  0.5181E+00  0.1777E+02
  -2.720  0.5105E+00  0.1777E+02
  -2.710  0.5032E+00  0.1778E+02
  -2.700  0.5052E+00  0.1778E+02
  -2.690  0.5136E+00  0.1779E+02
  -2.680  0.5221E+00  0.1779E+02
  -2.670  0.5378E+00  0.1780E+02
  -2.660  0.5289E+00  0.1781E+02
  -2.650  0.5189E+00  0.1781E+02
  -2.640  0.5088E+00  0.1782E+02
  -2.630  0.4988E+00  0.1782E+02
  -2.620  0.4888E+00  0.1783E+02
  -2.610  0.4871E+00  0.1783E+02
  -2.600  0.4897E+00  0.1784E+02
  -2.590  0.4925E+00  0.1784E+02
  -2.580  0.4806E+00  0.1784E+02
  -2.570  0.5037E+00  0.1785E+02
  -2.560  0.4960E+00  0.1785E+02
  -2.550  0.4872E+00  0.1786E+02
  -2.540  0.4784E+00  0.1786E+02
  -2.530  0.4696E+00  0.1787E+02
  -2.520  0.4728E+00  0.1787E+02
  -2.510  0.4782E+00  0.1788E+02
  -2.500  0.4938E+00  0.1788E+02
  -2.490  0.4828E+00  0.1789E+02
  -2.480  0.4987E+00  0.1789E+02
  -2.470  0.4843E+00  0.1790E+02
  -2.460  0.4700E+00  0.1790E+02
  -2.450  0.4557E+00  0.1791E+02
  -2.440  0.4556E+00  0.1791E+02
  -2.430  0.4590E+00  0.1792E+02
  -2.420  0.4420E+00  0.1792E+02
  -2.410  0.4745E+00  0.1793E+02
  -2.400  0.4644E+00  0.1793E+02
  -2.390  0.4485E+00  0.1794E+02
  -2.380  0.4417E+00  0.1794E+02
  -2.370  0.4563E+00  0.1794E+02
  -2.360  0.4782E+00  0.1795E+02
  -2.350  0.4693E+00  0.1795E+02
  -2.340  0.4647E+00  0.1796E+02
  -2.330  0.4379E+00  0.1796E+02
  -2.320  0.4191E+00  0.1797E+02
  -2.310  0.4344E+00  0.1797E+02
  -2.300  0.4744E+00  0.1798E+02
  -2.290  0.4248E+00  0.1798E+02
  -2.280  0.5527E+00  0.1798E+02
  -2.270  0.4407E+00  0.1799E+02
  -2.260  0.3627E+00  0.1799E+02
  -2.250  0.2837E+00  0.1800E+02
  -2.240  0.1771E+00  0.1800E+02
  -2.230  0.0000E+00  0.1800E+02
  -2.220  0.0000E+00  0.1800E+02
  -2.210  0.0000E+00  0.1800E+02
  -2.200  0.0000E+00  0.1800E+02
  -2.190  0.0000E+00  0.1800E+02
  -2.180  0.0000E+00  0.1800E+02
  -2.170  0.0000E+00  0.1800E+02
  -2.160  0.0000E+00  0.1800E+02
  -2.150  0.0000E+00  0.1800E+02
  -2.140  0.0000E+00  0.1800E+02
  -2.130  0.0000E+00  0.1800E+02
  -2.120  0.0000E+00  0.1800E+02
  -2.110  0.0000E+00  0.1800E+02
  -2.100  0.0000E+00  0.1800E+02
  -2.090  0.0000E+00  0.1800E+02
  -2.080  0.0000E+00  0.1800E+02
  -2.070  0.0000E+00  0.1800E+02
  -2.060  0.0000E+00  0.1800E+02
  -2.050  0.0000E+00  0.1800E+02
  -2.040  0.0000E+00  0.1800E+02
  -2.030  0.0000E+00  0.1800E+02
  -2.020  0.0000E+00  0.1800E+02
  -2.010  0.0000E+00  0.1800E+02
  -2.000  0.0000E+00  0.1800E+02
  -1.990  0.0000E+00  0.1800E+02
  -1.980  0.0000E+00  0.1800E+02
  -1.970  0.0000E+00  0.1800E+02
  -1.960  0.0000E+00  0.1800E+02
  -1.950  0.0000E+00  0.1800E+02
  -1.940  0.0000E+00  0.1800E+02
  -1.930  0.0000E+00  0.1800E+02
  -1.920  0.0000E+00  0.1800E+02
  -1.910  0.0000E+00  0.1800E+02
  -1.900  0.0000E+00  0.1800E+02
  -1.890  0.0000E+00  0.1800E+02
  -1.880  0.0000E+00  0.1800E+02
  -1.870  0.0000E+00  0.1800E+02
  -1.860  0.0000E+00  0.1800E+02
  -1.850  0.0000E+00  0.1800E+02
  -1.840  0.0000E+00  0.1800E+02
  -1.830  0.0000E+00  0.1800E+02
  -1.820  0.0000E+00  0.1800E+02
  -1.810  0.0000E+00  0.1800E+02
  -1.800  0.0000E+00  0.1800E+02
  -1.790  0.0000E+00  0.1800E+02
  -1.780  0.0000E+00  0.1800E+02
  -1.770  0.0000E+00  0.1800E+02
  -1.760  0.0000E+00  0.1800E+02
  -1.750  0.0000E+00  0.1800E+02
  -1.740  0.0000E+00  0.1800E+02
  -1.730  0.0000E+00  0.1800E+02
  -1.720  0.0000E+00  0.1800E+02
  -1.710  0.0000E+00  0.1800E+02
  -1.700  0.0000E+00  0.1800E+02
  -1.690  0.0000E+00  0.1800E+02
  -1.680  0.0000E+00  0.1800E+02
  -1.670  0.0000E+00  0.1800E+02
  -1.660  0.0000E+00  0.1800E+02
  -1.650  0.0000E+00  0.1800E+02
  -1.640  0.0000E+00  0.1800E+02
  -1.630  0.0000E+00  0.1800E+02
  -1.620  0.0000E+00  0.1800E+02
  -1.610  0.0000E+00  0.1800E+02
  -1.600  0.0000E+00  0.1800E+02
  -1.590  0.0000E+00  0.1800E+02
  -1.580  0.0000E+00  0.1800E+02
  -1.570  0.0000E+00  0.1800E+02
  -1.560  0.0000E+00  0.1800E+02
  -1.550  0.0000E+00  0.1800E+02
  -1.540  0.0000E+00  0.1800E+02
  -1.530  0.0000E+00  0.1800E+02
  -1.520  0.0000E+00  0.1800E+02
  -1.510  0.0000E+00  0.1800E+02
  -1.500  0.0000E+00  0.1800E+02
  -1.490  0.0000E+00  0.1800E+02
  -1.480  0.0000E+00  0.1800E+02
  -1.470  0.0000E+00  0.1800E+02
  -1.460  0.0000E+00  0.1800E+02
  -1.450  0.0000E+00  0.1800E+02
  -1.440  0.0000E+00  0.1800E+02
  -1.430  0.0000E+00  0.1800E+02
  -1.420  0.0000E+00  0.1800E+02
  -1.410  0.0000E+00  0.1800E+02
  -1.400  0.0000E+00  0.1800E+02
  -1.390  0.0000E+00  0.1800E+02
  -1.380  0.0000E+00  0.1800E+02
  -1.370  0.0000E+00  0.1800E+02
  -1.360  0.0000E+00  0.1800E+02
  -1.350  0.0000E+00  0.1800E+02
  -1.340  0.0000E+00  0.1800E+02
  -1.330  0.0000E+00  0.1800E+02
  -1.320  0.0000E+00  0.1800E+02
  -1.310  0.0000E+00  0.1800E+02
  -1.300  0.0000E+00  0.1800E+02
  -1.290  0.0000E+00  0.1800E+02
  -1.280  0.0000E+00  0.1800E+02
  -1.270  0.0000E+00  0.1800E+02
  -1.260  0.0000E+00  0.1800E+02
  -1.250  0.0000E+00  0.1800E+02
  -1.240  0.0000E+00  0.1800E+02
  -1.230  0.0000E+00  0.1800E+02
  -1.220  0.0000E+00  0.1800E+02
  -1.210  0.0000E+00  0.1800E+02
  -1.200  0.0000E+00  0.1800E+02
  -1.190  0.0000E+00  0.1800E+02
  -1.180  0.0000E+00  0.1800E+02
  -1.170  0.0000E+00  0.1800E+02
  -1.160  0.0000E+00  0.1800E+02
  -1.150  0.0000E+00  0.1800E+02
  -1.140  0.0000E+00  0.1800E+02
  -1.130  0.0000E+00  0.1800E+02
  -1.120  0.0000E+00  0.1800E+02
  -1.110  0.0000E+00  0.1800E+02
  -1.100  0.0000E+00  0.1800E+02
  -1.090  0.0000E+00  0.1800E+02
  -1.080  0.0000E+00  0.1800E+02
  -1.070  0.0000E+00  0.1800E+02
  -1.060  0.0000E+00  0.1800E+02
  -1.050  0.0000E+00  0.1800E+02
  -1.040  0.0000E+00  0.1800E+02
  -1.030  0.0000E+00  0.1800E+02
  -1.020  0.0000E+00  0.1800E+02
  -1.010  0.0000E+00  0.1800E+02
  -1.000  0.0000E+00  0.1800E+02
  -0.990  0.0000E+00  0.1800E+02
  -0.980  0.0000E+00  0.1800E+02
  -0.970  0.0000E+00  0.1800E+02
  -0.960  0.0000E+00  0.1800E+02
  -0.950  0.0000E+00  0.1800E+02
  -0.940  0.0000E+00  0.1800E+02
  -0.930  0.0000E+00  0.1800E+02
  -0.920  0.0000E+00  0.1800E+02
  -0.910  0.0000E+00  0.1800E+02
  -0.900  0.0000E+00  0.1800E+02
  -0.890  0.0000E+00  0.1800E+02
  -0.880  0.0000E+00  0.1800E+02
  -0.870  0.0000E+00  0.1800E+02
  -0.860  0.0000E+00  0.1800E+02
  -0.850  0.0000E+00  0.1800E+02
  -0.840  0.0000E+00  0.1800E+02
  -0.830  0.0000E+00  0.1800E+02
  -0.820  0.0000E+00  0.1800E+02
  -0.810  0.0000E+00  0.1800E+02
  -0.800  0.0000E+00  0.1800E+02
  -0.790  0.3070E-01  0.1800E+02
  -0.780  0.1591E+00  0.1800E+02
  -0.770  0.1748E+00  0.1800E+02
  -0.760  0.1996E+00  0.1801E+02
  -0.750  0.2245E+00  0.1801E+02
  -0.740  0.2358E+00  0.1801E+02
  -0.730  0.1927E+00  0.1801E+02
  -0.720  0.2072E+00  0.1801E+02
  -0.710  0.2216E+00  0.1802E+02
  -0.700  0.2360E+00  0.1802E+02
  -0.690  0.2322E+00  0.1802E+02
  -0.680  0.2244E+00  0.1802E+02
  -0.670  0.2167E+00  0.1803E+02
  -0.660  0.2131E+00  0.1803E+02
  -0.650  0.2231E+00  0.1803E+02
  -0.640  0.6048E+00  0.1803E+02
  -0.630  0.8353E+00  0.1804E+02
  -0.620  0.9437E+00  0.1805E+02
  -0.610  0.1048E+01  0.1806E+02
  -0.600  0.9903E+00  0.1807E+02
  -0.590  0.9294E+00  0.1808E+02
  -0.580  0.9915E+00  0.1809E+02
  -0.570  0.1055E+01  0.1810E+02
  -0.560  0.1072E+01  0.1811E+02
  -0.550  0.1038E+01  0.1812E+02
  -0.540  0.1009E+01  0.1813E+02
  -0.530  0.1063E+01  0.1814E+02
  -0.520  0.1054E+01  0.1816E+02
  -0.510  0.1032E+01  0.1817E+02
  -0.500  0.1080E+01  0.1818E+02
  -0.490  0.1278E+01  0.1819E+02
  -0.480  0.1440E+01  0.1820E+02
  -0.470  0.1457E+01  0.1822E+02
  -0.460  0.1541E+01  0.1823E+02
  -0.450  0.1639E+01  0.1825E+02
  -0.440  0.1593E+01  0.1827E+02
  -0.430  0.1649E+01  0.1828E+02
  -0.420  0.1726E+01  0.1830E+02
  -0.410  0.1695E+01  0.1832E+02
  -0.400  0.1796E+01  0.1833E+02
  -0.390  0.1893E+01  0.1835E+02
  -0.380  0.1920E+01  0.1837E+02
  -0.370  0.2005E+01  0.1839E+02
  -0.360  0.2035E+01  0.1841E+02
  -0.350  0.2254E+01  0.1843E+02
  -0.340  0.2586E+01  0.1846E+02
  -0.330  0.3230E+01  0.1848E+02
  -0.320  0.2511E+01  0.1851E+02
  -0.310  0.2243E+01  0.1853E+02
  -0.300  0.2084E+01  0.1856E+02
  -0.290  0.1880E+01  0.1858E+02
  -0.280  0.1827E+01  0.1859E+02
  -0.270  0.1687E+01  0.1861E+02
  -0.260  0.1617E+01  0.1863E+02
  -0.250  0.1563E+01  0.1864E+02
  -0.240  0.1535E+01  0.1866E+02
  -0.230  0.1513E+01  0.1867E+02
  -0.220  0.1483E+01  0.1869E+02
  -0.210  0.1427E+01  0.1870E+02
  -0.200  0.1412E+01  0.1872E+02
  -0.190  0.1391E+01  0.1873E+02
  -0.180  0.1367E+01  0.1875E+02
  -0.170  0.1337E+01  0.1876E+02
  -0.160  0.1303E+01  0.1877E+02
  -0.150  0.1273E+01  0.1879E+02
  -0.140  0.1255E+01  0.1880E+02
  -0.130  0.1239E+01  0.1881E+02
  -0.120  0.1224E+01  0.1882E+02
  -0.110  0.1210E+01  0.1884E+02
  -0.100  0.1191E+01  0.1885E+02
  -0.090  0.1165E+01  0.1886E+02
  -0.080  0.1158E+01  0.1887E+02
  -0.070  0.1157E+01  0.1888E+02
  -0.060  0.1150E+01  0.1889E+02
  -0.050  0.1141E+01  0.1891E+02
  -0.040  0.1129E+01  0.1892E+02
  -0.030  0.1116E+01  0.1893E+02
  -0.020  0.1095E+01  0.1894E+02
  -0.010  0.1080E+01  0.1895E+02
   0.000  0.1073E+01  0.1896E+02
   0.010  0.1069E+01  0.1897E+02
   0.020  0.1063E+01  0.1898E+02
   0.030  0.1056E+01  0.1899E+02
   0.040  0.1050E+01  0.1900E+02
   0.050  0.1043E+01  0.1901E+02
   0.060  0.1022E+01  0.1902E+02
   0.070  0.1018E+01  0.1903E+02
   0.080  0.1015E+01  0.1904E+02
   0.090  0.1018E+01  0.1905E+02
   0.100  0.1014E+01  0.1906E+02
   0.110  0.1011E+01  0.1907E+02
   0.120  0.1007E+01  0.1908E+02
   0.130  0.9950E+00  0.1909E+02
   0.140  0.9866E+00  0.1910E+02
   0.150  0.9778E+00  0.1911E+02
   0.160  0.9710E+00  0.1912E+02
   0.170  0.9695E+00  0.1913E+02
   0.180  0.9681E+00  0.1914E+02
   0.190  0.9667E+00  0.1915E+02
   0.200  0.9642E+00  0.1916E+02
   0.210  0.9610E+00  0.1917E+02
   0.220  0.9614E+00  0.1918E+02
   0.230  0.9566E+00  0.1919E+02
   0.240  0.9493E+00  0.1920E+02
   0.250  0.9475E+00  0.1921E+02
   0.260  0.9512E+00  0.1922E+02
   0.270  0.9506E+00  0.1923E+02
   0.280  0.9500E+00  0.1924E+02
   0.290  0.9448E+00  0.1925E+02
   0.300  0.9412E+00  0.1926E+02
   0.310  0.9383E+00  0.1927E+02
   0.320  0.9347E+00  0.1928E+02
   0.330  0.9316E+00  0.1929E+02
   0.340  0.9308E+00  0.1930E+02
   0.350  0.9300E+00  0.1931E+02
   0.360  0.9337E+00  0.1931E+02
   0.370  0.9355E+00  0.1932E+02
   0.380  0.9364E+00  0.1933E+02
   0.390  0.9373E+00  0.1934E+02
   0.400  0.9381E+00  0.1935E+02
   0.410  0.9388E+00  0.1936E+02
   0.420  0.9481E+00  0.1937E+02
   0.430  0.9461E+00  0.1938E+02
   0.440  0.9509E+00  0.1939E+02
   0.450  0.9480E+00  0.1940E+02
   0.460  0.9465E+00  0.1941E+02
   0.470  0.9483E+00  0.1942E+02
   0.480  0.9503E+00  0.1943E+02
   0.490  0.9542E+00  0.1944E+02
   0.500  0.9604E+00  0.1945E+02
   0.510  0.9665E+00  0.1946E+02
   0.520  0.9744E+00  0.1947E+02
   0.530  0.9828E+00  0.1948E+02
   0.540  0.9895E+00  0.1949E+02
   0.550  0.9932E+00  0.1950E+02
   0.560  0.9969E+00  0.1951E+02
   0.570  0.1018E+01  0.1952E+02
   0.580  0.1032E+01  0.1953E+02
   0.590  0.1046E+01  0.1954E+02
   0.600  0.1060E+01  0.1955E+02
   0.610  0.1071E+01  0.1956E+02
   0.620  0.1109E+01  0.1957E+02
   0.630  0.1140E+01  0.1958E+02
   0.640  0.1173E+01  0.1959E+02
   0.650  0.1209E+01  0.1960E+02
   0.660  0.1260E+01  0.1962E+02
   0.670  0.1421E+01  0.1963E+02
   0.680  0.1537E+01  0.1964E+02
   0.690  0.1427E+01  0.1966E+02
   0.700  0.1585E+01  0.1967E+02
   0.710  0.1241E+01  0.1969E+02
   0.720  0.1166E+01  0.1970E+02
   0.730  0.1090E+01  0.1971E+02
   0.740  0.1021E+01  0.1972E+02
   0.750  0.9579E+00  0.1973E+02
   0.760  0.9191E+00  0.1974E+02
   0.770  0.9439E+00  0.1975E+02
   0.780  0.9109E+00  0.1976E+02
   0.790  0.8493E+00  0.1977E+02
   0.800  0.8212E+00  0.1978E+02
   0.810  0.7924E+00  0.1978E+02
   0.820  0.7637E+00  0.1979E+02
   0.830  0.7350E+00  0.1980E+02
   0.840  0.7303E+00  0.1981E+02
   0.850  0.7583E+00  0.1981E+02
   0.860  0.7809E+00  0.1982E+02
   0.870  0.6887E+00  0.1983E+02
   0.880  0.6633E+00  0.1984E+02
   0.890  0.6378E+00  0.1984E+02
   0.900  0.6123E+00  0.1985E+02
   0.910  0.5891E+00  0.1985E+02
   0.920  0.5884E+00  0.1986E+02
   0.930  0.5886E+00  0.1987E+02
   0.940  0.5926E+00  0.1987E+02
   0.950  0.5588E+00  0.1988E+02
   0.960  0.5409E+00  0.1988E+02
   0.970  0.5282E+00  0.1989E+02
   0.980  0.5156E+00  0.1989E+02
   0.990  0.5030E+00  0.1990E+02
   1.000  0.4822E+00  0.1990E+02
   1.010  0.4614E+00  0.1991E+02
   1.020  0.4405E+00  0.1991E+02
   1.030  0.4288E+00  0.1992E+02
   1.040  0.4832E+00  0.1992E+02
   1.050  0.5094E+00  0.1993E+02
   1.060  0.4228E+00  0.1993E+02
   1.070  0.4044E+00  0.1994E+02
   1.080  0.3864E+00  0.1994E+02
   1.090  0.3685E+00  0.1994E+02
   1.100  0.3505E+00  0.1995E+02
   1.110  0.3473E+00  0.1995E+02
   1.120  0.3562E+00  0.1995E+02
   1.130  0.3494E+00  0.1996E+02
   1.140  0.3335E+00  0.1996E+02
   1.150  0.3176E+00  0.1996E+02
   1.160  0.3017E+00  0.1997E+02
   1.170  0.3184E+00  0.1997E+02
   1.180  0.3059E+00  0.1997E+02
   1.190  0.2927E+00  0.1998E+02
   1.200  0.2795E+00  0.1998E+02
   1.210  0.2663E+00  0.1998E+02
   1.220  0.2530E+00  0.1998E+02
   1.230  0.2398E+00  0.1999E+02
   1.240  0.2614E+00  0.1999E+02
   1.250  0.2844E+00  0.1999E+02
   1.260  0.1455E+00  0.2000E+02
   1.270  0.1228E+00  0.2000E+02
   1.280  0.1010E+00  0.2000E+02
   1.290  0.7906E-01  0.2000E+02
   1.300  0.5718E-01  0.2000E+02
   1.310  0.3529E-01  0.2000E+02
   1.320  0.1340E-01  0.2000E+02
   1.330  0.0000E+00  0.2000E+02
   1.340  0.0000E+00  0.2000E+02
   1.350  0.0000E+00  0.2000E+02
   1.360  0.0000E+00  0.2000E+02
   1.370  0.0000E+00  0.2000E+02
   1.380  0.0000E+00  0.2000E+02
   1.390  0.0000E+00  0.2000E+02
   1.400  0.0000E+00  0.2000E+02
   1.410  0.0000E+00  0.2000E+02
   1.420  0.0000E+00  0.2000E+02
   1.430  0.0000E+00  0.2000E+02
   1.440  0.0000E+00  0.2000E+02
   1.450  0.0000E+00  0.2000E+02
   1.460  0.0000E+00  0.2000E+02
   1.470  0.0000E+00  0.2000E+02
   1.480  0.0000E+00  0.2000E+02
   1.490  0.0000E+00  0.2000E+02
   1.500  0.0000E+00  0.2000E+02
   1.510  0.0000E+00  0.2000E+02
   1.520  0.0000E+00  0.2000E+02
   1.530  0.0000E+00  0.2000E+02
   1.540  0.0000E+00  0.2000E+02
   1.550  0.0000E+00  0.2000E+02
   1.560  0.0000E+00  0.2000E+02
   1.570  0.0000E+00  0.2000E+02
   1.580  0.0000E+00  0.2000E+02
   1.590  0.0000E+00  0.2000E+02
   1.600  0.0000E+00  0.2000E+02
   1.610  0.0000E+00  0.2000E+02
   1.620  0.0000E+00  0.2000E+02
   1.630  0.0000E+00  0.2000E+02
   1.640  0.0000E+00  0.2000E+02
   1.650  0.0000E+00  0.2000E+02
   1.660  0.0000E+00  0.2000E+02
   1.670  0.0000E+00  0.2000E+02
   1.680  0.0000E+00  0.2000E+02
   1.690  0.0000E+00  0.2000E+02
   1.700  0.0000E+00  0.2000E+02
   1.710  0.0000E+00  0.2000E+02
   1.720  0.0000E+00  0.2000E+02
   1.730  0.0000E+00  0.2000E+02
   1.740  0.0000E+00  0.2000E+02
   1.750  0.0000E+00  0.2000E+02
   1.760  0.0000E+00  0.2000E+02
   1.770  0.0000E+00  0.2000E+02
   1.780  0.0000E+00  0.2000E+02
   1.790  0.0000E+00  0.2000E+02
   1.800  0.0000E+00  0.2000E+02
   1.810  0.0000E+00  0.2000E+02
   1.820  0.0000E+00  0.2000E+02
   1.830  0.0000E+00  0.2000E+02
   1.840  0.0000E+00  0.2000E+02
   1.850  0.0000E+00  0.2000E+02
   1.860  0.0000E+00  0.2000E+02
   1.870  0.0000E+00  0.2000E+02
   1.880  0.0000E+00  0.2000E+02
   1.890  0.0000E+00  0.2000E+02
   1.900  0.0000E+00  0.2000E+02
   1.910  0.0000E+00  0.2000E+02
   1.920  0.0000E+00  0.2000E+02
   1.930  0.0000E+00  0.2000E+02
   1.940  0.0000E+00  0.2000E+02
   1.950  0.0000E+00  0.2000E+02
   1.960  0.0000E+00  0.2000E+02
   1.970  0.0000E+00  0.2000E+02
   1.980  0.0000E+00  0.2000E+02
   1.990  0.0000E+00  0.2000E+02
   2.000  0.0000E+00  0.2000E+02
   2.010  0.0000E+00  0.2000E+02
   2.020  0.0000E+00  0.2000E+02
   2.030  0.0000E+00  0.2000E+02
   2.040  0.0000E+00  0.2000E+02
   2.050  0.0000E+00  0.2000E+02
   2.060  0.0000E+00  0.2000E+02
   2.070  0.0000E+00  0.2000E+02
   2.080  0.0000E+00  0.2000E+02
   2.090  0.0000E+00  0.2000E+02
   2.100  0.0000E+00  0.2000E+02
   2.110  0.0000E+00  0.2000E+02
   2.120  0.0000E+00  0.2000E+02
   2.130  0.0000E+00  0.2000E+02
   2.140  0.0000E+00  0.2000E+02
   2.150  0.0000E+00  0.2000E+02
   2.160  0.0000E+00  0.2000E+02
   2.170  0.0000E+00  0.2000E+02
   2.180  0.0000E+00  0.2000E+02
   2.190  0.0000E+00  0.2000E+02
   2.200  0.0000E+00  0.2000E+02
   2.210  0.0000E+00  0.2000E+02
   2.220  0.0000E+00  0.2000E+02
   2.230  0.0000E+00  0.2000E+02
   2.240  0.0000E+00  0.2000E+02
   2.250  0.0000E+00  0.2000E+02
   2.260  0.0000E+00  0.2000E+02
   2.270  0.0000E+00  0.2000E+02
   2.280  0.0000E+00  0.2000E+02
   2.290  0.0000E+00  0.2000E+02
   2.300  0.0000E+00  0.2000E+02
   2.310  0.0000E+00  0.2000E+02
   2.320  0.0000E+00  0.2000E+02
   2.330  0.0000E+00  0.2000E+02
   2.340  0.0000E+00  0.2000E+02
   2.350  0.0000E+00  0.2000E+02
   2.360  0.0000E+00  0.2000E+02
   2.370  0.0000E+00  0.2000E+02
   2.380  0.0000E+00  0.2000E+02
   2.390  0.0000E+00  0.2000E+02
   2.400  0.0000E+00  0.2000E+02
   2.410  0.0000E+00  0.2000E+02
   2.420  0.0000E+00  0.2000E+02
   2.430  0.0000E+00  0.2000E+02
   2.440  0.0000E+00  0.2000E+02
   2.450  0.0000E+00  0.2000E+02
   2.460  0.0000E+00  0.2000E+02
   2.470  0.0000E+00  0.2000E+02
   2.480  0.0000E+00  0.2000E+02
   2.490  0.0000E+00  0.2000E+02
   2.500  0.0000E+00  0.2000E+02
   2.510  0.0000E+00  0.2000E+02
   2.520  0.0000E+00  0.2000E+02
   2.530  0.0000E+00  0.2000E+02
   2.540  0.0000E+00  0.2000E+02
   2.550  0.0000E+00  0.2000E+02
   2.560  0.0000E+00  0.2000E+02
   2.570  0.0000E+00  0.2000E+02
   2.580  0.0000E+00  0.2000E+02
   2.590  0.0000E+00  0.2000E+02
   2.600  0.0000E+00  0.2000E+02
   2.610  0.0000E+00  0.2000E+02
   2.620  0.0000E+00  0.2000E+02
   2.630  0.0000E+00  0.2000E+02
   2.640  0.0000E+00  0.2000E+02
   2.650  0.0000E+00  0.2000E+02
   2.660  0.0000E+00  0.2000E+02
   2.670  0.0000E+00  0.2000E+02
   2.680  0.0000E+00  0.2000E+02
   2.690  0.0000E+00  0.2000E+02
   2.700  0.0000E+00  0.2000E+02
   2.710  0.0000E+00  0.2000E+02
   2.720  0.0000E+00  0.2000E+02
   2.730  0.0000E+00  0.2000E+02
   2.740  0.0000E+00  0.2000E+02
   2.750  0.0000E+00  0.2000E+02
   2.760  0.0000E+00  0.2000E+02
   2.770  0.0000E+00  0.2000E+02
   2.780  0.0000E+00  0.2000E+02
   2.790  0.0000E+00  0.2000E+02
   2.800  0.0000E+00  0.2000E+02
   2.810  0.0000E+00  0.2000E+02
   2.820  0.0000E+00  0.2000E+02
   2.830  0.0000E+00  0.2000E+02
   2.840  0.0000E+00  0.2000E+02
   2.850  0.0000E+00  0.2000E+02
   2.860  0.0000E+00  0.2000E+02
   2.870  0.0000E+00  0.2000E+02
   2.880  0.0000E+00  0.2000E+02
   2.890  0.0000E+00  0.2000E+02
   2.900  0.0000E+00  0.2000E+02
   2.910  0.0000E+00  0.2000E+02
   2.920  0.0000E+00  0.2000E+02
   2.930  0.0000E+00  0.2000E+02
   2.940  0.0000E+00  0.2000E+02
   2.950  0.0000E+00  0.2000E+02
   2.960  0.0000E+00  0.2000E+02
   2.970  0.0000E+00  0.2000E+02
   2.980  0.0000E+00  0.2000E+02
   2.990  0.0000E+00  0.2000E+02
   3.000  0.0000E+00  0.2000E+02
   3.010  0.0000E+00  0.2000E+02
   3.020  0.0000E+00  0.2000E+02
   3.030  0.0000E+00  0.2000E+02
   3.040  0.0000E+00  0.2000E+02
   3.050  0.0000E+00  0.2000E+02
   3.060  0.0000E+00  0.2000E+02
   3.070  0.0000E+00  0.2000E+02
   3.080  0.0000E+00  0.2000E+02
   3.090  0.0000E+00  0.2000E+02
   3.100  0.0000E+00  0.2000E+02
   3.110  0.0000E+00  0.2000E+02
   3.120  0.0000E+00  0.2000E+02
   3.130  0.0000E+00  0.2000E+02
   3.140  0.0000E+00  0.2000E+02
   3.150  0.0000E+00  0.2000E+02
   3.160  0.0000E+00  0.2000E+02
   3.170  0.0000E+00  0.2000E+02
   3.180  0.0000E+00  0.2000E+02
   3.190  0.0000E+00  0.2000E+02
   3.200  0.0000E+00  0.2000E+02
   3.210  0.0000E+00  0.2000E+02
   3.220  0.0000E+00  0.2000E+02
   3.230  0.0000E+00  0.2000E+02
   3.240  0.0000E+00  0.2000E+02
   3.250  0.0000E+00  0.2000E+02
   3.260  0.0000E+00  0.2000E+02
   3.270  0.0000E+00  0.2000E+02
   3.280  0.0000E+00  0.2000E+02
   3.290  0.0000E+00  0.2000E+02
   3.300  0.0000E+00  0.2000E+02
   3.310  0.0000E+00  0.2000E+02
   3.320  0.0000E+00  0.2000E+02
   3.330  0.0000E+00  0.2000E+02
   3.340  0.0000E+00  0.2000E+02
   3.350  0.0000E+00  0.2000E+02
   3.360  0.0000E+00  0.2000E+02
   3.370  0.0000E+00  0.2000E+02
   3.380  0.0000E+00  0.2000E+02
   3.390  0.0000E+00  0.2000E+02
   3.400  0.0000E+00  0.2000E+02
   3.410  0.0000E+00  0.2000E+02
   3.420  0.0000E+00  0.2000E+02
   3.430  0.0000E+00  0.2000E+02
   3.440  0.0000E+00  0.2000E+02
   3.450  0.0000E+00  0.2000E+02
   3.460  0.0000E+00  0.2000E+02
   3.470  0.0000E+00  0.2000E+02
   3.480  0.0000E+00  0.2000E+02
   3.490  0.0000E+00  0.2000E+02
   3.500  0.0000E+00  0.2000E+02
   3.510  0.0000E+00  0.2000E+02
   3.520  0.0000E+00  0.2000E+02
   3.530  0.0000E+00  0.2000E+02
   3.540  0.0000E+00  0.2000E+02
   3.550  0.0000E+00  0.2000E+02
   3.560  0.0000E+00  0.2000E+02
   3.570  0.0000E+00  0.2000E+02
   3.580  0.0000E+00  0.2000E+02
   3.590  0.0000E+00  0.2000E+02
   3.600  0.0000E+00  0.2000E+02
   3.610  0.0000E+00  0.2000E+02
   3.620  0.0000E+00  0.2000E+02
   3.630  0.0000E+00  0.2000E+02
   3.640  0.0000E+00  0.2000E+02
   3.650  0.0000E+00  0.2000E+02
   3.660  0.0000E+00  0.2000E+02
   3.670  0.0000E+00  0.2000E+02
   3.680  0.0000E+00  0.2000E+02
   3.690  0.0000E+00  0.2000E+02
   3.700  0.0000E+00  0.2000E+02
   3.710  0.0000E+00  0.2000E+02
   3.720  0.0000E+00  0.2000E+02
   3.730  0.0000E+00  0.2000E+02
   3.740  0.0000E+00  0.2000E+02
   3.750  0.0000E+00  0.2000E+02
   3.760  0.0000E+00  0.2000E+02
   3.770  0.0000E+00  0.2000E+02
   3.780  0.0000E+00  0.2000E+02
   3.790  0.0000E+00  0.2000E+02
   3.800  0.0000E+00  0.2000E+02
   3.810  0.0000E+00  0.2000E+02
   3.820  0.0000E+00  0.2000E+02
   3.830  0.0000E+00  0.2000E+02
   3.840  0.0000E+00  0.2000E+02
   3.850  0.0000E+00  0.2000E+02
   3.860  0.0000E+00  0.2000E+02
   3.870  0.0000E+00  0.2000E+02
   3.880  0.0000E+00  0.2000E+02
   3.890  0.0000E+00  0.2000E+02
   3.900  0.0000E+00  0.2000E+02
   3.910  0.0000E+00  0.2000E+02
   3.920  0.0000E+00  0.2000E+02
   3.930  0.0000E+00  0.2000E+02
   3.940  0.0000E+00  0.2000E+02
   3.950  0.0000E+00  0.2000E+02
   3.960  0.0000E+00  0.2000E+02
   3.970  0.0000E+00  0.2000E+02
   3.980  0.0000E+00  0.2000E+02
   3.990  0.0000E+00  0.2000E+02
   4.000  0.0000E+00  0.2000E+02
   4.010  0.0000E+00  0.2000E+02
   4.020  0.0000E+00  0.2000E+02
   4.030  0.0000E+00  0.2000E+02
   4.040  0.0000E+00  0.2000E+02
   4.050  0.0000E+00  0.2000E+02
   4.060  0.0000E+00  0.2000E+02
   4.070  0.0000E+00  0.2000E+02
   4.080  0.0000E+00  0.2000E+02
   4.090  0.0000E+00  0.2000E+02
   4.100  0.0000E+00  0.2000E+02
   4.110  0.0000E+00  0.2000E+02
   4.120  0.0000E+00  0.2000E+02
   4.130  0.0000E+00  0.2000E+02
   4.140  0.0000E+00  0.2000E+02
   4.150  0.0000E+00  0.2000E+02
   4.160  0.0000E+00  0.2000E+02
   4.170  0.0000E+00  0.2000E+02
   4.180  0.0000E+00  0.2000E+02
   4.190  0.0000E+00  0.2000E+02
   4.200  0.0000E+00  0.2000E+02
   4.210  0.0000E+00  0.2000E+02
   4.220  0.0000E+00  0.2000E+02
   4.230  0.0000E+00  0.2000E+02
   4.240  0.0000E+00  0.2000E+02
   4.250  0.0000E+00  0.2000E+02
   4.260  0.0000E+00  0.2000E+02
   4.270  0.0000E+00  0.2000E+02
   4.280  0.0000E+00  0.2000E+02
   4.290  0.0000E+00  0.2000E+02
   4.300  0.0000E+00  0.2000E+02
   4.310  0.0000E+00  0.2000E+02
   4.320  0.0000E+00  0.2000E+02
   4.330  0.0000E+00  0.2000E+02
   4.340  0.0000E+00  0.2000E+02
   4.350  0.0000E+00  0.2000E+02
   4.360  0.0000E+00  0.2000E+02
   4.370  0.0000E+00  0.2000E+02
   4.380  0.0000E+00  0.2000E+02
   4.390  0.0000E+00  0.2000E+02
   4.400  0.0000E+00  0.2000E+02
   4.410  0.0000E+00  0.2000E+02
   4.420  0.0000E+00  0.2000E+02
   4.430  0.0000E+00  0.2000E+02
   4.440  0.0000E+00  0.2000E+02
   4.450  0.0000E+00  0.2000E+02
   4.460  0.0000E+00  0.2000E+02
   4.470  0.0000E+00  0.2000E+02
   4.480  0.0000E+00  0.2000E+02
   4.490  0.0000E+00  0.2000E+02
   4.500  0.0000E+00  0.2000E+02
   4.510  0.0000E+00  0.2000E+02
   4.520  0.0000E+00  0.2000E+02
   4.530  0.0000E+00  0.2000E+02
   4.540  0.0000E+00  0.2000E+02
   4.550  0.0000E+00  0.2000E+02
   4.560  0.0000E+00  0.2000E+02
   4.570  0.0000E+00  0.2000E+02
   4.580  0.0000E+00  0.2000E+02
   4.590  0.0000E+00  0.2000E+02
   4.600  0.0000E+00  0.2000E+02
   4.610  0.0000E+00  0.2000E+02
   4.620  0.0000E+00  0.2000E+02
   4.630  0.0000E+00  0.2000E+02
   4.640  0.0000E+00  0.2000E+02
   4.650  0.0000E+00  0.2000E+02
   4.660  0.0000E+00  0.2000E+02
   4.670  0.0000E+00  0.2000E+02
   4.680  0.0000E+00  0.2000E+02
   4.690  0.0000E+00  0.2000E+02
   4.700  0.0000E+00  0.2000E+02
   4.710  0.0000E+00  0.2000E+02
   4.720  0.0000E+00  0.2000E+02
   4.730  0.0000E+00  0.2000E+02
   4.740  0.0000E+00  0.2000E+02
   4.750  0.0000E+00  0.2000E+02
   4.760  0.0000E+00  0.2000E+02
   4.770  0.0000E+00  0.2000E+02
   4.780  0.0000E+00  0.2000E+02
   4.790  0.0000E+00  0.2000E+02
   4.800  0.0000E+00  0.2000E+02
   4.810  0.0000E+00  0.2000E+02
   4.820  0.0000E+00  0.2000E+02
   4.830  0.0000E+00  0.2000E+02
   4.840  0.0000E+00  0.2000E+02
   4.850  0.0000E+00  0.2000E+02
   4.860  0.0000E+00  0.2000E+02
   4.870  0.0000E+00  0.2000E+02
   4.880  0.0000E+00  0.2000E+02
   4.890  0.0000E+00  0.2000E+02
   4.900  0.0000E+00  0.2000E+02
   4.910  0.0000E+00  0.2000E+02
   4.920  0.0000E+00  0.2000E+02
   4.930  0.0000E+00  0.2000E+02
   4.940  0.0000E+00  0.2000E+02
   4.950  0.0000E+00  0.2000E+02
   4.960  0.0000E+00  0.2000E+02
   4.970  0.0000E+00  0.2000E+02
   4.980  0.0000E+00  0.2000E+02
   4.990  0.0000E+00  0.2000E+02
   5.000  0.0000E+00  0.2000E+02
   5.010  0.0000E+00  0.2000E+02
   5.020  0.0000E+00  0.2000E+02
   5.030  0.0000E+00  0.2000E+02
   5.040  0.0000E+00  0.2000E+02
   5.050  0.0000E+00  0.2000E+02
   5.060  0.0000E+00  0.2000E+02
   5.070  0.0000E+00  0.2000E+02
   5.080  0.0000E+00  0.2000E+02
   5.090  0.0000E+00  0.2000E+02
   5.100  0.0000E+00  0.2000E+02
   5.110  0.0000E+00  0.2000E+02
   5.120  0.0000E+00  0.2000E+02
   5.130  0.0000E+00  0.2000E+02
   5.140  0.0000E+00  0.2000E+02
   5.150  0.0000E+00  0.2000E+02
   5.160  0.0000E+00  0.2000E+02
   5.170  0.0000E+00  0.2000E+02
   5.180  0.0000E+00  0.2000E+02
   5.190  0.0000E+00  0.2000E+02
   5.200  0.0000E+00  0.2000E+02
   5.210  0.0000E+00  0.2000E+02
   5.220  0.0000E+00  0.2000E+02
   5.230  0.0000E+00  0.2000E+02
   5.240  0.0000E+00  0.2000E+02
   5.250  0.0000E+00  0.2000E+02
   5.260  0.0000E+00  0.2000E+02
   5.270  0.0000E+00  0.2000E+02
   5.280  0.0000E+00  0.2000E+02
   5.290  0.0000E+00  0.2000E+02
   5.300  0.0000E+00  0.2000E+02
   5.310  0.0000E+00  0.2000E+02
   5.320  0.0000E+00  0.2000E+02
   5.330  0.0000E+00  0.2000E+02
   5.340  0.0000E+00  0.2000E+02
   5.350  0.0000E+00  0.2000E+02
   5.360  0.0000E+00  0.2000E+02
   5.370  0.0000E+00  0.2000E+02
   5.380  0.0000E+00  0.2000E+02
   5.390  0.0000E+00  0.2000E+02
   5.400  0.0000E+00  0.2000E+02
   5.410  0.0000E+00  0.2000E+02
   5.420  0.0000E+00  0.2000E+02
   5.430  0.0000E+00  0.2000E+02
   5.440  0.0000E+00  0.2000E+02
   5.450  0.0000E+00  0.2000E+02
   5.460  0.0000E+00  0.2000E+02
   5.470  0.0000E+00  0.2000E+02
   5.480  0.0000E+00  0.2000E+02
   5.490  0.0000E+00  0.2000E+02
   5.500  0.0000E+00  0.2000E+02
   5.510  0.0000E+00  0.2000E+02
   5.520  0.0000E+00  0.2000E+02
   5.530  0.0000E+00  0.2000E+02
   5.540  0.0000E+00  0.2000E+02
   5.550  0.0000E+00  0.2000E+02
   5.560  0.0000E+00  0.2000E+02
   5.570  0.0000E+00  0.2000E+02
   5.580  0.0000E+00  0.2000E+02
   5.590  0.0000E+00  0.2000E+02
   5.600  0.0000E+00  0.2000E+02
   5.610  0.0000E+00  0.2000E+02
   5.620  0.0000E+00  0.2000E+02
   5.630  0.0000E+00  0.2000E+02
   5.640  0.0000E+00  0.2000E+02
   5.650  0.0000E+00  0.2000E+02
   5.660  0.0000E+00  0.2000E+02
   5.670  0.0000E+00  0.2000E+02
   5.680  0.0000E+00  0.2000E+02
   5.690  0.0000E+00  0.2000E+02
   5.700  0.0000E+00  0.2000E+02
   5.710  0.0000E+00  0.2000E+02
   5.720  0.0000E+00  0.2000E+02
   5.730  0.0000E+00  0.2000E+02
   5.740  0.0000E+00  0.2000E+02
   5.750  0.0000E+00  0.2000E+02
   5.760  0.0000E+00  0.2000E+02
   5.770  0.0000E+00  0.2000E+02
   5.780  0.0000E+00  0.2000E+02
   5.790  0.0000E+00  0.2000E+02
   5.800  0.0000E+00  0.2000E+02
   5.810  0.0000E+00  0.2000E+02
   5.820  0.0000E+00  0.2000E+02
   5.830  0.0000E+00  0.2000E+02
   5.840  0.0000E+00  0.2000E+02
   5.850  0.0000E+00  0.2000E+02
   5.860  0.0000E+00  0.2000E+02
   5.870  0.0000E+00  0.2000E+02
   5.880  0.0000E+00  0.2000E+02
   5.890  0.0000E+00  0.2000E+02
   5.900  0.0000E+00  0.2000E+02
   5.910  0.0000E+00  0.2000E+02
   5.920  0.0000E+00  0.2000E+02
   5.930  0.0000E+00  0.2000E+02
   5.940  0.0000E+00  0.2000E+02
   5.950  0.0000E+00  0.2000E+02
   5.960  0.0000E+00  0.2000E+02
   5.970  0.0000E+00  0.2000E+02
   5.980  0.0000E+00  0.2000E+02
   5.990  0.0000E+00  0.2000E+02
   6.000  0.0000E+00  0.2000E+02
   6.010  0.0000E+00  0.2000E+02
   6.020  0.0000E+00  0.2000E+02
   6.030  0.0000E+00  0.2000E+02
   6.040  0.0000E+00  0.2000E+02
   6.050  0.0000E+00  0.2000E+02
   6.060  0.0000E+00  0.2000E+02
   6.070  0.0000E+00  0.2000E+02
   6.080  0.0000E+00  0.2000E+02
   6.090  0.0000E+00  0.2000E+02
   6.100  0.0000E+00  0.2000E+02
   6.110  0.0000E+00  0.2000E+02
   6.120  0.0000E+00  0.2000E+02
   6.130  0.0000E+00  0.2000E+02
   6.140  0.0000E+00  0.2000E+02
   6.150  0.0000E+00  0.2000E+02
   6.160  0.0000E+00  0.2000E+02
   6.170  0.0000E+00  0.2000E+02
   6.180  0.0000E+00  0.2000E+02
   6.190  0.0000E+00  0.2000E+02
   6.200  0.0000E+00  0.2000E+02
   6.210  0.0000E+00  0.2000E+02
   6.220  0.0000E+00  0.2000E+02
   6.230  0.0000E+00  0.2000E+02
   6.240  0.0000E+00  0.2000E+02
   6.250  0.0000E+00  0.2000E+02
   6.260  0.0000E+00  0.2000E+02
   6.270  0.0000E+00  0.2000E+02
   6.280  0.0000E+00  0.2000E+02
   6.290  0.0000E+00  0.2000E+02
   6.300  0.0000E+00  0.2000E+02
   6.310  0.0000E+00  0.2000E+02
   6.320  0.0000E+00  0.2000E+02
   6.330  0.0000E+00  0.2000E+02
   6.340  0.0000E+00  0.2000E+02
   6.350  0.0000E+00  0.2000E+02
   6.360  0.0000E+00  0.2000E+02
   6.370  0.0000E+00  0.2000E+02
   6.380  0.0000E+00  0.2000E+02
   6.390  0.0000E+00  0.2000E+02
   6.400  0.0000E+00  0.2000E+02
   6.410  0.0000E+00  0.2000E+02
   6.420  0.0000E+00  0.2000E+02
   6.430  0.0000E+00  0.2000E+02
   6.440  0.0000E+00  0.2000E+02
   6.450  0.0000E+00  0.2000E+02
   6.460  0.0000E+00  0.2000E+02
   6.470  0.0000E+00  0.2000E+02
   6.480  0.0000E+00  0.2000E+02
   6.490  0.0000E+00  0.2000E+02
   6.500  0.0000E+00  0.2000E+02
   6.510  0.0000E+00  0.2000E+02
   6.520  0.0000E+00  0.2000E+02
   6.530  0.0000E+00  0.2000E+02
   6.540  0.0000E+00  0.2000E+02
   6.550  0.0000E+00  0.2000E+02
   6.560  0.0000E+00  0.2000E+02
   6.570  0.0000E+00  0.2000E+02
   6.580  0.0000E+00  0.2000E+02
   6.590  0.0000E+00  0.2000E+02
   6.600  0.0000E+00  0.2000E+02
   6.610  0.0000E+00  0.2000E+02
   6.620  0.0000E+00  0.2000E+02
   6.630  0.0000E+00  0.2000E+02
   6.640  0.0000E+00  0.2000E+02
   6.650  0.0000E+00  0.2000E+02
   6.660  0.0000E+00  0.2000E+02
   6.670  0.0000E+00  0.2000E+02
   6.680  0.0000E+00  0.2000E+02
   6.690  0.0000E+00  0.2000E+02
   6.700  0.0000E+00  0.2000E+02
   6.710  0.0000E+00  0.2000E+02
   6.720  0.0000E+00  0.2000E+02
   6.730  0.0000E+00  0.2000E+02
   6.740  0.0000E+00  0.2000E+02
   6.750  0.0000E+00  0.2000E+02
   6.760  0.0000E+00  0.2000E+02
   6.770  0.0000E+00  0.2000E+02
   6.780  0.0000E+00  0.2000E+02
   6.790  0.0000E+00  0.2000E+02
   6.800  0.0000E+00  0.2000E+02
   6.810  0.0000E+00  0.2000E+02
   6.820  0.0000E+00  0.2000E+02
   6.830  0.0000E+00  0.2000E+02
   6.840  0.0000E+00  0.2000E+02
   6.850  0.0000E+00  0.2000E+02
   6.860  0.0000E+00  0.2000E+02
   6.870  0.0000E+00  0.2000E+02
   6.880  0.0000E+00  0.2000E+02
   6.890  0.0000E+00  0.2000E+02
   6.900  0.0000E+00  0.2000E+02
   6.910  0.0000E+00  0.2000E+02
   6.920  0.0000E+00  0.2000E+02
   6.930  0.0000E+00  0.2000E+02
   6.940  0.0000E+00  0.2000E+02
   6.950  0.0000E+00  0.2000E+02
   6.960  0.0000E+00  0.2000E+02
   6.970  0.0000E+00  0.2000E+02
   6.980  0.0000E+00  0.2000E+02
   6.990  0.0000E+00  0.2000E+02
   7.000  0.0000E+00  0.2000E+02
   7.010  0.0000E+00  0.2000E+02
   7.020  0.0000E+00  0.2000E+02
   7.030  0.0000E+00  0.2000E+02
   7.040  0.0000E+00  0.2000E+02
   7.050  0.0000E+00  0.2000E+02
   7.060  0.0000E+00  0.2000E+02
   7.070  0.0000E+00  0.2000E+02
   7.080  0.0000E+00  0.2000E+02
   7.090  0.0000E+00  0.2000E+02
   7.100  0.0000E+00  0.2000E+02
   7.110  0.0000E+00  0.2000E+02
   7.120  0.0000E+00  0.2000E+02
   7.130  0.0000E+00  0.2000E+02
   7.140  0.0000E+00  0.2000E+02
   7.150  0.0000E+00  0.2000E+02
   7.160  0.0000E+00  0.2000E+02
   7.170  0.0000E+00  0.2000E+02
   7.180  0.0000E+00  0.2000E+02
   7.190  0.0000E+00  0.2000E+02
   7.200  0.0000E+00  0.2000E+02
   7.210  0.0000E+00  0.2000E+02
   7.220  0.0000E+00  0.2000E+02
   7.230  0.0000E+00  0.2000E+02
   7.240  0.0000E+00  0.2000E+02
   7.250  0.0000E+00  0.2000E+02
   7.260  0.0000E+00  0.2000E+02
   7.270  0.0000E+00  0.2000E+02
   7.280  0.0000E+00  0.2000E+02
   7.290  0.0000E+00  0.2000E+02
   7.300  0.0000E+00  0.2000E+02
   7.310  0.0000E+00  0.2000E+02
   7.320  0.0000E+00  0.2000E+02
   7.330  0.0000E+00  0.2000E+02
   7.340  0.0000E+00  0.2000E+02
   7.350  0.0000E+00  0.2000E+02
   7.360  0.0000E+00  0.2000E+02
   7.370  0.0000E+00  0.2000E+02
   7.380  0.0000E+00  0.2000E+02
   7.390  0.0000E+00  0.2000E+02
   7.400  0.0000E+00  0.2000E+02
   7.410  0.0000E+00  0.2000E+02
   7.420  0.0000E+00  0.2000E+02
   7.430  0.0000E+00  0.2000E+02
   7.440  0.0000E+00  0.2000E+02
   7.450  0.0000E+00  0.2000E+02
   7.460  0.0000E+00  0.2000E+02
   7.470  0.0000E+00  0.2000E+02
   7.480  0.0000E+00  0.2000E+02
   7.490  0.0000E+00  0.2000E+02
   7.500  0.0000E+00  0.2000E+02
   7.510  0.0000E+00  0.2000E+02
   7.520  0.0000E+00  0.2000E+02
   7.530  0.0000E+00  0.2000E+02
   7.540  0.0000E+00  0.2000E+02
   7.550  0.0000E+00  0.2000E+02
   7.560  0.0000E+00  0.2000E+02
   7.570  0.0000E+00  0.2000E+02
   7.580  0.0000E+00  0.2000E+02
   7.590  0.0000E+00  0.2000E+02
   7.600  0.0000E+00  0.2000E+02
   7.610  0.0000E+00  0.2000E+02
   7.620  0.0000E+00  0.2000E+02
   7.630  0.0000E+00  0.2000E+02
   7.640  0.0000E+00  0.2000E+02
   7.650  0.0000E+00  0.2000E+02
   7.660  0.0000E+00  0.2000E+02
   7.670  0.0000E+00  0.2000E+02
   7.680  0.0000E+00  0.2000E+02
   7.690  0.0000E+00  0.2000E+02
   7.700  0.0000E+00  0.2000E+02
   7.710  0.0000E+00  0.2000E+02
   7.720  0.0000E+00  0.2000E+02
   7.730  0.0000E+00  0.2000E+02
   7.740  0.0000E+00  0.2000E+02
   7.750  0.0000E+00  0.2000E+02
   7.760  0.0000E+00  0.2000E+02
   7.770  0.0000E+00  0.2000E+02
   7.780  0.0000E+00  0.2000E+02
   7.790  0.0000E+00  0.2000E+02
   7.800  0.0000E+00  0.2000E+02
   7.810  0.0000E+00  0.2000E+02
   7.820  0.0000E+00  0.2000E+02
   7.830  0.0000E+00  0.2000E+02
   7.840  0.0000E+00  0.2000E+02
   7.850  0.0000E+00  0.2000E+02
   7.860  0.0000E+00  0.2000E+02
   7.870  0.0000E+00  0.2000E+02
   7.880  0.0000E+00  0.2000E+02
   7.890  0.0000E+00  0.2000E+02
   7.900  0.0000E+00  0.2000E+02
   7.910  0.0000E+00  0.2000E+02
   7.920  0.0000E+00  0.2000E+02
   7.930  0.0000E+00  0.2000E+02
   7.940  0.0000E+00  0.2000E+02
   7.950  0.0000E+00  0.2000E+02
   7.960  0.0000E+00  0.2000E+02
   7.970  0.0000E+00  0.2000E+02
   7.980  0.0000E+00  0.2000E+02
   7.990  0.0000E+00  0.2000E+02
   8.000  0.0000E+00  0.2000E+02
   8.010  0.0000E+00  0.2000E+02
   8.020  0.0000E+00  0.2000E+02
   8.030  0.0000E+00  0.2000E+02
   8.040  0.0000E+00  0.2000E+02
   8.050  0.0000E+00  0.2000E+02
   8.060  0.0000E+00  0.2000E+02
   8.070  0.0000E+00  0.2000E+02
   8.080  0.0000E+00  0.2000E+02
   8.090  0.0000E+00  0.2000E+02
   8.100  0.0000E+00  0.2000E+02
   8.110  0.0000E+00  0.2000E+02
   8.120  0.0000E+00  0.2000E+02
   8.130  0.0000E+00  0.2000E+02
   8.140  0.0000E+00  0.2000E+02
   8.150  0.0000E+00  0.2000E+02
   8.160  0.0000E+00  0.2000E+02
   8.170  0.0000E+00  0.2000E+02
   8.180  0.0000E+00  0.2000E+02
   8.190  0.0000E+00  0.2000E+02
   8.200  0.0000E+00  0.2000E+02
   8.210  0.0000E+00  0.2000E+02
   8.220  0.0000E+00  0.2000E+02
   8.230  0.0000E+00  0.2000E+02
   8.240  0.0000E+00  0.2000E+02
   8.250  0.0000E+00  0.2000E+02
   8.260  0.0000E+00  0.2000E+02
   8.270  0.0000E+00  0.2000E+02
   8.280  0.0000E+00  0.2000E+02
   8.290  0.0000E+00  0.2000E+02
   8.300  0.0000E+00  0.2000E+02
   8.310  0.0000E+00  0.2000E+02
   8.320  0.0000E+00  0.2000E+02
   8.330  0.0000E+00  0.2000E+02
   8.340  0.0000E+00  0.2000E+02
   8.350  0.0000E+00  0.2000E+02
   8.360  0.0000E+00  0.2000E+02
   8.370  0.0000E+00  0.2000E+02
   8.380  0.0000E+00  0.2000E+02
   8.390  0.0000E+00  0.2000E+02
   8.400  0.0000E+00  0.2000E+02
   8.410  0.0000E+00  0.2000E+02
   8.420  0.0000E+00  0.2000E+02
   8.430  0.0000E+00  0.2000E+02
   8.440  0.0000E+00  0.2000E+02
   8.450  0.0000E+00  0.2000E+02
   8.460  0.0000E+00  0.2000E+02
   8.470  0.0000E+00  0.2000E+02
   8.480  0.0000E+00  0.2000E+02
   8.490  0.0000E+00  0.2000E+02
   8.500  0.0000E+00  0.2000E+02
   8.510  0.0000E+00  0.2000E+02
   8.520  0.0000E+00  0.2000E+02
   8.530  0.0000E+00  0.2000E+02
   8.540  0.0000E+00  0.2000E+02
   8.550  0.0000E+00  0.2000E+02
   8.560  0.0000E+00  0.2000E+02
   8.570  0.0000E+00  0.2000E+02
   8.580  0.0000E+00  0.2000E+02
   8.590  0.0000E+00  0.2000E+02
   8.600  0.0000E+00  0.2000E+02
   8.610  0.0000E+00  0.2000E+02
   8.620  0.0000E+00  0.2000E+02
   8.630  0.0000E+00  0.2000E+02
   8.640  0.0000E+00  0.2000E+02
   8.650  0.0000E+00  0.2000E+02
   8.660  0.0000E+00  0.2000E+02
   8.670  0.0000E+00  0.2000E+02
   8.680  0.0000E+00  0.2000E+02
   8.690  0.0000E+00  0.2000E+02
   8.700  0.0000E+00  0.2000E+02
   8.710  0.0000E+00  0.2000E+02
   8.720  0.0000E+00  0.2000E+02
   8.730  0.0000E+00  0.2000E+02
   8.740  0.0000E+00  0.2000E+02
   8.750  0.0000E+00  0.2000E+02
   8.760  0.0000E+00  0.2000E+02
   8.770  0.0000E+00  0.2000E+02
   8.780  0.0000E+00  0.2000E+02
   8.790  0.0000E+00  0.2000E+02
   8.800  0.0000E+00  0.2000E+02
   8.810  0.0000E+00  0.2000E+02
   8.820  0.0000E+00  0.2000E+02
   8.830  0.0000E+00  0.2000E+02
   8.840  0.0000E+00  0.2000E+02
   8.850  0.0000E+00  0.2000E+02
   8.860  0.0000E+00  0.2000E+02
   8.870  0.0000E+00  0.2000E+02
   8.880  0.0000E+00  0.2000E+02
   8.890  0.0000E+00  0.2000E+02
   8.900  0.0000E+00  0.2000E+02
   8.910  0.0000E+00  0.2000E+02
   8.920  0.0000E+00  0.2000E+02
   8.930  0.0000E+00  0.2000E+02
   8.940  0.0000E+00  0.2000E+02
   8.950  0.0000E+00  0.2000E+02
   8.960  0.0000E+00  0.2000E+02
   8.970  0.0000E+00  0.2000E+02
   8.980  0.0000E+00  0.2000E+02
   8.990  0.0000E+00  0.2000E+02
   9.000  0.0000E+00  0.2000E+02
   9.010  0.0000E+00  0.2000E+02
   9.020  0.0000E+00  0.2000E+02
   9.030  0.0000E+00  0.2000E+02
   9.040  0.0000E+00  0.2000E+02
   9.050  0.0000E+00  0.2000E+02
   9.060  0.0000E+00  0.2000E+02
   9.070  0.0000E+00  0.2000E+02
   9.080  0.0000E+00  0.2000E+02
   9.090  0.0000E+00  0.2000E+02
   9.100  0.0000E+00  0.2000E+02
   9.110  0.0000E+00  0.2000E+02
   9.120  0.0000E+00  0.2000E+02
   9.130  0.0000E+00  0.2000E+02
   9.140  0.0000E+00  0.2000E+02
   9.150  0.0000E+00  0.2000E+02
   9.160  0.0000E+00  0.2000E+02
   9.170  0.0000E+00  0.2000E+02
   9.180  0.0000E+00  0.2000E+02
   9.190  0.0000E+00  0.2000E+02
   9.200  0.0000E+00  0.2000E+02
   9.210  0.0000E+00  0.2000E+02
   9.220  0.0000E+00  0.2000E+02
   9.230  0.0000E+00  0.2000E+02
   9.240  0.0000E+00  0.2000E+02
   9.250  0.0000E+00  0.2000E+02
   9.260  0.0000E+00  0.2000E+02
   9.270  0.0000E+00  0.2000E+02
   9.280  0.0000E+00  0.2000E+02
   9.290  0.0000E+00  0.2000E+02
   9.300  0.0000E+00  0.2000E+02
   9.310  0.0000E+00  0.2000E+02
   9.320  0.0000E+00  0.2000E+02
   9.330  0.0000E+00  0.2000E+02
   9.340  0.0000E+00  0.2000E+02
   9.350  0.0000E+00  0.2000E+02
   9.360  0.0000E+00  0.2000E+02
   9.370  0.0000E+00  0.2000E+02
   9.380  0.0000E+00  0.2000E+02
   9.390  0.0000E+00  0.2000E+02
   9.400  0.0000E+00  0.2000E+02
   9.410  0.0000E+00  0.2000E+02
   9.420  0.0000E+00  0.2000E+02
   9.430  0.0000E+00  0.2000E+02
   9.440  0.0000E+00  0.2000E+02
   9.450  0.0000E+00  0.2000E+02
   9.460  0.0000E+00  0.2000E+02
   9.470  0.0000E+00  0.2000E+02
   9.480  0.0000E+00  0.2000E+02
   9.490  0.0000E+00  0.2000E+02
   9.500  0.0000E+00  0.2000E+02
   9.510  0.0000E+00  0.2000E+02
   9.520  0.0000E+00  0.2000E+02
   9.530  0.0000E+00  0.2000E+02
   9.540  0.0000E+00  0.2000E+02
   9.550  0.0000E+00  0.2000E+02
   9.560  0.0000E+00  0.2000E+02
   9.570  0.0000E+00  0.2000E+02
   9.580  0.0000E+00  0.2000E+02
   9.590  0.0000E+00  0.2000E+02
   9.600  0.0000E+00  0.2000E+02
   9.610  0.0000E+00  0.2000E+02
   9.620  0.0000E+00  0.2000E+02
   9.630  0.0000E+00  0.2000E+02
   9.640  0.0000E+00  0.2000E+02
   9.650  0.0000E+00  0.2000E+02
   9.660  0.0000E+00  0.2000E+02
   9.670  0.0000E+00  0.2000E+02
   9.680  0.0000E+00  0.2000E+02
   9.690  0.0000E+00  0.2000E+02
   9.700  0.0000E+00  0.2000E+02
   9.710  0.0000E+00  0.2000E+02
   9.720  0.0000E+00  0.2000E+02
   9.730  0.0000E+00  0.2000E+02
   9.740  0.0000E+00  0.2000E+02
   9.750  0.0000E+00  0.2000E+02
   9.760  0.0000E+00  0.2000E+02
   9.770  0.0000E+00  0.2000E+02
   9.780  0.0000E+00  0.2000E+02
   9.790  0.0000E+00  0.2000E+02
   9.800  0.0000E+00  0.2000E+02
   9.810  0.0000E+00  0.2000E+02
   9.820  0.0000E+00  0.2000E+02
   9.830  0.0000E+00  0.2000E+02
   9.840  0.0000E+00  0.2000E+02
   9.850  0.0000E+00  0.2000E+02
   9.860  0.0000E+00  0.2000E+02
   9.870  0.0000E+00  0.2000E+02
   9.880  0.0000E+00  0.2000E+02
   9.890  0.0000E+00  0.2000E+02
   9.900  0.0000E+00  0.2000E+02
   9.910  0.0000E+00  0.2000E+02
   9.920  0.0000E+00  0.2000E+02
   9.930  0.0000E+00  0.2000E+02
   9.940  0.0000E+00  0.2000E+02
   9.950  0.0000E+00  0.2000E+02
   9.960  0.0000E+00  0.2000E+02
   9.970  0.0000E+00  0.2000E+02
   9.980  0.0000E+00  0.2000E+02
   9.990  0.0000E+00  0.2000E+02
  10.000  0.0000E+00  0.2000E+02
  10.010  0.0000E+00  0.2000E+02
  10.020  0.0000E+00  0.2000E+02
  10.030  0.0000E+00  0.2000E+02
  10.040  0.0000E+00  0.2000E+02
  10.050  0.0000E+00  0.2000E+02
  10.060  0.0000E+00  0.2000E+02
  10.070  0.0000E+00  0.2000E+02
  10.080  0.0000E+00  0.2000E+02
  10.090  0.0000E+00  0.2000E+02
  10.100  0.0000E+00  0.2000E+02
  10.110  0.0000E+00  0.2000E+02
  10.120  0.0000E+00  0.2000E+02
  10.130  0.0000E+00  0.2000E+02
  10.140  0.0000E+00  0.2000E+02
  10.150  0.0000E+00  0.2000E+02
  10.160  0.0000E+00  0.2000E+02
  10.170  0.0000E+00  0.2000E+02
  10.180  0.0000E+00  0.2000E+02
  10.190  0.0000E+00  0.2000E+02
  10.200  0.0000E+00  0.2000E+02
  10.210  0.0000E+00  0.2000E+02
  10.220  0.0000E+00  0.2000E+02
  10.230  0.0000E+00  0.2000E+02
  10.240  0.0000E+00  0.2000E+02
  10.250  0.0000E+00  0.2000E+02
  10.260  0.0000E+00  0.2000E+02
  10.270  0.0000E+00  0.2000E+02
  10.280  0.0000E+00  0.2000E+02
  10.290  0.0000E+00  0.2000E+02
  10.300  0.0000E+00  0.2000E+02
  10.310  0.0000E+00  0.2000E+02
  10.320  0.0000E+00  0.2000E+02
  10.330  0.0000E+00  0.2000E+02
  10.340  0.0000E+00  0.2000E+02
  10.350  0.0000E+00  0.2000E+02
  10.360  0.0000E+00  0.2000E+02
  10.370  0.0000E+00  0.2000E+02
  10.380  0.0000E+00  0.2000E+02
  10.390  0.0000E+00  0.2000E+02
  10.400  0.0000E+00  0.2000E+02
  10.410  0.0000E+00  0.2000E+02
  10.420  0.0000E+00  0.2000E+02
  10.430  0.0000E+00  0.2000E+02
  10.440  0.0000E+00  0.2000E+02
  10.450  0.0000E+00  0.2000E+02
  10.460  0.0000E+00  0.2000E+02
  10.470  0.0000E+00  0.2000E+02
  10.480  0.0000E+00  0.2000E+02
  10.490  0.0000E+00  0.2000E+02
  10.500  0.0000E+00  0.2000E+02
  10.510  0.0000E+00  0.2000E+02
  10.520  0.0000E+00  0.2000E+02
  10.530  0.0000E+00  0.2000E+02
  10.540  0.0000E+00  0.2000E+02
  10.550  0.0000E+00  0.2000E+02
  10.560  0.0000E+00  0.2000E+02
  10.570  0.0000E+00  0.2000E+02
  10.580  0.0000E+00  0.2000E+02
  10.590  0.0000E+00  0.2000E+02
  10.600  0.0000E+00  0.2000E+02
  10.610  0.0000E+00  0.2000E+02
  10.620  0.0000E+00  0.2000E+02
  10.630  0.0000E+00  0.2000E+02
  10.640  0.0000E+00  0.2000E+02
  10.650  0.0000E+00  0.2000E+02
  10.660  0.0000E+00  0.2000E+02
  10.670  0.0000E+00  0.2000E+02
  10.680  0.0000E+00  0.2000E+02
  10.690  0.0000E+00  0.2000E+02
  10.700  0.0000E+00  0.2000E+02
  10.710  0.0000E+00  0.2000E+02
  10.720  0.0000E+00  0.2000E+02
  10.730  0.0000E+00  0.2000E+02
  10.740  0.0000E+00  0.2000E+02
  10.750  0.0000E+00  0.2000E+02
  10.760  0.0000E+00  0.2000E+02
  10.770  0.0000E+00  0.2000E+02
  10.780  0.0000E+00  0.2000E+02
  10.790  0.0000E+00  0.2000E+02
  10.800  0.0000E+00  0.2000E+02
  10.810  0.0000E+00  0.2000E+02
  10.820  0.0000E+00  0.2000E+02
  10.830  0.0000E+00  0.2000E+02
  10.840  0.0000E+00  0.2000E+02
  10.850  0.0000E+00  0.2000E+02
  10.860  0.0000E+00  0.2000E+02
  10.870  0.0000E+00  0.2000E+02
  10.880  0.0000E+00  0.2000E+02
  10.890  0.0000E+00  0.2000E+02
  10.900  0.0000E+00  0.2000E+02
  10.910  0.0000E+00  0.2000E+02
  10.920  0.0000E+00  0.2000E+02
  10.930  0.0000E+00  0.2000E+02
  10.940  0.0000E+00  0.2000E+02
  10.950  0.0000E+00  0.2000E+02
  10.960  0.0000E+00  0.2000E+02
  10.970  0.0000E+00  0.2000E+02
  10.980  0.0000E+00  0.2000E+02
  10.990  0.0000E+00  0.2000E+02
  11.000  0.0000E+00  0.2000E+02
  11.010  0.0000E+00  0.2000E+02
  11.020  0.0000E+00  0.2000E+02
  11.030  0.0000E+00  0.2000E+02
  11.040  0.0000E+00  0.2000E+02
  11.050  0.0000E+00  0.2000E+02
  11.060  0.0000E+00  0.2000E+02
  11.070  0.0000E+00  0.2000E+02
  11.080  0.0000E+00  0.2000E+02
  11.090  0.0000E+00  0.2000E+02
  11.100  0.0000E+00  0.2000E+02
  11.110  0.0000E+00  0.2000E+02
  11.120  0.0000E+00  0.2000E+02
  11.130  0.0000E+00  0.2000E+02
  11.140  0.0000E+00  0.2000E+02
  11.150  0.0000E+00  0.2000E+02
  11.160  0.0000E+00  0.2000E+02
  11.170  0.0000E+00  0.2000E+02
  11.180  0.0000E+00  0.2000E+02
  11.190  0.0000E+00  0.2000E+02
  11.200  0.0000E+00  0.2000E+02
  11.210  0.0000E+00  0.2000E+02
  11.220  0.0000E+00  0.2000E+02
  11.230  0.0000E+00  0.2000E+02
  11.240  0.0000E+00  0.2000E+02
  11.250  0.0000E+00  0.2000E+02
  11.260  0.0000E+00  0.2000E+02
  11.270  0.0000E+00  0.2000E+02
  11.280  0.0000E+00  0.2000E+02
  11.290  0.0000E+00  0.2000E+02
  11.300  0.0000E+00  0.2000E+02
  11.310  0.0000E+00  0.2000E+02
  11.320  0.0000E+00  0.2000E+02
  11.330  0.0000E+00  0.2000E+02
  11.340  0.0000E+00  0.2000E+02
  11.350  0.0000E+00  0.2000E+02
  11.360  0.0000E+00  0.2000E+02
  11.370  0.0000E+00  0.2000E+02
  11.380  0.0000E+00  0.2000E+02
  11.390  0.0000E+00  0.2000E+02
  11.400  0.0000E+00  0.2000E+02
  11.410  0.0000E+00  0.2000E+02
  11.420  0.0000E+00  0.2000E+02
  11.430  0.0000E+00  0.2000E+02
  11.440  0.0000E+00  0.2000E+02
  11.450  0.0000E+00  0.2000E+02
  11.460  0.0000E+00  0.2000E+02
  11.470  0.0000E+00  0.2000E+02
  11.480  0.0000E+00  0.2000E+02
  11.490  0.0000E+00  0.2000E+02
  11.500  0.0000E+00  0.2000E+02
  11.510  0.0000E+00  0.2000E+02
  11.520  0.0000E+00  0.2000E+02
  11.530  0.0000E+00  0.2000E+02
  11.540  0.0000E+00  0.2000E+02
  11.550  0.0000E+00  0.2000E+02
  11.560  0.0000E+00  0.2000E+02
  11.570  0.0000E+00  0.2000E+02
  11.580  0.0000E+00  0.2000E+02
  11.590  0.0000E+00  0.2000E+02
  11.600  0.0000E+00  0.2000E+02
  11.610  0.0000E+00  0.2000E+02
  11.620  0.0000E+00  0.2000E+02
  11.630  0.0000E+00  0.2000E+02
  11.640  0.0000E+00  0.2000E+02
  11.650  0.0000E+00  0.2000E+02
  11.660  0.0000E+00  0.2000E+02
  11.670  0.0000E+00  0.2000E+02
  11.680  0.0000E+00  0.2000E+02
  11.690  0.0000E+00  0.2000E+02
  11.700  0.0000E+00  0.2000E+02
  11.710  0.0000E+00  0.2000E+02
  11.720  0.0000E+00  0.2000E+02
  11.730  0.0000E+00  0.2000E+02
  11.740  0.0000E+00  0.2000E+02
  11.750  0.0000E+00  0.2000E+02
  11.760  0.0000E+00  0.2000E+02
  11.770  0.0000E+00  0.2000E+02
  11.780  0.0000E+00  0.2000E+02
  11.790  0.0000E+00  0.2000E+02
  11.800  0.0000E+00  0.2000E+02
  11.810  0.0000E+00  0.2000E+02
  11.820  0.0000E+00  0.2000E+02
  11.830  0.0000E+00  0.2000E+02
  11.840  0.0000E+00  0.2000E+02
  11.850  0.0000E+00  0.2000E+02
  11.860  0.0000E+00  0.2000E+02
  11.870  0.0000E+00  0.2000E+02
  11.880  0.0000E+00  0.2000E+02
  11.890  0.0000E+00  0.2000E+02
  11.900  0.0000E+00  0.2000E+02
  11.910  0.0000E+00  0.2000E+02
  11.920  0.0000E+00  0.2000E+02
  11.930  0.0000E+00  0.2000E+02
  11.940  0.0000E+00  0.2000E+02
  11.950  0.0000E+00  0.2000E+02
  11.960  0.0000E+00  0.2000E+02
  11.970  0.0000E+00  0.2000E+02
  11.980  0.0000E+00  0.2000E+02
  11.990  0.0000E+00  0.2000E+02
  12.000  0.0000E+00  0.2000E+02
  12.010  0.0000E+00  0.2000E+02
  12.020  0.0000E+00  0.2000E+02
  12.030  0.0000E+00  0.2000E+02
  12.040  0.0000E+00  0.2000E+02
  12.050  0.0000E+00  0.2000E+02
  12.060  0.0000E+00  0.2000E+02
  12.070  0.0000E+00  0.2000E+02
  12.080  0.0000E+00  0.2000E+02
  12.090  0.0000E+00  0.2000E+02
  12.100  0.0000E+00  0.2000E+02
  12.110  0.0000E+00  0.2000E+02
  12.120  0.0000E+00  0.2000E+02
  12.130  0.0000E+00  0.2000E+02
  12.140  0.0000E+00  0.2000E+02
  12.150  0.0000E+00  0.2000E+02
  12.160  0.0000E+00  0.2000E+02
  12.170  0.0000E+00  0.2000E+02
  12.180  0.0000E+00  0.2000E+02
  12.190  0.0000E+00  0.2000E+02
  12.200  0.0000E+00  0.2000E+02
  12.210  0.0000E+00  0.2000E+02
  12.220  0.0000E+00  0.2000E+02
  12.230  0.0000E+00  0.2000E+02
  12.240  0.0000E+00  0.2000E+02
  12.250  0.0000E+00  0.2000E+02
  12.260  0.0000E+00  0.2000E+02
  12.270  0.0000E+00  0.2000E+02
  12.280  0.0000E+00  0.2000E+02
  12.290  0.0000E+00  0.2000E+02
  12.300  0.0000E+00  0.2000E+02
  12.310  0.0000E+00  0.2000E+02
  12.320  0.0000E+00  0.2000E+02
  12.330  0.0000E+00  0.2000E+02
  12.340  0.0000E+00  0.2000E+02
  12.350  0.0000E+00  0.2000E+02
  12.360  0.0000E+00  0.2000E+02
  12.370  0.0000E+00  0.2000E+02
  12.380  0.0000E+00  0.2000E+02
  12.390  0.0000E+00  0.2000E+02
  12.400  0.0000E+00  0.2000E+02
  12.410  0.0000E+00  0.2000E+02
  12.420  0.0000E+00  0.2000E+02
  12.430  0.0000E+00  0.2000E+02
  12.440  0.0000E+00  0.2000E+02
  12.450  0.0000E+00  0.2000E+02
  12.460  0.0000E+00  0.2000E+02
  12.470  0.0000E+00  0.2000E+02
  12.480  0.0000E+00  0.2000E+02
  12.490  0.0000E+00  0.2000E+02
  12.500  0.0000E+00  0.2000E+02
  12.510  0.0000E+00  0.2000E+02
  12.520  0.0000E+00  0.2000E+02
  12.530  0.0000E+00  0.2000E+02
  12.540  0.0000E+00  0.2000E+02
  12.550  0.0000E+00  0.2000E+02
  12.560  0.0000E+00  0.2000E+02
  12.570  0.0000E+00  0.2000E+02
  12.580  0.0000E+00  0.2000E+02
  12.590  0.0000E+00  0.2000E+02
  12.600  0.0000E+00  0.2000E+02
  12.610  0.0000E+00  0.2000E+02
  12.620  0.0000E+00  0.2000E+02
  12.630  0.0000E+00  0.2000E+02
  12.640  0.0000E+00  0.2000E+02
  12.650  0.0000E+00  0.2000E+02
  12.660  0.0000E+00  0.2000E+02
  12.670  0.0000E+00  0.2000E+02
  12.680  0.0000E+00  0.2000E+02
  12.690  0.0000E+00  0.2000E+02
  12.700  0.0000E+00  0.2000E+02
  12.710  0.0000E+00  0.2000E+02
  12.720  0.0000E+00  0.2000E+02
  12.730  0.0000E+00  0.2000E+02
  12.740  0.0000E+00  0.2000E+02
  12.750  0.0000E+00  0.2000E+02
  12.760  0.0000E+00  0.2000E+02
  12.770  0.0000E+00  0.2000E+02
  12.780  0.0000E+00  0.2000E+02
  12.790  0.0000E+00  0.2000E+02
  12.800  0.0000E+00  0.2000E+02
  12.810  0.0000E+00  0.2000E+02
  12.820  0.0000E+00  0.2000E+02
  12.830  0.0000E+00  0.2000E+02
  12.840  0.0000E+00  0.2000E+02
  12.850  0.0000E+00  0.2000E+02
  12.860  0.0000E+00  0.2000E+02
  12.870  0.0000E+00  0.2000E+02
  12.880  0.0000E+00  0.2000E+02
  12.890  0.0000E+00  0.2000E+02
  12.900  0.0000E+00  0.2000E+02
  12.910  0.0000E+00  0.2000E+02
  12.920  0.0000E+00  0.2000E+02
  12.930  0.0000E+00  0.2000E+02
  12.940  0.0000E+00  0.2000E+02
  12.950  0.0000E+00  0.2000E+02
  12.960  0.0000E+00  0.2000E+02
  12.970  0.0000E+00  0.2000E+02
  12.980  0.0000E+00  0.2000E+02
  12.990  0.0000E+00  0.2000E+02
  13.000  0.0000E+00  0.2000E+02
  13.010  0.0000E+00  0.2000E+02
  13.020  0.0000E+00  0.2000E+02
  13.030  0.0000E+00  0.2000E+02
  13.040  0.0000E+00  0.2000E+02
  13.050  0.0000E+00  0.2000E+02
  13.060  0.0000E+00  0.2000E+02
  13.070  0.0000E+00  0.2000E+02
  13.080  0.0000E+00  0.2000E+02
  13.090  0.0000E+00  0.2000E+02
  13.100  0.0000E+00  0.2000E+02
  13.110  0.0000E+00  0.2000E+02
  13.120  0.0000E+00  0.2000E+02
  13.130  0.0000E+00  0.2000E+02
  13.140  0.0000E+00  0.2000E+02
  13.150  0.0000E+00  0.2000E+02
  13.160  0.0000E+00  0.2000E+02
  13.170  0.0000E+00  0.2000E+02
  13.180  0.0000E+00  0.2000E+02
  13.190  0.0000E+00  0.2000E+02
  13.200  0.0000E+00  0.2000E+02
  13.210  0.0000E+00  0.2000E+02
  13.220  0.0000E+00  0.2000E+02
  13.230  0.0000E+00  0.2000E+02
  13.240  0.0000E+00  0.2000E+02
  13.250  0.0000E+00  0.2000E+02
  13.260  0.0000E+00  0.2000E+02
  13.270  0.0000E+00  0.2000E+02
  13.280  0.0000E+00  0.2000E+02
  13.290  0.0000E+00  0.2000E+02
  13.300  0.0000E+00  0.2000E+02
  13.310  0.0000E+00  0.2000E+02
  13.320  0.0000E+00  0.2000E+02
  13.330  0.0000E+00  0.2000E+02
  13.340  0.0000E+00  0.2000E+02
  13.350  0.0000E+00  0.2000E+02
  13.360  0.0000E+00  0.2000E+02
  13.370  0.0000E+00  0.2000E+02
  13.380  0.0000E+00  0.2000E+02
  13.390  0.0000E+00  0.2000E+02
  13.400  0.0000E+00  0.2000E+02
  13.410  0.0000E+00  0.2000E+02
  13.420  0.0000E+00  0.2000E+02
  13.430  0.0000E+00  0.2000E+02
  13.440  0.0000E+00  0.2000E+02
  13.450  0.0000E+00  0.2000E+02
  13.460  0.0000E+00  0.2000E+02
  13.470  0.0000E+00  0.2000E+02
  13.480  0.0000E+00  0.2000E+02
  13.490  0.0000E+00  0.2000E+02
  13.500  0.0000E+00  0.2000E+02
  13.510  0.0000E+00  0.2000E+02
  13.520  0.0000E+00  0.2000E+02
  13.530  0.0000E+00  0.2000E+02
  13.540  0.0000E+00  0.2000E+02
  13.550  0.0000E+00  0.2000E+02
  13.560  0.0000E+00  0.2000E+02
  13.570  0.0000E+00  0.2000E+02
  13.580  0.0000E+00  0.2000E+02
  13.590  0.0000E+00  0.2000E+02
  13.600  0.0000E+00  0.2000E+02
  13.610  0.0000E+00  0.2000E+02
  13.620  0.0000E+00  0.2000E+02
  13.630  0.0000E+00  0.2000E+02
  13.640  0.0000E+00  0.2000E+02
  13.650  0.0000E+00  0.2000E+02
  13.660  0.0000E+00  0.2000E+02
  13.670  0.0000E+00  0.2000E+02
  13.680  0.0000E+00  0.2000E+02
  13.690  0.0000E+00  0.2000E+02
  13.700  0.0000E+00  0.2000E+02
  13.710  0.0000E+00  0.2000E+02
  13.720  0.0000E+00  0.2000E+02
  13.730  0.0000E+00  0.2000E+02
  13.740  0.0000E+00  0.2000E+02
  13.750  0.0000E+00  0.2000E+02
  13.760  0.0000E+00  0.2000E+02
  13.770  0.0000E+00  0.2000E+02
  13.780  0.0000E+00  0.2000E+02
  13.790  0.0000E+00  0.2000E+02
  13.800  0.0000E+00  0.2000E+02
  13.810  0.0000E+00  0.2000E+02
  13.820  0.0000E+00  0.2000E+02
  13.830  0.0000E+00  0.2000E+02
  13.840  0.0000E+00  0.2000E+02
  13.850  0.0000E+00  0.2000E+02
  13.860  0.0000E+00  0.2000E+02
  13.870  0.0000E+00  0.2000E+02
  13.880  0.0000E+00  0.2000E+02
  13.890  0.0000E+00  0.2000E+02
  13.900  0.0000E+00  0.2000E+02
  13.910  0.0000E+00  0.2000E+02
  13.920  0.0000E+00  0.2000E+02
  13.930  0.0000E+00  0.2000E+02
  13.940  0.0000E+00  0.2000E+02
  13.950  0.0000E+00  0.2000E+02
  13.960  0.0000E+00  0.2000E+02
  13.970  0.0000E+00  0.2000E+02
  13.980  0.0000E+00  0.2000E+02
  13.990  0.0000E+00  0.2000E+02
  14.000  0.0000E+00  0.2000E+02
  14.010  0.0000E+00  0.2000E+02
  14.020  0.0000E+00  0.2000E+02
  14.030  0.0000E+00  0.2000E+02
  14.040  0.0000E+00  0.2000E+02
  14.050  0.0000E+00  0.2000E+02
  14.060  0.0000E+00  0.2000E+02
  14.070  0.0000E+00  0.2000E+02
  14.080  0.0000E+00  0.2000E+02
  14.090  0.0000E+00  0.2000E+02
  14.100  0.0000E+00  0.2000E+02
  14.110  0.0000E+00  0.2000E+02
  14.120  0.0000E+00  0.2000E+02
  14.130  0.0000E+00  0.2000E+02
  14.140  0.0000E+00  0.2000E+02
  14.150  0.0000E+00  0.2000E+02
  14.160  0.0000E+00  0.2000E+02
  14.170  0.0000E+00  0.2000E+02
  14.180  0.0000E+00  0.2000E+02
  14.190  0.0000E+00  0.2000E+02
  14.200  0.0000E+00  0.2000E+02
  14.210  0.0000E+00  0.2000E+02
  14.220  0.0000E+00  0.2000E+02
  14.230  0.0000E+00  0.2000E+02
  14.240  0.0000E+00  0.2000E+02
  14.250  0.0000E+00  0.2000E+02
  14.260  0.0000E+00  0.2000E+02
  14.270  0.0000E+00  0.2000E+02
  14.280  0.0000E+00  0.2000E+02
  14.290  0.0000E+00  0.2000E+02
  14.300  0.0000E+00  0.2000E+02
  14.310  0.0000E+00  0.2000E+02
  14.320  0.0000E+00  0.2000E+02
  14.330  0.0000E+00  0.2000E+02
  14.340  0.0000E+00  0.2000E+02
  14.350  0.0000E+00  0.2000E+02
  14.360  0.0000E+00  0.2000E+02
  14.370  0.0000E+00  0.2000E+02
  14.380  0.0000E+00  0.2000E+02
  14.390  0.0000E+00  0.2000E+02
  14.400  0.0000E+00  0.2000E+02
  14.410  0.0000E+00  0.2000E+02
  14.420  0.0000E+00  0.2000E+02
  14.430  0.0000E+00  0.2000E+02
  14.440  0.0000E+00  0.2000E+02
  14.450  0.0000E+00  0.2000E+02
  14.460  0.0000E+00  0.2000E+02
  14.470  0.0000E+00  0.2000E+02
  14.480  0.0000E+00  0.2000E+02
  14.490  0.0000E+00  0.2000E+02
  14.500  0.0000E+00  0.2000E+02
  14.510  0.0000E+00  0.2000E+02
  14.520  0.0000E+00  0.2000E+02
  14.530  0.0000E+00  0.2000E+02
  14.540  0.0000E+00  0.2000E+02
  14.550  0.0000E+00  0.2000E+02
  14.560  0.0000E+00  0.2000E+02
  14.570  0.0000E+00  0.2000E+02
  14.580  0.0000E+00  0.2000E+02
  14.590  0.0000E+00  0.2000E+02
  14.600  0.0000E+00  0.2000E+02
  14.610  0.0000E+00  0.2000E+02
  14.620  0.0000E+00  0.2000E+02
  14.630  0.0000E+00  0.2000E+02
  14.640  0.0000E+00  0.2000E+02
  14.650  0.0000E+00  0.2000E+02
  14.660  0.0000E+00  0.2000E+02
  14.670  0.0000E+00  0.2000E+02
  14.680  0.0000E+00  0.2000E+02
  14.690  0.0000E+00  0.2000E+02
  14.700  0.0000E+00  0.2000E+02
  14.710  0.0000E+00  0.2000E+02
  14.720  0.0000E+00  0.2000E+02
  14.730  0.0000E+00  0.2000E+02
  14.740  0.0000E+00  0.2000E+02
  14.750  0.0000E+00  0.2000E+02
  14.760  0.0000E+00  0.2000E+02
  14.770  0.0000E+00  0.2000E+02
  14.780  0.0000E+00  0.2000E+02
  14.790  0.0000E+00  0.2000E+02
  14.800  0.0000E+00  0.2000E+02
  14.810  0.0000E+00  0.2000E+02
  14.820  0.0000E+00  0.2000E+02
  14.830  0.0000E+00  0.2000E+02
  14.840  0.0000E+00  0.2000E+02
  14.850  0.0000E+00  0.2000E+02
  14.860  0.0000E+00  0.2000E+02
  14.870  0.0000E+00  0.2000E+02
  14.880  0.0000E+00  0.2000E+02
  14.890  0.0000E+00  0.2000E+02
  14.900  0.0000E+00  0.2000E+02
  14.910  0.0000E+00  0.2000E+02
  14.920  0.0000E+00  0.2000E+02
  14.930  0.0000E+00  0.2000E+02
  14.940  0.0000E+00  0.2000E+02
  14.950  0.0000E+00  0.2000E+02
  14.960  0.0000E+00  0.2000E+02
  14.970  0.0000E+00  0.2000E+02
  14.980  0.0000E+00  0.2000E+02
  14.990  0.0000E+00  0.2000E+02
  15.000  0.0000E+00  0.2000E+02
