#  E (eV)   dos(E)     Int dos(E) EFermi =    4.852 eV
 -15.000  0.0000E+00  0.0000E+00
 -14.990  0.0000E+00  0.0000E+00
 -14.980  0.0000E+00  0.0000E+00
 -14.970  0.0000E+00  0.0000E+00
 -14.960  0.0000E+00  0.0000E+00
 -14.950  0.0000E+00  0.0000E+00
 -14.940  0.0000E+00  0.0000E+00
 -14.930  0.0000E+00  0.0000E+00
 -14.920  0.0000E+00  0.0000E+00
 -14.910  0.0000E+00  0.0000E+00
 -14.900  0.0000E+00  0.0000E+00
 -14.890  0.0000E+00  0.0000E+00
 -14.880  0.0000E+00  0.0000E+00
 -14.870  0.0000E+00  0.0000E+00
 -14.860  0.0000E+00  0.0000E+00
 -14.850  0.0000E+00  0.0000E+00
 -14.840  0.0000E+00  0.0000E+00
 -14.830  0.0000E+00  0.0000E+00
 -14.820  0.0000E+00  0.0000E+00
 -14.810  0.0000E+00  0.0000E+00
 -14.800  0.0000E+00  0.0000E+00
 -14.790  0.0000E+00  0.0000E+00
 -14.780  0.0000E+00  0.0000E+00
 -14.770  0.0000E+00  0.0000E+00
 -14.760  0.0000E+00  0.0000E+00
 -14.750  0.0000E+00  0.0000E+00
 -14.740  0.0000E+00  0.0000E+00
 -14.730  0.0000E+00  0.0000E+00
 -14.720  0.0000E+00  0.0000E+00
 -14.710  0.0000E+00  0.0000E+00
 -14.700  0.0000E+00  0.0000E+00
 -14.690  0.0000E+00  0.0000E+00
 -14.680  0.0000E+00  0.0000E+00
 -14.670  0.0000E+00  0.0000E+00
 -14.660  0.0000E+00  0.0000E+00
 -14.650  0.0000E+00  0.0000E+00
 -14.640  0.0000E+00  0.0000E+00
 -14.630  0.0000E+00  0.0000E+00
 -14.620  0.0000E+00  0.0000E+00
 -14.610  0.0000E+00  0.0000E+00
 -14.600  0.0000E+00  0.0000E+00
 -14.590  0.0000E+00  0.0000E+00
 -14.580  0.0000E+00  0.0000E+00
 -14.570  0.0000E+00  0.0000E+00
 -14.560  0.0000E+00  0.0000E+00
 -14.550  0.0000E+00  0.0000E+00
 -14.540  0.0000E+00  0.0000E+00
 -14.530  0.0000E+00  0.0000E+00
 -14.520  0.0000E+00  0.0000E+00
 -14.510  0.1028E+01  0.7120E-03
 -14.500  0.3124E+01  0.2442E-01
 -14.490  0.3018E+01  0.5408E-01
 -14.480  0.3025E+01  0.8411E-01
 -14.470  0.3002E+01  0.1147E+00
 -14.460  0.3123E+01  0.1455E+00
 -14.450  0.3132E+01  0.1765E+00
 -14.440  0.3155E+01  0.2082E+00
 -14.430  0.3232E+01  0.2399E+00
 -14.420  0.3220E+01  0.2723E+00
 -14.410  0.3295E+01  0.3048E+00
 -14.400  0.3316E+01  0.3381E+00
 -14.390  0.3367E+01  0.3714E+00
 -14.380  0.3447E+01  0.4056E+00
 -14.370  0.3443E+01  0.4399E+00
 -14.360  0.3542E+01  0.4748E+00
 -14.350  0.3551E+01  0.5103E+00
 -14.340  0.3616E+01  0.5461E+00
 -14.330  0.3685E+01  0.5827E+00
 -14.320  0.3720E+01  0.6197E+00
 -14.310  0.3802E+01  0.6572E+00
 -14.300  0.3849E+01  0.6957E+00
 -14.290  0.3916E+01  0.7344E+00
 -14.280  0.4008E+01  0.7740E+00
 -14.270  0.4054E+01  0.8144E+00
 -14.260  0.4137E+01  0.8552E+00
 -14.250  0.4235E+01  0.8971E+00
 -14.240  0.4299E+01  0.9398E+00
 -14.230  0.4385E+01  0.9831E+00
 -14.220  0.4498E+01  0.1028E+01
 -14.210  0.4581E+01  0.1073E+01
 -14.200  0.4678E+01  0.1119E+01
 -14.190  0.4817E+01  0.1167E+01
 -14.180  0.4913E+01  0.1215E+01
 -14.170  0.5048E+01  0.1265E+01
 -14.160  0.5202E+01  0.1317E+01
 -14.150  0.5329E+01  0.1369E+01
 -14.140  0.5498E+01  0.1423E+01
 -14.130  0.5679E+01  0.1479E+01
 -14.120  0.5848E+01  0.1537E+01
 -14.110  0.6065E+01  0.1596E+01
 -14.100  0.6296E+01  0.1658E+01
 -14.090  0.6532E+01  0.1722E+01
 -14.080  0.6809E+01  0.1789E+01
 -14.070  0.7135E+01  0.1858E+01
 -14.060  0.7463E+01  0.1931E+01
 -14.050  0.7879E+01  0.2008E+01
 -14.040  0.8332E+01  0.2089E+01
 -14.030  0.8878E+01  0.2175E+01
 -14.020  0.9568E+01  0.2267E+01
 -14.010  0.1034E+02  0.2367E+01
 -14.000  0.1145E+02  0.2475E+01
 -13.990  0.1286E+02  0.2597E+01
 -13.980  0.1521E+02  0.2736E+01
 -13.970  0.2055E+02  0.2909E+01
 -13.960  0.2087E+02  0.3149E+01
 -13.950  0.1599E+02  0.3329E+01
 -13.940  0.1422E+02  0.3478E+01
 -13.930  0.1264E+02  0.3612E+01
 -13.920  0.1167E+02  0.3734E+01
 -13.910  0.1131E+02  0.3848E+01
 -13.900  0.1154E+02  0.3955E+01
 -13.890  0.0000E+00  0.4000E+01
 -13.880  0.0000E+00  0.4000E+01
 -13.870  0.0000E+00  0.4000E+01
 -13.860  0.0000E+00  0.4000E+01
 -13.850  0.0000E+00  0.4000E+01
 -13.840  0.0000E+00  0.4000E+01
 -13.830  0.0000E+00  0.4000E+01
 -13.820  0.0000E+00  0.4000E+01
 -13.810  0.0000E+00  0.4000E+01
 -13.800  0.0000E+00  0.4000E+01
 -13.790  0.0000E+00  0.4000E+01
 -13.780  0.0000E+00  0.4000E+01
 -13.770  0.0000E+00  0.4000E+01
 -13.760  0.0000E+00  0.4000E+01
 -13.750  0.0000E+00  0.4000E+01
 -13.740  0.0000E+00  0.4000E+01
 -13.730  0.0000E+00  0.4000E+01
 -13.720  0.0000E+00  0.4000E+01
 -13.710  0.0000E+00  0.4000E+01
 -13.700  0.0000E+00  0.4000E+01
 -13.690  0.0000E+00  0.4000E+01
 -13.680  0.0000E+00  0.4000E+01
 -13.670  0.0000E+00  0.4000E+01
 -13.660  0.0000E+00  0.4000E+01
 -13.650  0.0000E+00  0.4000E+01
 -13.640  0.0000E+00  0.4000E+01
 -13.630  0.0000E+00  0.4000E+01
 -13.620  0.0000E+00  0.4000E+01
 -13.610  0.0000E+00  0.4000E+01
 -13.600  0.0000E+00  0.4000E+01
 -13.590  0.0000E+00  0.4000E+01
 -13.580  0.0000E+00  0.4000E+01
 -13.570  0.0000E+00  0.4000E+01
 -13.560  0.0000E+00  0.4000E+01
 -13.550  0.0000E+00  0.4000E+01
 -13.540  0.0000E+00  0.4000E+01
 -13.530  0.0000E+00  0.4000E+01
 -13.520  0.0000E+00  0.4000E+01
 -13.510  0.0000E+00  0.4000E+01
 -13.500  0.0000E+00  0.4000E+01
 -13.490  0.0000E+00  0.4000E+01
 -13.480  0.0000E+00  0.4000E+01
 -13.470  0.0000E+00  0.4000E+01
 -13.460  0.0000E+00  0.4000E+01
 -13.450  0.0000E+00  0.4000E+01
 -13.440  0.0000E+00  0.4000E+01
 -13.430  0.0000E+00  0.4000E+01
 -13.420  0.0000E+00  0.4000E+01
 -13.410  0.0000E+00  0.4000E+01
 -13.400  0.0000E+00  0.4000E+01
 -13.390  0.0000E+00  0.4000E+01
 -13.380  0.0000E+00  0.4000E+01
 -13.370  0.0000E+00  0.4000E+01
 -13.360  0.0000E+00  0.4000E+01
 -13.350  0.0000E+00  0.4000E+01
 -13.340  0.0000E+00  0.4000E+01
 -13.330  0.0000E+00  0.4000E+01
 -13.320  0.0000E+00  0.4000E+01
 -13.310  0.0000E+00  0.4000E+01
 -13.300  0.0000E+00  0.4000E+01
 -13.290  0.0000E+00  0.4000E+01
 -13.280  0.0000E+00  0.4000E+01
 -13.270  0.0000E+00  0.4000E+01
 -13.260  0.0000E+00  0.4000E+01
 -13.250  0.0000E+00  0.4000E+01
 -13.240  0.0000E+00  0.4000E+01
 -13.230  0.0000E+00  0.4000E+01
 -13.220  0.0000E+00  0.4000E+01
 -13.210  0.0000E+00  0.4000E+01
 -13.200  0.0000E+00  0.4000E+01
 -13.190  0.0000E+00  0.4000E+01
 -13.180  0.0000E+00  0.4000E+01
 -13.170  0.0000E+00  0.4000E+01
 -13.160  0.0000E+00  0.4000E+01
 -13.150  0.0000E+00  0.4000E+01
 -13.140  0.0000E+00  0.4000E+01
 -13.130  0.0000E+00  0.4000E+01
 -13.120  0.0000E+00  0.4000E+01
 -13.110  0.0000E+00  0.4000E+01
 -13.100  0.0000E+00  0.4000E+01
 -13.090  0.0000E+00  0.4000E+01
 -13.080  0.0000E+00  0.4000E+01
 -13.070  0.0000E+00  0.4000E+01
 -13.060  0.0000E+00  0.4000E+01
 -13.050  0.0000E+00  0.4000E+01
 -13.040  0.0000E+00  0.4000E+01
 -13.030  0.0000E+00  0.4000E+01
 -13.020  0.0000E+00  0.4000E+01
 -13.010  0.0000E+00  0.4000E+01
 -13.000  0.0000E+00  0.4000E+01
 -12.990  0.0000E+00  0.4000E+01
 -12.980  0.0000E+00  0.4000E+01
 -12.970  0.0000E+00  0.4000E+01
 -12.960  0.0000E+00  0.4000E+01
 -12.950  0.0000E+00  0.4000E+01
 -12.940  0.0000E+00  0.4000E+01
 -12.930  0.0000E+00  0.4000E+01
 -12.920  0.0000E+00  0.4000E+01
 -12.910  0.0000E+00  0.4000E+01
 -12.900  0.0000E+00  0.4000E+01
 -12.890  0.0000E+00  0.4000E+01
 -12.880  0.0000E+00  0.4000E+01
 -12.870  0.0000E+00  0.4000E+01
 -12.860  0.0000E+00  0.4000E+01
 -12.850  0.0000E+00  0.4000E+01
 -12.840  0.0000E+00  0.4000E+01
 -12.830  0.0000E+00  0.4000E+01
 -12.820  0.0000E+00  0.4000E+01
 -12.810  0.0000E+00  0.4000E+01
 -12.800  0.0000E+00  0.4000E+01
 -12.790  0.0000E+00  0.4000E+01
 -12.780  0.0000E+00  0.4000E+01
 -12.770  0.0000E+00  0.4000E+01
 -12.760  0.0000E+00  0.4000E+01
 -12.750  0.0000E+00  0.4000E+01
 -12.740  0.0000E+00  0.4000E+01
 -12.730  0.0000E+00  0.4000E+01
 -12.720  0.0000E+00  0.4000E+01
 -12.710  0.0000E+00  0.4000E+01
 -12.700  0.0000E+00  0.4000E+01
 -12.690  0.0000E+00  0.4000E+01
 -12.680  0.0000E+00  0.4000E+01
 -12.670  0.0000E+00  0.4000E+01
 -12.660  0.0000E+00  0.4000E+01
 -12.650  0.0000E+00  0.4000E+01
 -12.640  0.0000E+00  0.4000E+01
 -12.630  0.0000E+00  0.4000E+01
 -12.620  0.0000E+00  0.4000E+01
 -12.610  0.0000E+00  0.4000E+01
 -12.600  0.0000E+00  0.4000E+01
 -12.590  0.0000E+00  0.4000E+01
 -12.580  0.0000E+00  0.4000E+01
 -12.570  0.0000E+00  0.4000E+01
 -12.560  0.0000E+00  0.4000E+01
 -12.550  0.0000E+00  0.4000E+01
 -12.540  0.0000E+00  0.4000E+01
 -12.530  0.0000E+00  0.4000E+01
 -12.520  0.0000E+00  0.4000E+01
 -12.510  0.0000E+00  0.4000E+01
 -12.500  0.0000E+00  0.4000E+01
 -12.490  0.0000E+00  0.4000E+01
 -12.480  0.0000E+00  0.4000E+01
 -12.470  0.0000E+00  0.4000E+01
 -12.460  0.0000E+00  0.4000E+01
 -12.450  0.0000E+00  0.4000E+01
 -12.440  0.0000E+00  0.4000E+01
 -12.430  0.0000E+00  0.4000E+01
 -12.420  0.0000E+00  0.4000E+01
 -12.410  0.0000E+00  0.4000E+01
 -12.400  0.0000E+00  0.4000E+01
 -12.390  0.0000E+00  0.4000E+01
 -12.380  0.0000E+00  0.4000E+01
 -12.370  0.0000E+00  0.4000E+01
 -12.360  0.0000E+00  0.4000E+01
 -12.350  0.0000E+00  0.4000E+01
 -12.340  0.0000E+00  0.4000E+01
 -12.330  0.0000E+00  0.4000E+01
 -12.320  0.0000E+00  0.4000E+01
 -12.310  0.0000E+00  0.4000E+01
 -12.300  0.0000E+00  0.4000E+01
 -12.290  0.0000E+00  0.4000E+01
 -12.280  0.0000E+00  0.4000E+01
 -12.270  0.0000E+00  0.4000E+01
 -12.260  0.0000E+00  0.4000E+01
 -12.250  0.0000E+00  0.4000E+01
 -12.240  0.0000E+00  0.4000E+01
 -12.230  0.0000E+00  0.4000E+01
 -12.220  0.0000E+00  0.4000E+01
 -12.210  0.0000E+00  0.4000E+01
 -12.200  0.0000E+00  0.4000E+01
 -12.190  0.0000E+00  0.4000E+01
 -12.180  0.0000E+00  0.4000E+01
 -12.170  0.0000E+00  0.4000E+01
 -12.160  0.0000E+00  0.4000E+01
 -12.150  0.0000E+00  0.4000E+01
 -12.140  0.0000E+00  0.4000E+01
 -12.130  0.0000E+00  0.4000E+01
 -12.120  0.0000E+00  0.4000E+01
 -12.110  0.0000E+00  0.4000E+01
 -12.100  0.0000E+00  0.4000E+01
 -12.090  0.0000E+00  0.4000E+01
 -12.080  0.0000E+00  0.4000E+01
 -12.070  0.0000E+00  0.4000E+01
 -12.060  0.0000E+00  0.4000E+01
 -12.050  0.0000E+00  0.4000E+01
 -12.040  0.0000E+00  0.4000E+01
 -12.030  0.0000E+00  0.4000E+01
 -12.020  0.0000E+00  0.4000E+01
 -12.010  0.0000E+00  0.4000E+01
 -12.000  0.0000E+00  0.4000E+01
 -11.990  0.0000E+00  0.4000E+01
 -11.980  0.0000E+00  0.4000E+01
 -11.970  0.0000E+00  0.4000E+01
 -11.960  0.0000E+00  0.4000E+01
 -11.950  0.0000E+00  0.4000E+01
 -11.940  0.0000E+00  0.4000E+01
 -11.930  0.0000E+00  0.4000E+01
 -11.920  0.0000E+00  0.4000E+01
 -11.910  0.0000E+00  0.4000E+01
 -11.900  0.0000E+00  0.4000E+01
 -11.890  0.0000E+00  0.4000E+01
 -11.880  0.0000E+00  0.4000E+01
 -11.870  0.0000E+00  0.4000E+01
 -11.860  0.0000E+00  0.4000E+01
 -11.850  0.0000E+00  0.4000E+01
 -11.840  0.0000E+00  0.4000E+01
 -11.830  0.0000E+00  0.4000E+01
 -11.820  0.0000E+00  0.4000E+01
 -11.810  0.0000E+00  0.4000E+01
 -11.800  0.0000E+00  0.4000E+01
 -11.790  0.0000E+00  0.4000E+01
 -11.780  0.0000E+00  0.4000E+01
 -11.770  0.0000E+00  0.4000E+01
 -11.760  0.0000E+00  0.4000E+01
 -11.750  0.0000E+00  0.4000E+01
 -11.740  0.0000E+00  0.4000E+01
 -11.730  0.0000E+00  0.4000E+01
 -11.720  0.0000E+00  0.4000E+01
 -11.710  0.0000E+00  0.4000E+01
 -11.700  0.0000E+00  0.4000E+01
 -11.690  0.0000E+00  0.4000E+01
 -11.680  0.0000E+00  0.4000E+01
 -11.670  0.0000E+00  0.4000E+01
 -11.660  0.0000E+00  0.4000E+01
 -11.650  0.0000E+00  0.4000E+01
 -11.640  0.0000E+00  0.4000E+01
 -11.630  0.0000E+00  0.4000E+01
 -11.620  0.0000E+00  0.4000E+01
 -11.610  0.0000E+00  0.4000E+01
 -11.600  0.0000E+00  0.4000E+01
 -11.590  0.0000E+00  0.4000E+01
 -11.580  0.0000E+00  0.4000E+01
 -11.570  0.0000E+00  0.4000E+01
 -11.560  0.0000E+00  0.4000E+01
 -11.550  0.0000E+00  0.4000E+01
 -11.540  0.0000E+00  0.4000E+01
 -11.530  0.0000E+00  0.4000E+01
 -11.520  0.0000E+00  0.4000E+01
 -11.510  0.0000E+00  0.4000E+01
 -11.500  0.0000E+00  0.4000E+01
 -11.490  0.0000E+00  0.4000E+01
 -11.480  0.0000E+00  0.4000E+01
 -11.470  0.0000E+00  0.4000E+01
 -11.460  0.0000E+00  0.4000E+01
 -11.450  0.0000E+00  0.4000E+01
 -11.440  0.0000E+00  0.4000E+01
 -11.430  0.0000E+00  0.4000E+01
 -11.420  0.0000E+00  0.4000E+01
 -11.410  0.0000E+00  0.4000E+01
 -11.400  0.0000E+00  0.4000E+01
 -11.390  0.0000E+00  0.4000E+01
 -11.380  0.0000E+00  0.4000E+01
 -11.370  0.0000E+00  0.4000E+01
 -11.360  0.0000E+00  0.4000E+01
 -11.350  0.0000E+00  0.4000E+01
 -11.340  0.0000E+00  0.4000E+01
 -11.330  0.0000E+00  0.4000E+01
 -11.320  0.0000E+00  0.4000E+01
 -11.310  0.0000E+00  0.4000E+01
 -11.300  0.0000E+00  0.4000E+01
 -11.290  0.0000E+00  0.4000E+01
 -11.280  0.0000E+00  0.4000E+01
 -11.270  0.0000E+00  0.4000E+01
 -11.260  0.0000E+00  0.4000E+01
 -11.250  0.0000E+00  0.4000E+01
 -11.240  0.0000E+00  0.4000E+01
 -11.230  0.0000E+00  0.4000E+01
 -11.220  0.0000E+00  0.4000E+01
 -11.210  0.0000E+00  0.4000E+01
 -11.200  0.0000E+00  0.4000E+01
 -11.190  0.0000E+00  0.4000E+01
 -11.180  0.0000E+00  0.4000E+01
 -11.170  0.0000E+00  0.4000E+01
 -11.160  0.0000E+00  0.4000E+01
 -11.150  0.0000E+00  0.4000E+01
 -11.140  0.0000E+00  0.4000E+01
 -11.130  0.0000E+00  0.4000E+01
 -11.120  0.0000E+00  0.4000E+01
 -11.110  0.0000E+00  0.4000E+01
 -11.100  0.0000E+00  0.4000E+01
 -11.090  0.0000E+00  0.4000E+01
 -11.080  0.0000E+00  0.4000E+01
 -11.070  0.0000E+00  0.4000E+01
 -11.060  0.0000E+00  0.4000E+01
 -11.050  0.0000E+00  0.4000E+01
 -11.040  0.0000E+00  0.4000E+01
 -11.030  0.0000E+00  0.4000E+01
 -11.020  0.0000E+00  0.4000E+01
 -11.010  0.0000E+00  0.4000E+01
 -11.000  0.0000E+00  0.4000E+01
 -10.990  0.0000E+00  0.4000E+01
 -10.980  0.0000E+00  0.4000E+01
 -10.970  0.0000E+00  0.4000E+01
 -10.960  0.0000E+00  0.4000E+01
 -10.950  0.0000E+00  0.4000E+01
 -10.940  0.0000E+00  0.4000E+01
 -10.930  0.0000E+00  0.4000E+01
 -10.920  0.0000E+00  0.4000E+01
 -10.910  0.0000E+00  0.4000E+01
 -10.900  0.0000E+00  0.4000E+01
 -10.890  0.0000E+00  0.4000E+01
 -10.880  0.0000E+00  0.4000E+01
 -10.870  0.0000E+00  0.4000E+01
 -10.860  0.0000E+00  0.4000E+01
 -10.850  0.0000E+00  0.4000E+01
 -10.840  0.0000E+00  0.4000E+01
 -10.830  0.0000E+00  0.4000E+01
 -10.820  0.0000E+00  0.4000E+01
 -10.810  0.0000E+00  0.4000E+01
 -10.800  0.0000E+00  0.4000E+01
 -10.790  0.0000E+00  0.4000E+01
 -10.780  0.0000E+00  0.4000E+01
 -10.770  0.0000E+00  0.4000E+01
 -10.760  0.0000E+00  0.4000E+01
 -10.750  0.0000E+00  0.4000E+01
 -10.740  0.0000E+00  0.4000E+01
 -10.730  0.0000E+00  0.4000E+01
 -10.720  0.0000E+00  0.4000E+01
 -10.710  0.0000E+00  0.4000E+01
 -10.700  0.0000E+00  0.4000E+01
 -10.690  0.0000E+00  0.4000E+01
 -10.680  0.0000E+00  0.4000E+01
 -10.670  0.0000E+00  0.4000E+01
 -10.660  0.0000E+00  0.4000E+01
 -10.650  0.0000E+00  0.4000E+01
 -10.640  0.0000E+00  0.4000E+01
 -10.630  0.0000E+00  0.4000E+01
 -10.620  0.0000E+00  0.4000E+01
 -10.610  0.0000E+00  0.4000E+01
 -10.600  0.0000E+00  0.4000E+01
 -10.590  0.0000E+00  0.4000E+01
 -10.580  0.0000E+00  0.4000E+01
 -10.570  0.0000E+00  0.4000E+01
 -10.560  0.0000E+00  0.4000E+01
 -10.550  0.0000E+00  0.4000E+01
 -10.540  0.0000E+00  0.4000E+01
 -10.530  0.0000E+00  0.4000E+01
 -10.520  0.0000E+00  0.4000E+01
 -10.510  0.0000E+00  0.4000E+01
 -10.500  0.0000E+00  0.4000E+01
 -10.490  0.0000E+00  0.4000E+01
 -10.480  0.0000E+00  0.4000E+01
 -10.470  0.0000E+00  0.4000E+01
 -10.460  0.0000E+00  0.4000E+01
 -10.450  0.0000E+00  0.4000E+01
 -10.440  0.0000E+00  0.4000E+01
 -10.430  0.0000E+00  0.4000E+01
 -10.420  0.0000E+00  0.4000E+01
 -10.410  0.0000E+00  0.4000E+01
 -10.400  0.0000E+00  0.4000E+01
 -10.390  0.0000E+00  0.4000E+01
 -10.380  0.0000E+00  0.4000E+01
 -10.370  0.0000E+00  0.4000E+01
 -10.360  0.0000E+00  0.4000E+01
 -10.350  0.0000E+00  0.4000E+01
 -10.340  0.0000E+00  0.4000E+01
 -10.330  0.0000E+00  0.4000E+01
 -10.320  0.0000E+00  0.4000E+01
 -10.310  0.0000E+00  0.4000E+01
 -10.300  0.0000E+00  0.4000E+01
 -10.290  0.0000E+00  0.4000E+01
 -10.280  0.0000E+00  0.4000E+01
 -10.270  0.0000E+00  0.4000E+01
 -10.260  0.0000E+00  0.4000E+01
 -10.250  0.0000E+00  0.4000E+01
 -10.240  0.0000E+00  0.4000E+01
 -10.230  0.0000E+00  0.4000E+01
 -10.220  0.0000E+00  0.4000E+01
 -10.210  0.0000E+00  0.4000E+01
 -10.200  0.0000E+00  0.4000E+01
 -10.190  0.0000E+00  0.4000E+01
 -10.180  0.0000E+00  0.4000E+01
 -10.170  0.0000E+00  0.4000E+01
 -10.160  0.0000E+00  0.4000E+01
 -10.150  0.0000E+00  0.4000E+01
 -10.140  0.0000E+00  0.4000E+01
 -10.130  0.0000E+00  0.4000E+01
 -10.120  0.0000E+00  0.4000E+01
 -10.110  0.0000E+00  0.4000E+01
 -10.100  0.0000E+00  0.4000E+01
 -10.090  0.0000E+00  0.4000E+01
 -10.080  0.0000E+00  0.4000E+01
 -10.070  0.0000E+00  0.4000E+01
 -10.060  0.0000E+00  0.4000E+01
 -10.050  0.0000E+00  0.4000E+01
 -10.040  0.0000E+00  0.4000E+01
 -10.030  0.0000E+00  0.4000E+01
 -10.020  0.0000E+00  0.4000E+01
 -10.010  0.0000E+00  0.4000E+01
 -10.000  0.0000E+00  0.4000E+01
  -9.990  0.0000E+00  0.4000E+01
  -9.980  0.0000E+00  0.4000E+01
  -9.970  0.0000E+00  0.4000E+01
  -9.960  0.0000E+00  0.4000E+01
  -9.950  0.0000E+00  0.4000E+01
  -9.940  0.0000E+00  0.4000E+01
  -9.930  0.0000E+00  0.4000E+01
  -9.920  0.0000E+00  0.4000E+01
  -9.910  0.0000E+00  0.4000E+01
  -9.900  0.0000E+00  0.4000E+01
  -9.890  0.0000E+00  0.4000E+01
  -9.880  0.0000E+00  0.4000E+01
  -9.870  0.0000E+00  0.4000E+01
  -9.860  0.0000E+00  0.4000E+01
  -9.850  0.0000E+00  0.4000E+01
  -9.840  0.0000E+00  0.4000E+01
  -9.830  0.0000E+00  0.4000E+01
  -9.820  0.0000E+00  0.4000E+01
  -9.810  0.0000E+00  0.4000E+01
  -9.800  0.0000E+00  0.4000E+01
  -9.790  0.0000E+00  0.4000E+01
  -9.780  0.0000E+00  0.4000E+01
  -9.770  0.0000E+00  0.4000E+01
  -9.760  0.0000E+00  0.4000E+01
  -9.750  0.0000E+00  0.4000E+01
  -9.740  0.0000E+00  0.4000E+01
  -9.730  0.0000E+00  0.4000E+01
  -9.720  0.0000E+00  0.4000E+01
  -9.710  0.0000E+00  0.4000E+01
  -9.700  0.0000E+00  0.4000E+01
  -9.690  0.0000E+00  0.4000E+01
  -9.680  0.0000E+00  0.4000E+01
  -9.670  0.0000E+00  0.4000E+01
  -9.660  0.0000E+00  0.4000E+01
  -9.650  0.0000E+00  0.4000E+01
  -9.640  0.0000E+00  0.4000E+01
  -9.630  0.0000E+00  0.4000E+01
  -9.620  0.0000E+00  0.4000E+01
  -9.610  0.0000E+00  0.4000E+01
  -9.600  0.0000E+00  0.4000E+01
  -9.590  0.0000E+00  0.4000E+01
  -9.580  0.0000E+00  0.4000E+01
  -9.570  0.0000E+00  0.4000E+01
  -9.560  0.0000E+00  0.4000E+01
  -9.550  0.0000E+00  0.4000E+01
  -9.540  0.0000E+00  0.4000E+01
  -9.530  0.0000E+00  0.4000E+01
  -9.520  0.0000E+00  0.4000E+01
  -9.510  0.0000E+00  0.4000E+01
  -9.500  0.0000E+00  0.4000E+01
  -9.490  0.0000E+00  0.4000E+01
  -9.480  0.0000E+00  0.4000E+01
  -9.470  0.0000E+00  0.4000E+01
  -9.460  0.0000E+00  0.4000E+01
  -9.450  0.0000E+00  0.4000E+01
  -9.440  0.0000E+00  0.4000E+01
  -9.430  0.0000E+00  0.4000E+01
  -9.420  0.0000E+00  0.4000E+01
  -9.410  0.0000E+00  0.4000E+01
  -9.400  0.0000E+00  0.4000E+01
  -9.390  0.0000E+00  0.4000E+01
  -9.380  0.0000E+00  0.4000E+01
  -9.370  0.0000E+00  0.4000E+01
  -9.360  0.0000E+00  0.4000E+01
  -9.350  0.0000E+00  0.4000E+01
  -9.340  0.0000E+00  0.4000E+01
  -9.330  0.0000E+00  0.4000E+01
  -9.320  0.0000E+00  0.4000E+01
  -9.310  0.0000E+00  0.4000E+01
  -9.300  0.0000E+00  0.4000E+01
  -9.290  0.0000E+00  0.4000E+01
  -9.280  0.0000E+00  0.4000E+01
  -9.270  0.0000E+00  0.4000E+01
  -9.260  0.0000E+00  0.4000E+01
  -9.250  0.0000E+00  0.4000E+01
  -9.240  0.0000E+00  0.4000E+01
  -9.230  0.0000E+00  0.4000E+01
  -9.220  0.0000E+00  0.4000E+01
  -9.210  0.0000E+00  0.4000E+01
  -9.200  0.0000E+00  0.4000E+01
  -9.190  0.0000E+00  0.4000E+01
  -9.180  0.0000E+00  0.4000E+01
  -9.170  0.0000E+00  0.4000E+01
  -9.160  0.0000E+00  0.4000E+01
  -9.150  0.0000E+00  0.4000E+01
  -9.140  0.0000E+00  0.4000E+01
  -9.130  0.0000E+00  0.4000E+01
  -9.120  0.0000E+00  0.4000E+01
  -9.110  0.0000E+00  0.4000E+01
  -9.100  0.0000E+00  0.4000E+01
  -9.090  0.0000E+00  0.4000E+01
  -9.080  0.0000E+00  0.4000E+01
  -9.070  0.0000E+00  0.4000E+01
  -9.060  0.0000E+00  0.4000E+01
  -9.050  0.0000E+00  0.4000E+01
  -9.040  0.0000E+00  0.4000E+01
  -9.030  0.0000E+00  0.4000E+01
  -9.020  0.0000E+00  0.4000E+01
  -9.010  0.0000E+00  0.4000E+01
  -9.000  0.2247E+00  0.4000E+01
  -8.990  0.7213E+00  0.4006E+01
  -8.980  0.1045E+01  0.4016E+01
  -8.970  0.1110E+01  0.4028E+01
  -8.960  0.1129E+01  0.4039E+01
  -8.950  0.1101E+01  0.4050E+01
  -8.940  0.1105E+01  0.4061E+01
  -8.930  0.1089E+01  0.4072E+01
  -8.920  0.1112E+01  0.4083E+01
  -8.910  0.1136E+01  0.4095E+01
  -8.900  0.1131E+01  0.4106E+01
  -8.890  0.1108E+01  0.4117E+01
  -8.880  0.1128E+01  0.4128E+01
  -8.870  0.1149E+01  0.4140E+01
  -8.860  0.1137E+01  0.4151E+01
  -8.850  0.1117E+01  0.4162E+01
  -8.840  0.1132E+01  0.4174E+01
  -8.830  0.1152E+01  0.4185E+01
  -8.820  0.1151E+01  0.4197E+01
  -8.810  0.1135E+01  0.4208E+01
  -8.800  0.1126E+01  0.4219E+01
  -8.790  0.1137E+01  0.4231E+01
  -8.780  0.1161E+01  0.4242E+01
  -8.770  0.1161E+01  0.4254E+01
  -8.760  0.1149E+01  0.4265E+01
  -8.750  0.1143E+01  0.4277E+01
  -8.740  0.1146E+01  0.4288E+01
  -8.730  0.1156E+01  0.4300E+01
  -8.720  0.1175E+01  0.4311E+01
  -8.710  0.1177E+01  0.4323E+01
  -8.700  0.1160E+01  0.4335E+01
  -8.690  0.1154E+01  0.4347E+01
  -8.680  0.1161E+01  0.4358E+01
  -8.670  0.1168E+01  0.4370E+01
  -8.660  0.1175E+01  0.4381E+01
  -8.650  0.1191E+01  0.4393E+01
  -8.640  0.1191E+01  0.4405E+01
  -8.630  0.1174E+01  0.4417E+01
  -8.620  0.1170E+01  0.4429E+01
  -8.610  0.1176E+01  0.4440E+01
  -8.600  0.1187E+01  0.4452E+01
  -8.590  0.1196E+01  0.4464E+01
  -8.580  0.1204E+01  0.4476E+01
  -8.570  0.1203E+01  0.4488E+01
  -8.560  0.1196E+01  0.4500E+01
  -8.550  0.1193E+01  0.4512E+01
  -8.540  0.1194E+01  0.4524E+01
  -8.530  0.1199E+01  0.4536E+01
  -8.520  0.1209E+01  0.4548E+01
  -8.510  0.1220E+01  0.4560E+01
  -8.500  0.1229E+01  0.4572E+01
  -8.490  0.1222E+01  0.4585E+01
  -8.480  0.1212E+01  0.4597E+01
  -8.470  0.1216E+01  0.4609E+01
  -8.460  0.1219E+01  0.4621E+01
  -8.450  0.1223E+01  0.4633E+01
  -8.440  0.1228E+01  0.4646E+01
  -8.430  0.1239E+01  0.4658E+01
  -8.420  0.1251E+01  0.4670E+01
  -8.410  0.1248E+01  0.4683E+01
  -8.400  0.1239E+01  0.4695E+01
  -8.390  0.1239E+01  0.4708E+01
  -8.380  0.1243E+01  0.4720E+01
  -8.370  0.1249E+01  0.4733E+01
  -8.360  0.1254E+01  0.4745E+01
  -8.350  0.1260E+01  0.4758E+01
  -8.340  0.1267E+01  0.4770E+01
  -8.330  0.1276E+01  0.4783E+01
  -8.320  0.1277E+01  0.4796E+01
  -8.310  0.1270E+01  0.4809E+01
  -8.300  0.1269E+01  0.4821E+01
  -8.290  0.1270E+01  0.4834E+01
  -8.280  0.1277E+01  0.4847E+01
  -8.270  0.1286E+01  0.4859E+01
  -8.260  0.1293E+01  0.4872E+01
  -8.250  0.1300E+01  0.4885E+01
  -8.240  0.1306E+01  0.4898E+01
  -8.230  0.1306E+01  0.4911E+01
  -8.220  0.1304E+01  0.4924E+01
  -8.210  0.1306E+01  0.4938E+01
  -8.200  0.1309E+01  0.4951E+01
  -8.190  0.1312E+01  0.4964E+01
  -8.180  0.1318E+01  0.4977E+01
  -8.170  0.1327E+01  0.4990E+01
  -8.160  0.1335E+01  0.5003E+01
  -8.150  0.1343E+01  0.5017E+01
  -8.140  0.1345E+01  0.5030E+01
  -8.130  0.1341E+01  0.5044E+01
  -8.120  0.1343E+01  0.5057E+01
  -8.110  0.1350E+01  0.5071E+01
  -8.100  0.1355E+01  0.5084E+01
  -8.090  0.1360E+01  0.5098E+01
  -8.080  0.1364E+01  0.5111E+01
  -8.070  0.1372E+01  0.5125E+01
  -8.060  0.1382E+01  0.5139E+01
  -8.050  0.1391E+01  0.5153E+01
  -8.040  0.1394E+01  0.5166E+01
  -8.030  0.1393E+01  0.5180E+01
  -8.020  0.1393E+01  0.5194E+01
  -8.010  0.1398E+01  0.5208E+01
  -8.000  0.1406E+01  0.5222E+01
  -7.990  0.1414E+01  0.5236E+01
  -7.980  0.1420E+01  0.5251E+01
  -7.970  0.1427E+01  0.5265E+01
  -7.960  0.1433E+01  0.5279E+01
  -7.950  0.1443E+01  0.5294E+01
  -7.940  0.1450E+01  0.5308E+01
  -7.930  0.1452E+01  0.5322E+01
  -7.920  0.1455E+01  0.5337E+01
  -7.910  0.1459E+01  0.5352E+01
  -7.900  0.1464E+01  0.5366E+01
  -7.890  0.1474E+01  0.5381E+01
  -7.880  0.1485E+01  0.5396E+01
  -7.870  0.1493E+01  0.5411E+01
  -7.860  0.1501E+01  0.5426E+01
  -7.850  0.1509E+01  0.5441E+01
  -7.840  0.1516E+01  0.5456E+01
  -7.830  0.1523E+01  0.5471E+01
  -7.820  0.1529E+01  0.5486E+01
  -7.810  0.1536E+01  0.5502E+01
  -7.800  0.1542E+01  0.5517E+01
  -7.790  0.1548E+01  0.5532E+01
  -7.780  0.1558E+01  0.5548E+01
  -7.770  0.1571E+01  0.5564E+01
  -7.760  0.1582E+01  0.5579E+01
  -7.750  0.1592E+01  0.5595E+01
  -7.740  0.1602E+01  0.5611E+01
  -7.730  0.1607E+01  0.5627E+01
  -7.720  0.1614E+01  0.5643E+01
  -7.710  0.1626E+01  0.5659E+01
  -7.700  0.1637E+01  0.5676E+01
  -7.690  0.1646E+01  0.5692E+01
  -7.680  0.1655E+01  0.5709E+01
  -7.670  0.1665E+01  0.5725E+01
  -7.660  0.1680E+01  0.5742E+01
  -7.650  0.1696E+01  0.5759E+01
  -7.640  0.1709E+01  0.5776E+01
  -7.630  0.1719E+01  0.5793E+01
  -7.620  0.1726E+01  0.5810E+01
  -7.610  0.1739E+01  0.5828E+01
  -7.600  0.1755E+01  0.5845E+01
  -7.590  0.1770E+01  0.5863E+01
  -7.580  0.1783E+01  0.5880E+01
  -7.570  0.1795E+01  0.5898E+01
  -7.560  0.1808E+01  0.5916E+01
  -7.550  0.1827E+01  0.5935E+01
  -7.540  0.1848E+01  0.5953E+01
  -7.530  0.1863E+01  0.5972E+01
  -7.520  0.1877E+01  0.5990E+01
  -7.510  0.1891E+01  0.6009E+01
  -7.500  0.1910E+01  0.6028E+01
  -7.490  0.1933E+01  0.6047E+01
  -7.480  0.1953E+01  0.6067E+01
  -7.470  0.1971E+01  0.6086E+01
  -7.460  0.1987E+01  0.6106E+01
  -7.450  0.2010E+01  0.6126E+01
  -7.440  0.2037E+01  0.6146E+01
  -7.430  0.2062E+01  0.6167E+01
  -7.420  0.2085E+01  0.6188E+01
  -7.410  0.2106E+01  0.6208E+01
  -7.400  0.2134E+01  0.6230E+01
  -7.390  0.2167E+01  0.6251E+01
  -7.380  0.2196E+01  0.6273E+01
  -7.370  0.2222E+01  0.6295E+01
  -7.360  0.2248E+01  0.6317E+01
  -7.350  0.2285E+01  0.6340E+01
  -7.340  0.2325E+01  0.6363E+01
  -7.330  0.2361E+01  0.6387E+01
  -7.320  0.2398E+01  0.6410E+01
  -7.310  0.2443E+01  0.6435E+01
  -7.300  0.2494E+01  0.6459E+01
  -7.290  0.2539E+01  0.6484E+01
  -7.280  0.2580E+01  0.6510E+01
  -7.270  0.2635E+01  0.6536E+01
  -7.260  0.2697E+01  0.6563E+01
  -7.250  0.2754E+01  0.6590E+01
  -7.240  0.2818E+01  0.6618E+01
  -7.230  0.2905E+01  0.6647E+01
  -7.220  0.2999E+01  0.6676E+01
  -7.210  0.3080E+01  0.6706E+01
  -7.200  0.3186E+01  0.6738E+01
  -7.190  0.3306E+01  0.6770E+01
  -7.180  0.3414E+01  0.6804E+01
  -7.170  0.3566E+01  0.6839E+01
  -7.160  0.3771E+01  0.6875E+01
  -7.150  0.4038E+01  0.6914E+01
  -7.140  0.4367E+01  0.6956E+01
  -7.130  0.4881E+01  0.7002E+01
  -7.120  0.5895E+01  0.7058E+01
  -7.110  0.7501E+01  0.7119E+01
  -7.100  0.4950E+01  0.7174E+01
  -7.090  0.4462E+01  0.7221E+01
  -7.080  0.4194E+01  0.7264E+01
  -7.070  0.3927E+01  0.7305E+01
  -7.060  0.3681E+01  0.7343E+01
  -7.050  0.3435E+01  0.7378E+01
  -7.040  0.3320E+01  0.7413E+01
  -7.030  0.3278E+01  0.7446E+01
  -7.020  0.3208E+01  0.7478E+01
  -7.010  0.3105E+01  0.7509E+01
  -7.000  0.2964E+01  0.7540E+01
  -6.990  0.2861E+01  0.7569E+01
  -6.980  0.2825E+01  0.7597E+01
  -6.970  0.2764E+01  0.7625E+01
  -6.960  0.2692E+01  0.7652E+01
  -6.950  0.2676E+01  0.7679E+01
  -6.940  0.2597E+01  0.7706E+01
  -6.930  0.2490E+01  0.7731E+01
  -6.920  0.2476E+01  0.7756E+01
  -6.910  0.2447E+01  0.7780E+01
  -6.900  0.2437E+01  0.7805E+01
  -6.890  0.2331E+01  0.7828E+01
  -6.880  0.2244E+01  0.7851E+01
  -6.870  0.2309E+01  0.7874E+01
  -6.860  0.2208E+01  0.7897E+01
  -6.850  0.2108E+01  0.7919E+01
  -6.840  0.2135E+01  0.7941E+01
  -6.830  0.2034E+01  0.7962E+01
  -6.820  0.1894E+01  0.7983E+01
  -6.810  0.9046E+00  0.7997E+01
  -6.800  0.0000E+00  0.8000E+01
  -6.790  0.0000E+00  0.8000E+01
  -6.780  0.0000E+00  0.8000E+01
  -6.770  0.0000E+00  0.8000E+01
  -6.760  0.0000E+00  0.8000E+01
  -6.750  0.0000E+00  0.8000E+01
  -6.740  0.0000E+00  0.8000E+01
  -6.730  0.0000E+00  0.8000E+01
  -6.720  0.0000E+00  0.8000E+01
  -6.710  0.0000E+00  0.8000E+01
  -6.700  0.0000E+00  0.8000E+01
  -6.690  0.0000E+00  0.8000E+01
  -6.680  0.0000E+00  0.8000E+01
  -6.670  0.0000E+00  0.8000E+01
  -6.660  0.0000E+00  0.8000E+01
  -6.650  0.0000E+00  0.8000E+01
  -6.640  0.0000E+00  0.8000E+01
  -6.630  0.0000E+00  0.8000E+01
  -6.620  0.0000E+00  0.8000E+01
  -6.610  0.0000E+00  0.8000E+01
  -6.600  0.0000E+00  0.8000E+01
  -6.590  0.0000E+00  0.8000E+01
  -6.580  0.0000E+00  0.8000E+01
  -6.570  0.0000E+00  0.8000E+01
  -6.560  0.0000E+00  0.8000E+01
  -6.550  0.0000E+00  0.8000E+01
  -6.540  0.0000E+00  0.8000E+01
  -6.530  0.0000E+00  0.8000E+01
  -6.520  0.0000E+00  0.8000E+01
  -6.510  0.0000E+00  0.8000E+01
  -6.500  0.0000E+00  0.8000E+01
  -6.490  0.0000E+00  0.8000E+01
  -6.480  0.0000E+00  0.8000E+01
  -6.470  0.0000E+00  0.8000E+01
  -6.460  0.0000E+00  0.8000E+01
  -6.450  0.0000E+00  0.8000E+01
  -6.440  0.0000E+00  0.8000E+01
  -6.430  0.0000E+00  0.8000E+01
  -6.420  0.0000E+00  0.8000E+01
  -6.410  0.0000E+00  0.8000E+01
  -6.400  0.0000E+00  0.8000E+01
  -6.390  0.0000E+00  0.8000E+01
  -6.380  0.0000E+00  0.8000E+01
  -6.370  0.0000E+00  0.8000E+01
  -6.360  0.0000E+00  0.8000E+01
  -6.350  0.0000E+00  0.8000E+01
  -6.340  0.0000E+00  0.8000E+01
  -6.330  0.0000E+00  0.8000E+01
  -6.320  0.0000E+00  0.8000E+01
  -6.310  0.0000E+00  0.8000E+01
  -6.300  0.0000E+00  0.8000E+01
  -6.290  0.0000E+00  0.8000E+01
  -6.280  0.0000E+00  0.8000E+01
  -6.270  0.0000E+00  0.8000E+01
  -6.260  0.0000E+00  0.8000E+01
  -6.250  0.0000E+00  0.8000E+01
  -6.240  0.0000E+00  0.8000E+01
  -6.230  0.0000E+00  0.8000E+01
  -6.220  0.0000E+00  0.8000E+01
  -6.210  0.0000E+00  0.8000E+01
  -6.200  0.0000E+00  0.8000E+01
  -6.190  0.0000E+00  0.8000E+01
  -6.180  0.0000E+00  0.8000E+01
  -6.170  0.0000E+00  0.8000E+01
  -6.160  0.0000E+00  0.8000E+01
  -6.150  0.0000E+00  0.8000E+01
  -6.140  0.0000E+00  0.8000E+01
  -6.130  0.0000E+00  0.8000E+01
  -6.120  0.0000E+00  0.8000E+01
  -6.110  0.0000E+00  0.8000E+01
  -6.100  0.0000E+00  0.8000E+01
  -6.090  0.0000E+00  0.8000E+01
  -6.080  0.0000E+00  0.8000E+01
  -6.070  0.0000E+00  0.8000E+01
  -6.060  0.0000E+00  0.8000E+01
  -6.050  0.0000E+00  0.8000E+01
  -6.040  0.0000E+00  0.8000E+01
  -6.030  0.0000E+00  0.8000E+01
  -6.020  0.0000E+00  0.8000E+01
  -6.010  0.0000E+00  0.8000E+01
  -6.000  0.0000E+00  0.8000E+01
  -5.990  0.0000E+00  0.8000E+01
  -5.980  0.0000E+00  0.8000E+01
  -5.970  0.0000E+00  0.8000E+01
  -5.960  0.0000E+00  0.8000E+01
  -5.950  0.0000E+00  0.8000E+01
  -5.940  0.0000E+00  0.8000E+01
  -5.930  0.0000E+00  0.8000E+01
  -5.920  0.0000E+00  0.8000E+01
  -5.910  0.0000E+00  0.8000E+01
  -5.900  0.0000E+00  0.8000E+01
  -5.890  0.0000E+00  0.8000E+01
  -5.880  0.0000E+00  0.8000E+01
  -5.870  0.0000E+00  0.8000E+01
  -5.860  0.0000E+00  0.8000E+01
  -5.850  0.0000E+00  0.8000E+01
  -5.840  0.0000E+00  0.8000E+01
  -5.830  0.0000E+00  0.8000E+01
  -5.820  0.0000E+00  0.8000E+01
  -5.810  0.0000E+00  0.8000E+01
  -5.800  0.0000E+00  0.8000E+01
  -5.790  0.0000E+00  0.8000E+01
  -5.780  0.0000E+00  0.8000E+01
  -5.770  0.0000E+00  0.8000E+01
  -5.760  0.0000E+00  0.8000E+01
  -5.750  0.0000E+00  0.8000E+01
  -5.740  0.0000E+00  0.8000E+01
  -5.730  0.0000E+00  0.8000E+01
  -5.720  0.0000E+00  0.8000E+01
  -5.710  0.0000E+00  0.8000E+01
  -5.700  0.0000E+00  0.8000E+01
  -5.690  0.0000E+00  0.8000E+01
  -5.680  0.0000E+00  0.8000E+01
  -5.670  0.0000E+00  0.8000E+01
  -5.660  0.0000E+00  0.8000E+01
  -5.650  0.0000E+00  0.8000E+01
  -5.640  0.0000E+00  0.8000E+01
  -5.630  0.0000E+00  0.8000E+01
  -5.620  0.0000E+00  0.8000E+01
  -5.610  0.0000E+00  0.8000E+01
  -5.600  0.0000E+00  0.8000E+01
  -5.590  0.0000E+00  0.8000E+01
  -5.580  0.0000E+00  0.8000E+01
  -5.570  0.0000E+00  0.8000E+01
  -5.560  0.0000E+00  0.8000E+01
  -5.550  0.0000E+00  0.8000E+01
  -5.540  0.0000E+00  0.8000E+01
  -5.530  0.0000E+00  0.8000E+01
  -5.520  0.0000E+00  0.8000E+01
  -5.510  0.0000E+00  0.8000E+01
  -5.500  0.0000E+00  0.8000E+01
  -5.490  0.0000E+00  0.8000E+01
  -5.480  0.0000E+00  0.8000E+01
  -5.470  0.0000E+00  0.8000E+01
  -5.460  0.0000E+00  0.8000E+01
  -5.450  0.0000E+00  0.8000E+01
  -5.440  0.0000E+00  0.8000E+01
  -5.430  0.0000E+00  0.8000E+01
  -5.420  0.0000E+00  0.8000E+01
  -5.410  0.0000E+00  0.8000E+01
  -5.400  0.0000E+00  0.8000E+01
  -5.390  0.0000E+00  0.8000E+01
  -5.380  0.0000E+00  0.8000E+01
  -5.370  0.0000E+00  0.8000E+01
  -5.360  0.0000E+00  0.8000E+01
  -5.350  0.0000E+00  0.8000E+01
  -5.340  0.0000E+00  0.8000E+01
  -5.330  0.0000E+00  0.8000E+01
  -5.320  0.0000E+00  0.8000E+01
  -5.310  0.0000E+00  0.8000E+01
  -5.300  0.0000E+00  0.8000E+01
  -5.290  0.0000E+00  0.8000E+01
  -5.280  0.0000E+00  0.8000E+01
  -5.270  0.0000E+00  0.8000E+01
  -5.260  0.0000E+00  0.8000E+01
  -5.250  0.0000E+00  0.8000E+01
  -5.240  0.0000E+00  0.8000E+01
  -5.230  0.0000E+00  0.8000E+01
  -5.220  0.0000E+00  0.8000E+01
  -5.210  0.0000E+00  0.8000E+01
  -5.200  0.0000E+00  0.8000E+01
  -5.190  0.0000E+00  0.8000E+01
  -5.180  0.0000E+00  0.8000E+01
  -5.170  0.0000E+00  0.8000E+01
  -5.160  0.0000E+00  0.8000E+01
  -5.150  0.0000E+00  0.8000E+01
  -5.140  0.0000E+00  0.8000E+01
  -5.130  0.0000E+00  0.8000E+01
  -5.120  0.0000E+00  0.8000E+01
  -5.110  0.0000E+00  0.8000E+01
  -5.100  0.0000E+00  0.8000E+01
  -5.090  0.0000E+00  0.8000E+01
  -5.080  0.0000E+00  0.8000E+01
  -5.070  0.0000E+00  0.8000E+01
  -5.060  0.0000E+00  0.8000E+01
  -5.050  0.0000E+00  0.8000E+01
  -5.040  0.0000E+00  0.8000E+01
  -5.030  0.0000E+00  0.8000E+01
  -5.020  0.0000E+00  0.8000E+01
  -5.010  0.0000E+00  0.8000E+01
  -5.000  0.0000E+00  0.8000E+01
  -4.990  0.0000E+00  0.8000E+01
  -4.980  0.0000E+00  0.8000E+01
  -4.970  0.0000E+00  0.8000E+01
  -4.960  0.0000E+00  0.8000E+01
  -4.950  0.0000E+00  0.8000E+01
  -4.940  0.0000E+00  0.8000E+01
  -4.930  0.0000E+00  0.8000E+01
  -4.920  0.0000E+00  0.8000E+01
  -4.910  0.0000E+00  0.8000E+01
  -4.900  0.0000E+00  0.8000E+01
  -4.890  0.0000E+00  0.8000E+01
  -4.880  0.0000E+00  0.8000E+01
  -4.870  0.0000E+00  0.8000E+01
  -4.860  0.0000E+00  0.8000E+01
  -4.850  0.0000E+00  0.8000E+01
  -4.840  0.0000E+00  0.8000E+01
  -4.830  0.0000E+00  0.8000E+01
  -4.820  0.0000E+00  0.8000E+01
  -4.810  0.0000E+00  0.8000E+01
  -4.800  0.0000E+00  0.8000E+01
  -4.790  0.0000E+00  0.8000E+01
  -4.780  0.0000E+00  0.8000E+01
  -4.770  0.0000E+00  0.8000E+01
  -4.760  0.0000E+00  0.8000E+01
  -4.750  0.0000E+00  0.8000E+01
  -4.740  0.0000E+00  0.8000E+01
  -4.730  0.0000E+00  0.8000E+01
  -4.720  0.0000E+00  0.8000E+01
  -4.710  0.0000E+00  0.8000E+01
  -4.700  0.0000E+00  0.8000E+01
  -4.690  0.0000E+00  0.8000E+01
  -4.680  0.0000E+00  0.8000E+01
  -4.670  0.0000E+00  0.8000E+01
  -4.660  0.0000E+00  0.8000E+01
  -4.650  0.0000E+00  0.8000E+01
  -4.640  0.0000E+00  0.8000E+01
  -4.630  0.0000E+00  0.8000E+01
  -4.620  0.0000E+00  0.8000E+01
  -4.610  0.0000E+00  0.8000E+01
  -4.600  0.0000E+00  0.8000E+01
  -4.590  0.0000E+00  0.8000E+01
  -4.580  0.0000E+00  0.8000E+01
  -4.570  0.0000E+00  0.8000E+01
  -4.560  0.0000E+00  0.8000E+01
  -4.550  0.0000E+00  0.8000E+01
  -4.540  0.0000E+00  0.8000E+01
  -4.530  0.0000E+00  0.8000E+01
  -4.520  0.0000E+00  0.8000E+01
  -4.510  0.0000E+00  0.8000E+01
  -4.500  0.0000E+00  0.8000E+01
  -4.490  0.0000E+00  0.8000E+01
  -4.480  0.0000E+00  0.8000E+01
  -4.470  0.0000E+00  0.8000E+01
  -4.460  0.0000E+00  0.8000E+01
  -4.450  0.0000E+00  0.8000E+01
  -4.440  0.0000E+00  0.8000E+01
  -4.430  0.0000E+00  0.8000E+01
  -4.420  0.0000E+00  0.8000E+01
  -4.410  0.0000E+00  0.8000E+01
  -4.400  0.0000E+00  0.8000E+01
  -4.390  0.0000E+00  0.8000E+01
  -4.380  0.0000E+00  0.8000E+01
  -4.370  0.0000E+00  0.8000E+01
  -4.360  0.0000E+00  0.8000E+01
  -4.350  0.0000E+00  0.8000E+01
  -4.340  0.0000E+00  0.8000E+01
  -4.330  0.0000E+00  0.8000E+01
  -4.320  0.0000E+00  0.8000E+01
  -4.310  0.0000E+00  0.8000E+01
  -4.300  0.0000E+00  0.8000E+01
  -4.290  0.0000E+00  0.8000E+01
  -4.280  0.0000E+00  0.8000E+01
  -4.270  0.0000E+00  0.8000E+01
  -4.260  0.0000E+00  0.8000E+01
  -4.250  0.0000E+00  0.8000E+01
  -4.240  0.0000E+00  0.8000E+01
  -4.230  0.0000E+00  0.8000E+01
  -4.220  0.0000E+00  0.8000E+01
  -4.210  0.0000E+00  0.8000E+01
  -4.200  0.0000E+00  0.8000E+01
  -4.190  0.0000E+00  0.8000E+01
  -4.180  0.0000E+00  0.8000E+01
  -4.170  0.0000E+00  0.8000E+01
  -4.160  0.0000E+00  0.8000E+01
  -4.150  0.0000E+00  0.8000E+01
  -4.140  0.0000E+00  0.8000E+01
  -4.130  0.0000E+00  0.8000E+01
  -4.120  0.0000E+00  0.8000E+01
  -4.110  0.0000E+00  0.8000E+01
  -4.100  0.0000E+00  0.8000E+01
  -4.090  0.0000E+00  0.8000E+01
  -4.080  0.0000E+00  0.8000E+01
  -4.070  0.0000E+00  0.8000E+01
  -4.060  0.0000E+00  0.8000E+01
  -4.050  0.0000E+00  0.8000E+01
  -4.040  0.0000E+00  0.8000E+01
  -4.030  0.0000E+00  0.8000E+01
  -4.020  0.0000E+00  0.8000E+01
  -4.010  0.0000E+00  0.8000E+01
  -4.000  0.0000E+00  0.8000E+01
  -3.990  0.0000E+00  0.8000E+01
  -3.980  0.0000E+00  0.8000E+01
  -3.970  0.0000E+00  0.8000E+01
  -3.960  0.0000E+00  0.8000E+01
  -3.950  0.0000E+00  0.8000E+01
  -3.940  0.0000E+00  0.8000E+01
  -3.930  0.0000E+00  0.8000E+01
  -3.920  0.0000E+00  0.8000E+01
  -3.910  0.0000E+00  0.8000E+01
  -3.900  0.0000E+00  0.8000E+01
  -3.890  0.0000E+00  0.8000E+01
  -3.880  0.0000E+00  0.8000E+01
  -3.870  0.0000E+00  0.8000E+01
  -3.860  0.0000E+00  0.8000E+01
  -3.850  0.0000E+00  0.8000E+01
  -3.840  0.0000E+00  0.8000E+01
  -3.830  0.0000E+00  0.8000E+01
  -3.820  0.0000E+00  0.8000E+01
  -3.810  0.0000E+00  0.8000E+01
  -3.800  0.0000E+00  0.8000E+01
  -3.790  0.0000E+00  0.8000E+01
  -3.780  0.0000E+00  0.8000E+01
  -3.770  0.0000E+00  0.8000E+01
  -3.760  0.0000E+00  0.8000E+01
  -3.750  0.0000E+00  0.8000E+01
  -3.740  0.0000E+00  0.8000E+01
  -3.730  0.0000E+00  0.8000E+01
  -3.720  0.0000E+00  0.8000E+01
  -3.710  0.0000E+00  0.8000E+01
  -3.700  0.0000E+00  0.8000E+01
  -3.690  0.0000E+00  0.8000E+01
  -3.680  0.0000E+00  0.8000E+01
  -3.670  0.0000E+00  0.8000E+01
  -3.660  0.0000E+00  0.8000E+01
  -3.650  0.0000E+00  0.8000E+01
  -3.640  0.0000E+00  0.8000E+01
  -3.630  0.0000E+00  0.8000E+01
  -3.620  0.0000E+00  0.8000E+01
  -3.610  0.0000E+00  0.8000E+01
  -3.600  0.0000E+00  0.8000E+01
  -3.590  0.0000E+00  0.8000E+01
  -3.580  0.0000E+00  0.8000E+01
  -3.570  0.0000E+00  0.8000E+01
  -3.560  0.0000E+00  0.8000E+01
  -3.550  0.0000E+00  0.8000E+01
  -3.540  0.0000E+00  0.8000E+01
  -3.530  0.0000E+00  0.8000E+01
  -3.520  0.0000E+00  0.8000E+01
  -3.510  0.0000E+00  0.8000E+01
  -3.500  0.0000E+00  0.8000E+01
  -3.490  0.0000E+00  0.8000E+01
  -3.480  0.0000E+00  0.8000E+01
  -3.470  0.0000E+00  0.8000E+01
  -3.460  0.0000E+00  0.8000E+01
  -3.450  0.0000E+00  0.8000E+01
  -3.440  0.0000E+00  0.8000E+01
  -3.430  0.0000E+00  0.8000E+01
  -3.420  0.0000E+00  0.8000E+01
  -3.410  0.0000E+00  0.8000E+01
  -3.400  0.0000E+00  0.8000E+01
  -3.390  0.0000E+00  0.8000E+01
  -3.380  0.0000E+00  0.8000E+01
  -3.370  0.0000E+00  0.8000E+01
  -3.360  0.0000E+00  0.8000E+01
  -3.350  0.0000E+00  0.8000E+01
  -3.340  0.0000E+00  0.8000E+01
  -3.330  0.0000E+00  0.8000E+01
  -3.320  0.0000E+00  0.8000E+01
  -3.310  0.0000E+00  0.8000E+01
  -3.300  0.0000E+00  0.8000E+01
  -3.290  0.0000E+00  0.8000E+01
  -3.280  0.0000E+00  0.8000E+01
  -3.270  0.0000E+00  0.8000E+01
  -3.260  0.0000E+00  0.8000E+01
  -3.250  0.0000E+00  0.8000E+01
  -3.240  0.0000E+00  0.8000E+01
  -3.230  0.0000E+00  0.8000E+01
  -3.220  0.0000E+00  0.8000E+01
  -3.210  0.0000E+00  0.8000E+01
  -3.200  0.0000E+00  0.8000E+01
  -3.190  0.0000E+00  0.8000E+01
  -3.180  0.0000E+00  0.8000E+01
  -3.170  0.0000E+00  0.8000E+01
  -3.160  0.0000E+00  0.8000E+01
  -3.150  0.0000E+00  0.8000E+01
  -3.140  0.0000E+00  0.8000E+01
  -3.130  0.0000E+00  0.8000E+01
  -3.120  0.0000E+00  0.8000E+01
  -3.110  0.0000E+00  0.8000E+01
  -3.100  0.0000E+00  0.8000E+01
  -3.090  0.0000E+00  0.8000E+01
  -3.080  0.0000E+00  0.8000E+01
  -3.070  0.0000E+00  0.8000E+01
  -3.060  0.0000E+00  0.8000E+01
  -3.050  0.0000E+00  0.8000E+01
  -3.040  0.0000E+00  0.8000E+01
  -3.030  0.0000E+00  0.8000E+01
  -3.020  0.0000E+00  0.8000E+01
  -3.010  0.0000E+00  0.8000E+01
  -3.000  0.0000E+00  0.8000E+01
  -2.990  0.0000E+00  0.8000E+01
  -2.980  0.0000E+00  0.8000E+01
  -2.970  0.0000E+00  0.8000E+01
  -2.960  0.0000E+00  0.8000E+01
  -2.950  0.0000E+00  0.8000E+01
  -2.940  0.0000E+00  0.8000E+01
  -2.930  0.0000E+00  0.8000E+01
  -2.920  0.0000E+00  0.8000E+01
  -2.910  0.0000E+00  0.8000E+01
  -2.900  0.0000E+00  0.8000E+01
  -2.890  0.0000E+00  0.8000E+01
  -2.880  0.0000E+00  0.8000E+01
  -2.870  0.0000E+00  0.8000E+01
  -2.860  0.0000E+00  0.8000E+01
  -2.850  0.0000E+00  0.8000E+01
  -2.840  0.0000E+00  0.8000E+01
  -2.830  0.0000E+00  0.8000E+01
  -2.820  0.0000E+00  0.8000E+01
  -2.810  0.0000E+00  0.8000E+01
  -2.800  0.0000E+00  0.8000E+01
  -2.790  0.0000E+00  0.8000E+01
  -2.780  0.0000E+00  0.8000E+01
  -2.770  0.0000E+00  0.8000E+01
  -2.760  0.0000E+00  0.8000E+01
  -2.750  0.0000E+00  0.8000E+01
  -2.740  0.0000E+00  0.8000E+01
  -2.730  0.0000E+00  0.8000E+01
  -2.720  0.0000E+00  0.8000E+01
  -2.710  0.0000E+00  0.8000E+01
  -2.700  0.0000E+00  0.8000E+01
  -2.690  0.0000E+00  0.8000E+01
  -2.680  0.0000E+00  0.8000E+01
  -2.670  0.0000E+00  0.8000E+01
  -2.660  0.0000E+00  0.8000E+01
  -2.650  0.0000E+00  0.8000E+01
  -2.640  0.0000E+00  0.8000E+01
  -2.630  0.0000E+00  0.8000E+01
  -2.620  0.0000E+00  0.8000E+01
  -2.610  0.0000E+00  0.8000E+01
  -2.600  0.0000E+00  0.8000E+01
  -2.590  0.0000E+00  0.8000E+01
  -2.580  0.0000E+00  0.8000E+01
  -2.570  0.0000E+00  0.8000E+01
  -2.560  0.0000E+00  0.8000E+01
  -2.550  0.0000E+00  0.8000E+01
  -2.540  0.0000E+00  0.8000E+01
  -2.530  0.0000E+00  0.8000E+01
  -2.520  0.0000E+00  0.8000E+01
  -2.510  0.0000E+00  0.8000E+01
  -2.500  0.9023E+00  0.8002E+01
  -2.490  0.1436E+01  0.8016E+01
  -2.480  0.2966E+01  0.8037E+01
  -2.470  0.2960E+01  0.8067E+01
  -2.460  0.3012E+01  0.8097E+01
  -2.450  0.2993E+01  0.8127E+01
  -2.440  0.3055E+01  0.8157E+01
  -2.430  0.3064E+01  0.8187E+01
  -2.420  0.3094E+01  0.8218E+01
  -2.410  0.3059E+01  0.8249E+01
  -2.400  0.3101E+01  0.8280E+01
  -2.390  0.3150E+01  0.8311E+01
  -2.380  0.3208E+01  0.8343E+01
  -2.370  0.3133E+01  0.8374E+01
  -2.360  0.3202E+01  0.8406E+01
  -2.350  0.3254E+01  0.8438E+01
  -2.340  0.3283E+01  0.8471E+01
  -2.330  0.3251E+01  0.8504E+01
  -2.320  0.3281E+01  0.8537E+01
  -2.310  0.3330E+01  0.8570E+01
  -2.300  0.3404E+01  0.8603E+01
  -2.290  0.3412E+01  0.8637E+01
  -2.280  0.3411E+01  0.8672E+01
  -2.270  0.3454E+01  0.8706E+01
  -2.260  0.3498E+01  0.8741E+01
  -2.250  0.3558E+01  0.8776E+01
  -2.240  0.3602E+01  0.8812E+01
  -2.230  0.3639E+01  0.8848E+01
  -2.220  0.3671E+01  0.8884E+01
  -2.210  0.3712E+01  0.8921E+01
  -2.200  0.3783E+01  0.8959E+01
  -2.190  0.3857E+01  0.8997E+01
  -2.180  0.3904E+01  0.9036E+01
  -2.170  0.3953E+01  0.9075E+01
  -2.160  0.4045E+01  0.9115E+01
  -2.150  0.4123E+01  0.9156E+01
  -2.140  0.4239E+01  0.9198E+01
  -2.130  0.4331E+01  0.9241E+01
  -2.120  0.4447E+01  0.9285E+01
  -2.110  0.4584E+01  0.9330E+01
  -2.100  0.4744E+01  0.9376E+01
  -2.090  0.4977E+01  0.9425E+01
  -2.080  0.5320E+01  0.9476E+01
  -2.070  0.5618E+01  0.9530E+01
  -2.060  0.6061E+01  0.9589E+01
  -2.050  0.8137E+01  0.9657E+01
  -2.040  0.8146E+01  0.9735E+01
  -2.030  0.6278E+01  0.9805E+01
  -2.020  0.5478E+01  0.9863E+01
  -2.010  0.4949E+01  0.9915E+01
  -2.000  0.4623E+01  0.9963E+01
  -1.990  0.4301E+01  0.1001E+02
  -1.980  0.4125E+01  0.1005E+02
  -1.970  0.3916E+01  0.1009E+02
  -1.960  0.3727E+01  0.1013E+02
  -1.950  0.3548E+01  0.1016E+02
  -1.940  0.3412E+01  0.1020E+02
  -1.930  0.3262E+01  0.1023E+02
  -1.920  0.3171E+01  0.1026E+02
  -1.910  0.3090E+01  0.1030E+02
  -1.900  0.2962E+01  0.1033E+02
  -1.890  0.2837E+01  0.1036E+02
  -1.880  0.2743E+01  0.1038E+02
  -1.870  0.2684E+01  0.1041E+02
  -1.860  0.2646E+01  0.1044E+02
  -1.850  0.2488E+01  0.1046E+02
  -1.840  0.2177E+01  0.1049E+02
  -1.830  0.1935E+01  0.1051E+02
  -1.820  0.1857E+01  0.1053E+02
  -1.810  0.1837E+01  0.1054E+02
  -1.800  0.1810E+01  0.1056E+02
  -1.790  0.1782E+01  0.1058E+02
  -1.780  0.1753E+01  0.1060E+02
  -1.770  0.1726E+01  0.1062E+02
  -1.760  0.1705E+01  0.1063E+02
  -1.750  0.1689E+01  0.1065E+02
  -1.740  0.1676E+01  0.1067E+02
  -1.730  0.1652E+01  0.1068E+02
  -1.720  0.1630E+01  0.1070E+02
  -1.710  0.1608E+01  0.1072E+02
  -1.700  0.1591E+01  0.1073E+02
  -1.690  0.1577E+01  0.1075E+02
  -1.680  0.1563E+01  0.1076E+02
  -1.670  0.1553E+01  0.1078E+02
  -1.660  0.1541E+01  0.1079E+02
  -1.650  0.1524E+01  0.1081E+02
  -1.640  0.1510E+01  0.1083E+02
  -1.630  0.1497E+01  0.1084E+02
  -1.620  0.1485E+01  0.1086E+02
  -1.610  0.1473E+01  0.1087E+02
  -1.600  0.1464E+01  0.1088E+02
  -1.590  0.1464E+01  0.1090E+02
  -1.580  0.1510E+01  0.1091E+02
  -1.570  0.1560E+01  0.1093E+02
  -1.560  0.1612E+01  0.1095E+02
  -1.550  0.1664E+01  0.1096E+02
  -1.540  0.1720E+01  0.1098E+02
  -1.530  0.1782E+01  0.1100E+02
  -1.520  0.1997E+01  0.1101E+02
  -1.510  0.2112E+01  0.1104E+02
  -1.500  0.2071E+01  0.1106E+02
  -1.490  0.2068E+01  0.1108E+02
  -1.480  0.2078E+01  0.1110E+02
  -1.470  0.2079E+01  0.1112E+02
  -1.460  0.2089E+01  0.1114E+02
  -1.450  0.2117E+01  0.1116E+02
  -1.440  0.2121E+01  0.1118E+02
  -1.430  0.2167E+01  0.1120E+02
  -1.420  0.2387E+01  0.1123E+02
  -1.410  0.2591E+01  0.1125E+02
  -1.400  0.2637E+01  0.1128E+02
  -1.390  0.2727E+01  0.1130E+02
  -1.380  0.2869E+01  0.1133E+02
  -1.370  0.2906E+01  0.1136E+02
  -1.360  0.3085E+01  0.1139E+02
  -1.350  0.3445E+01  0.1142E+02
  -1.340  0.3628E+01  0.1146E+02
  -1.330  0.3847E+01  0.1149E+02
  -1.320  0.4225E+01  0.1154E+02
  -1.310  0.4965E+01  0.1158E+02
  -1.300  0.5800E+01  0.1163E+02
  -1.290  0.5633E+01  0.1169E+02
  -1.280  0.5643E+01  0.1175E+02
  -1.270  0.3498E+01  0.1180E+02
  -1.260  0.2946E+01  0.1183E+02
  -1.250  0.3339E+01  0.1186E+02
  -1.240  0.3482E+01  0.1189E+02
  -1.230  0.4187E+01  0.1193E+02
  -1.220  0.4746E+01  0.1197E+02
  -1.210  0.5352E+01  0.1202E+02
  -1.200  0.7723E+01  0.1209E+02
  -1.190  0.4733E+01  0.1215E+02
  -1.180  0.4287E+01  0.1219E+02
  -1.170  0.4045E+01  0.1223E+02
  -1.160  0.3705E+01  0.1227E+02
  -1.150  0.3154E+01  0.1231E+02
  -1.140  0.2448E+01  0.1233E+02
  -1.130  0.2443E+01  0.1236E+02
  -1.120  0.2453E+01  0.1238E+02
  -1.110  0.2452E+01  0.1241E+02
  -1.100  0.2478E+01  0.1243E+02
  -1.090  0.2515E+01  0.1246E+02
  -1.080  0.2508E+01  0.1248E+02
  -1.070  0.2536E+01  0.1251E+02
  -1.060  0.2606E+01  0.1253E+02
  -1.050  0.2616E+01  0.1256E+02
  -1.040  0.2614E+01  0.1259E+02
  -1.030  0.2641E+01  0.1261E+02
  -1.020  0.2660E+01  0.1264E+02
  -1.010  0.2658E+01  0.1266E+02
  -1.000  0.2672E+01  0.1269E+02
  -0.990  0.2735E+01  0.1272E+02
  -0.980  0.2784E+01  0.1275E+02
  -0.970  0.2796E+01  0.1277E+02
  -0.960  0.2802E+01  0.1280E+02
  -0.950  0.2854E+01  0.1283E+02
  -0.940  0.2906E+01  0.1286E+02
  -0.930  0.2947E+01  0.1289E+02
  -0.920  0.3012E+01  0.1292E+02
  -0.910  0.3249E+01  0.1295E+02
  -0.900  0.3282E+01  0.1298E+02
  -0.890  0.3321E+01  0.1301E+02
  -0.880  0.3302E+01  0.1305E+02
  -0.870  0.3101E+01  0.1308E+02
  -0.860  0.3033E+01  0.1311E+02
  -0.850  0.2859E+01  0.1314E+02
  -0.840  0.2661E+01  0.1317E+02
  -0.830  0.2575E+01  0.1319E+02
  -0.820  0.2472E+01  0.1322E+02
  -0.810  0.2367E+01  0.1324E+02
  -0.800  0.2369E+01  0.1327E+02
  -0.790  0.3194E+01  0.1330E+02
  -0.780  0.3305E+01  0.1333E+02
  -0.770  0.3419E+01  0.1336E+02
  -0.760  0.3425E+01  0.1340E+02
  -0.750  0.3397E+01  0.1343E+02
  -0.740  0.3475E+01  0.1346E+02
  -0.730  0.3490E+01  0.1350E+02
  -0.720  0.3511E+01  0.1353E+02
  -0.710  0.3542E+01  0.1357E+02
  -0.700  0.3577E+01  0.1361E+02
  -0.690  0.3579E+01  0.1364E+02
  -0.680  0.3566E+01  0.1368E+02
  -0.670  0.3639E+01  0.1371E+02
  -0.660  0.3793E+01  0.1375E+02
  -0.650  0.3855E+01  0.1379E+02
  -0.640  0.3832E+01  0.1383E+02
  -0.630  0.3880E+01  0.1387E+02
  -0.620  0.3883E+01  0.1390E+02
  -0.610  0.3990E+01  0.1394E+02
  -0.600  0.4101E+01  0.1398E+02
  -0.590  0.4227E+01  0.1403E+02
  -0.580  0.4342E+01  0.1407E+02
  -0.570  0.4384E+01  0.1411E+02
  -0.560  0.4468E+01  0.1416E+02
  -0.550  0.4666E+01  0.1420E+02
  -0.540  0.5063E+01  0.1425E+02
  -0.530  0.5706E+01  0.1430E+02
  -0.520  0.6638E+01  0.1437E+02
  -0.510  0.7017E+01  0.1444E+02
  -0.500  0.7357E+01  0.1451E+02
  -0.490  0.7555E+01  0.1458E+02
  -0.480  0.8194E+01  0.1466E+02
  -0.470  0.8047E+01  0.1474E+02
  -0.460  0.7707E+01  0.1482E+02
  -0.450  0.7104E+01  0.1490E+02
  -0.440  0.6698E+01  0.1497E+02
  -0.430  0.6472E+01  0.1503E+02
  -0.420  0.6391E+01  0.1510E+02
  -0.410  0.6172E+01  0.1516E+02
  -0.400  0.6071E+01  0.1522E+02
  -0.390  0.5886E+01  0.1528E+02
  -0.380  0.5618E+01  0.1534E+02
  -0.370  0.5597E+01  0.1539E+02
  -0.360  0.5498E+01  0.1545E+02
  -0.350  0.5497E+01  0.1550E+02
  -0.340  0.5538E+01  0.1556E+02
  -0.330  0.5529E+01  0.1561E+02
  -0.320  0.6403E+01  0.1567E+02
  -0.310  0.7001E+01  0.1574E+02
  -0.300  0.7858E+01  0.1582E+02
  -0.290  0.7430E+01  0.1589E+02
  -0.280  0.7535E+01  0.1597E+02
  -0.270  0.7811E+01  0.1604E+02
  -0.260  0.8117E+01  0.1612E+02
  -0.250  0.8456E+01  0.1621E+02
  -0.240  0.8762E+01  0.1629E+02
  -0.230  0.9035E+01  0.1638E+02
  -0.220  0.9240E+01  0.1647E+02
  -0.210  0.9286E+01  0.1656E+02
  -0.200  0.9569E+01  0.1666E+02
  -0.190  0.8434E+01  0.1675E+02
  -0.180  0.7596E+01  0.1683E+02
  -0.170  0.7070E+01  0.1690E+02
  -0.160  0.6795E+01  0.1697E+02
  -0.150  0.7066E+01  0.1704E+02
  -0.140  0.7574E+01  0.1711E+02
  -0.130  0.8376E+01  0.1719E+02
  -0.120  0.9624E+01  0.1728E+02
  -0.110  0.1019E+02  0.1738E+02
  -0.100  0.1070E+02  0.1749E+02
  -0.090  0.1047E+02  0.1759E+02
  -0.080  0.1026E+02  0.1770E+02
  -0.070  0.9871E+01  0.1780E+02
  -0.060  0.8781E+01  0.1789E+02
  -0.050  0.7386E+01  0.1797E+02
  -0.040  0.6821E+01  0.1804E+02
  -0.030  0.6604E+01  0.1811E+02
  -0.020  0.6554E+01  0.1818E+02
  -0.010  0.6514E+01  0.1824E+02
   0.000  0.6281E+01  0.1831E+02
   0.010  0.6569E+01  0.1837E+02
   0.020  0.6219E+01  0.1843E+02
   0.030  0.5824E+01  0.1849E+02
   0.040  0.5705E+01  0.1855E+02
   0.050  0.5377E+01  0.1861E+02
   0.060  0.5155E+01  0.1866E+02
   0.070  0.4893E+01  0.1871E+02
   0.080  0.4411E+01  0.1876E+02
   0.090  0.4237E+01  0.1880E+02
   0.100  0.4069E+01  0.1884E+02
   0.110  0.3880E+01  0.1888E+02
   0.120  0.3855E+01  0.1892E+02
   0.130  0.3917E+01  0.1896E+02
   0.140  0.3704E+01  0.1900E+02
   0.150  0.3678E+01  0.1903E+02
   0.160  0.3717E+01  0.1907E+02
   0.170  0.3656E+01  0.1911E+02
   0.180  0.3635E+01  0.1914E+02
   0.190  0.3726E+01  0.1918E+02
   0.200  0.3735E+01  0.1922E+02
   0.210  0.3647E+01  0.1925E+02
   0.220  0.3618E+01  0.1929E+02
   0.230  0.3568E+01  0.1933E+02
   0.240  0.3402E+01  0.1936E+02
   0.250  0.3334E+01  0.1939E+02
   0.260  0.3438E+01  0.1943E+02
   0.270  0.3395E+01  0.1946E+02
   0.280  0.3398E+01  0.1950E+02
   0.290  0.3458E+01  0.1953E+02
   0.300  0.3491E+01  0.1957E+02
   0.310  0.3546E+01  0.1960E+02
   0.320  0.3816E+01  0.1964E+02
   0.330  0.4013E+01  0.1968E+02
   0.340  0.3984E+01  0.1972E+02
   0.350  0.3385E+01  0.1975E+02
   0.360  0.3070E+01  0.1979E+02
   0.370  0.2994E+01  0.1982E+02
   0.380  0.3028E+01  0.1985E+02
   0.390  0.3182E+01  0.1988E+02
   0.400  0.3599E+01  0.1991E+02
   0.410  0.4092E+01  0.1995E+02
   0.420  0.4261E+01  0.1999E+02
   0.430  0.4697E+01  0.2004E+02
   0.440  0.5173E+01  0.2009E+02
   0.450  0.5891E+01  0.2015E+02
   0.460  0.3253E+01  0.2019E+02
   0.470  0.3092E+01  0.2022E+02
   0.480  0.2977E+01  0.2025E+02
   0.490  0.2922E+01  0.2028E+02
   0.500  0.2890E+01  0.2031E+02
   0.510  0.2942E+01  0.2034E+02
   0.520  0.3026E+01  0.2037E+02
   0.530  0.3136E+01  0.2040E+02
   0.540  0.3566E+01  0.2044E+02
   0.550  0.4032E+01  0.2047E+02
   0.560  0.4235E+01  0.2052E+02
   0.570  0.4448E+01  0.2056E+02
   0.580  0.4770E+01  0.2061E+02
   0.590  0.4967E+01  0.2065E+02
   0.600  0.4942E+01  0.2070E+02
   0.610  0.4952E+01  0.2075E+02
   0.620  0.5031E+01  0.2080E+02
   0.630  0.5122E+01  0.2085E+02
   0.640  0.5216E+01  0.2091E+02
   0.650  0.5323E+01  0.2096E+02
   0.660  0.5396E+01  0.2101E+02
   0.670  0.5501E+01  0.2107E+02
   0.680  0.5783E+01  0.2112E+02
   0.690  0.6014E+01  0.2118E+02
   0.700  0.6199E+01  0.2124E+02
   0.710  0.6241E+01  0.2130E+02
   0.720  0.6303E+01  0.2137E+02
   0.730  0.6375E+01  0.2143E+02
   0.740  0.6500E+01  0.2149E+02
   0.750  0.6620E+01  0.2156E+02
   0.760  0.6638E+01  0.2163E+02
   0.770  0.6739E+01  0.2169E+02
   0.780  0.6946E+01  0.2176E+02
   0.790  0.7064E+01  0.2183E+02
   0.800  0.7108E+01  0.2190E+02
   0.810  0.7082E+01  0.2197E+02
   0.820  0.7218E+01  0.2205E+02
   0.830  0.7385E+01  0.2212E+02
   0.840  0.6978E+01  0.2219E+02
   0.850  0.6816E+01  0.2226E+02
   0.860  0.6672E+01  0.2233E+02
   0.870  0.6598E+01  0.2239E+02
   0.880  0.6629E+01  0.2246E+02
   0.890  0.6793E+01  0.2253E+02
   0.900  0.6797E+01  0.2259E+02
   0.910  0.6486E+01  0.2266E+02
   0.920  0.6481E+01  0.2272E+02
   0.930  0.6372E+01  0.2279E+02
   0.940  0.6164E+01  0.2285E+02
   0.950  0.5946E+01  0.2291E+02
   0.960  0.6195E+01  0.2297E+02
   0.970  0.5610E+01  0.2303E+02
   0.980  0.5206E+01  0.2309E+02
   0.990  0.4937E+01  0.2314E+02
   1.000  0.4349E+01  0.2319E+02
   1.010  0.4528E+01  0.2323E+02
   1.020  0.4704E+01  0.2328E+02
   1.030  0.5030E+01  0.2332E+02
   1.040  0.5123E+01  0.2338E+02
   1.050  0.5305E+01  0.2343E+02
   1.060  0.5444E+01  0.2348E+02
   1.070  0.5764E+01  0.2354E+02
   1.080  0.5470E+01  0.2359E+02
   1.090  0.4888E+01  0.2365E+02
   1.100  0.3983E+01  0.2369E+02
   1.110  0.3439E+01  0.2373E+02
   1.120  0.2852E+01  0.2376E+02
   1.130  0.2843E+01  0.2379E+02
   1.140  0.2907E+01  0.2382E+02
   1.150  0.2977E+01  0.2385E+02
   1.160  0.3452E+01  0.2388E+02
   1.170  0.4195E+01  0.2392E+02
   1.180  0.4258E+01  0.2396E+02
   1.190  0.4604E+01  0.2400E+02
   1.200  0.4279E+01  0.2405E+02
   1.210  0.4091E+01  0.2409E+02
   1.220  0.3695E+01  0.2413E+02
   1.230  0.3103E+01  0.2416E+02
   1.240  0.2140E+01  0.2419E+02
   1.250  0.2037E+01  0.2421E+02
   1.260  0.2021E+01  0.2423E+02
   1.270  0.2007E+01  0.2425E+02
   1.280  0.1994E+01  0.2427E+02
   1.290  0.1988E+01  0.2429E+02
   1.300  0.1982E+01  0.2431E+02
   1.310  0.1977E+01  0.2433E+02
   1.320  0.1976E+01  0.2435E+02
   1.330  0.1973E+01  0.2437E+02
   1.340  0.1970E+01  0.2439E+02
   1.350  0.1950E+01  0.2441E+02
   1.360  0.1926E+01  0.2443E+02
   1.370  0.1902E+01  0.2445E+02
   1.380  0.1844E+01  0.2447E+02
   1.390  0.1803E+01  0.2449E+02
   1.400  0.2086E+01  0.2451E+02
   1.410  0.2321E+01  0.2453E+02
   1.420  0.2371E+01  0.2455E+02
   1.430  0.2382E+01  0.2457E+02
   1.440  0.2397E+01  0.2460E+02
   1.450  0.2415E+01  0.2462E+02
   1.460  0.2483E+01  0.2465E+02
   1.470  0.2492E+01  0.2467E+02
   1.480  0.2491E+01  0.2470E+02
   1.490  0.2526E+01  0.2472E+02
   1.500  0.2612E+01  0.2475E+02
   1.510  0.2617E+01  0.2477E+02
   1.520  0.2702E+01  0.2480E+02
   1.530  0.2498E+01  0.2483E+02
   1.540  0.2401E+01  0.2485E+02
   1.550  0.2336E+01  0.2488E+02
   1.560  0.2273E+01  0.2490E+02
   1.570  0.2240E+01  0.2492E+02
   1.580  0.2195E+01  0.2494E+02
   1.590  0.2181E+01  0.2497E+02
   1.600  0.2168E+01  0.2499E+02
   1.610  0.2157E+01  0.2501E+02
   1.620  0.2149E+01  0.2503E+02
   1.630  0.2144E+01  0.2505E+02
   1.640  0.2139E+01  0.2507E+02
   1.650  0.2124E+01  0.2509E+02
   1.660  0.2125E+01  0.2512E+02
   1.670  0.2342E+01  0.2514E+02
   1.680  0.2681E+01  0.2516E+02
   1.690  0.2952E+01  0.2519E+02
   1.700  0.3011E+01  0.2522E+02
   1.710  0.3146E+01  0.2525E+02
   1.720  0.3289E+01  0.2528E+02
   1.730  0.3467E+01  0.2532E+02
   1.740  0.3616E+01  0.2535E+02
   1.750  0.3925E+01  0.2539E+02
   1.760  0.4120E+01  0.2543E+02
   1.770  0.4127E+01  0.2547E+02
   1.780  0.4179E+01  0.2551E+02
   1.790  0.4228E+01  0.2556E+02
   1.800  0.4292E+01  0.2560E+02
   1.810  0.4376E+01  0.2564E+02
   1.820  0.4388E+01  0.2569E+02
   1.830  0.4352E+01  0.2573E+02
   1.840  0.4286E+01  0.2577E+02
   1.850  0.4223E+01  0.2582E+02
   1.860  0.4068E+01  0.2586E+02
   1.870  0.3949E+01  0.2590E+02
   1.880  0.3868E+01  0.2594E+02
   1.890  0.3789E+01  0.2597E+02
   1.900  0.3722E+01  0.2601E+02
   1.910  0.3658E+01  0.2605E+02
   1.920  0.3656E+01  0.2609E+02
   1.930  0.3663E+01  0.2612E+02
   1.940  0.3690E+01  0.2616E+02
   1.950  0.3721E+01  0.2620E+02
   1.960  0.3751E+01  0.2623E+02
   1.970  0.3787E+01  0.2627E+02
   1.980  0.3839E+01  0.2631E+02
   1.990  0.3946E+01  0.2635E+02
   2.000  0.3987E+01  0.2639E+02
   2.010  0.4074E+01  0.2643E+02
   2.020  0.4139E+01  0.2647E+02
   2.030  0.4217E+01  0.2651E+02
   2.040  0.4274E+01  0.2655E+02
   2.050  0.4260E+01  0.2660E+02
   2.060  0.4214E+01  0.2664E+02
   2.070  0.4186E+01  0.2668E+02
   2.080  0.4117E+01  0.2672E+02
   2.090  0.4064E+01  0.2676E+02
   2.100  0.3966E+01  0.2680E+02
   2.110  0.3852E+01  0.2684E+02
   2.120  0.3772E+01  0.2688E+02
   2.130  0.3729E+01  0.2692E+02
   2.140  0.3679E+01  0.2695E+02
   2.150  0.3671E+01  0.2699E+02
   2.160  0.3686E+01  0.2703E+02
   2.170  0.3531E+01  0.2706E+02
   2.180  0.3261E+01  0.2710E+02
   2.190  0.3093E+01  0.2713E+02
   2.200  0.2798E+01  0.2716E+02
   2.210  0.2846E+01  0.2719E+02
   2.220  0.2905E+01  0.2722E+02
   2.230  0.3024E+01  0.2725E+02
   2.240  0.3073E+01  0.2728E+02
   2.250  0.3160E+01  0.2731E+02
   2.260  0.3272E+01  0.2734E+02
   2.270  0.3324E+01  0.2737E+02
   2.280  0.3340E+01  0.2741E+02
   2.290  0.3373E+01  0.2744E+02
   2.300  0.3421E+01  0.2747E+02
   2.310  0.3487E+01  0.2751E+02
   2.320  0.3596E+01  0.2754E+02
   2.330  0.3722E+01  0.2758E+02
   2.340  0.3832E+01  0.2762E+02
   2.350  0.3998E+01  0.2766E+02
   2.360  0.4209E+01  0.2770E+02
   2.370  0.4402E+01  0.2774E+02
   2.380  0.4865E+01  0.2779E+02
   2.390  0.4755E+01  0.2784E+02
   2.400  0.4148E+01  0.2788E+02
   2.410  0.4209E+01  0.2792E+02
   2.420  0.3998E+01  0.2796E+02
   2.430  0.3850E+01  0.2800E+02
   2.440  0.3673E+01  0.2804E+02
   2.450  0.3543E+01  0.2807E+02
   2.460  0.3424E+01  0.2811E+02
   2.470  0.3327E+01  0.2814E+02
   2.480  0.3217E+01  0.2818E+02
   2.490  0.3098E+01  0.2821E+02
   2.500  0.3032E+01  0.2824E+02
   2.510  0.3118E+01  0.2827E+02
   2.520  0.3169E+01  0.2830E+02
   2.530  0.3194E+01  0.2833E+02
   2.540  0.3197E+01  0.2836E+02
   2.550  0.3296E+01  0.2840E+02
   2.560  0.3459E+01  0.2843E+02
   2.570  0.3526E+01  0.2847E+02
   2.580  0.3362E+01  0.2850E+02
   2.590  0.3291E+01  0.2853E+02
   2.600  0.3242E+01  0.2857E+02
   2.610  0.2971E+01  0.2860E+02
   2.620  0.2966E+01  0.2863E+02
   2.630  0.2949E+01  0.2866E+02
   2.640  0.2849E+01  0.2869E+02
   2.650  0.2760E+01  0.2871E+02
   2.660  0.2636E+01  0.2874E+02
   2.670  0.2575E+01  0.2877E+02
   2.680  0.2527E+01  0.2879E+02
   2.690  0.2467E+01  0.2882E+02
   2.700  0.2456E+01  0.2884E+02
   2.710  0.2437E+01  0.2887E+02
   2.720  0.2381E+01  0.2889E+02
   2.730  0.2359E+01  0.2892E+02
   2.740  0.2352E+01  0.2894E+02
   2.750  0.2062E+01  0.2896E+02
   2.760  0.1976E+01  0.2898E+02
   2.770  0.1897E+01  0.2900E+02
   2.780  0.1810E+01  0.2902E+02
   2.790  0.1732E+01  0.2904E+02
   2.800  0.1650E+01  0.2905E+02
   2.810  0.1569E+01  0.2907E+02
   2.820  0.1563E+01  0.2909E+02
   2.830  0.1569E+01  0.2910E+02
   2.840  0.1575E+01  0.2912E+02
   2.850  0.1583E+01  0.2913E+02
   2.860  0.1595E+01  0.2915E+02
   2.870  0.1610E+01  0.2917E+02
   2.880  0.1626E+01  0.2918E+02
   2.890  0.1641E+01  0.2920E+02
   2.900  0.1655E+01  0.2921E+02
   2.910  0.1670E+01  0.2923E+02
   2.920  0.1685E+01  0.2925E+02
   2.930  0.1701E+01  0.2926E+02
   2.940  0.1717E+01  0.2928E+02
   2.950  0.1734E+01  0.2930E+02
   2.960  0.1753E+01  0.2932E+02
   2.970  0.1774E+01  0.2933E+02
   2.980  0.1804E+01  0.2935E+02
   2.990  0.1837E+01  0.2937E+02
   3.000  0.1864E+01  0.2939E+02
   3.010  0.1887E+01  0.2941E+02
   3.020  0.1908E+01  0.2943E+02
   3.030  0.1933E+01  0.2945E+02
   3.040  0.1961E+01  0.2946E+02
   3.050  0.2043E+01  0.2948E+02
   3.060  0.2100E+01  0.2951E+02
   3.070  0.2162E+01  0.2953E+02
   3.080  0.2210E+01  0.2955E+02
   3.090  0.2259E+01  0.2957E+02
   3.100  0.2297E+01  0.2959E+02
   3.110  0.2287E+01  0.2962E+02
   3.120  0.2271E+01  0.2964E+02
   3.130  0.2265E+01  0.2966E+02
   3.140  0.2276E+01  0.2969E+02
   3.150  0.2292E+01  0.2971E+02
   3.160  0.2294E+01  0.2973E+02
   3.170  0.2301E+01  0.2975E+02
   3.180  0.2308E+01  0.2978E+02
   3.190  0.2321E+01  0.2980E+02
   3.200  0.2336E+01  0.2982E+02
   3.210  0.2336E+01  0.2985E+02
   3.220  0.2355E+01  0.2987E+02
   3.230  0.2367E+01  0.2989E+02
   3.240  0.2379E+01  0.2992E+02
   3.250  0.2399E+01  0.2994E+02
   3.260  0.2435E+01  0.2997E+02
   3.270  0.2576E+01  0.2999E+02
   3.280  0.2702E+01  0.3002E+02
   3.290  0.2691E+01  0.3004E+02
   3.300  0.2325E+01  0.3007E+02
   3.310  0.2279E+01  0.3009E+02
   3.320  0.2349E+01  0.3012E+02
   3.330  0.2490E+01  0.3014E+02
   3.340  0.2625E+01  0.3017E+02
   3.350  0.2938E+01  0.3020E+02
   3.360  0.3084E+01  0.3022E+02
   3.370  0.2964E+01  0.3026E+02
   3.380  0.2695E+01  0.3028E+02
   3.390  0.2477E+01  0.3031E+02
   3.400  0.2283E+01  0.3033E+02
   3.410  0.2280E+01  0.3036E+02
   3.420  0.2210E+01  0.3038E+02
   3.430  0.2051E+01  0.3040E+02
   3.440  0.1980E+01  0.3042E+02
   3.450  0.2068E+01  0.3044E+02
   3.460  0.2006E+01  0.3046E+02
   3.470  0.1936E+01  0.3048E+02
   3.480  0.1971E+01  0.3050E+02
   3.490  0.2022E+01  0.3052E+02
   3.500  0.2063E+01  0.3054E+02
   3.510  0.2099E+01  0.3056E+02
   3.520  0.2120E+01  0.3058E+02
   3.530  0.2155E+01  0.3061E+02
   3.540  0.2180E+01  0.3063E+02
   3.550  0.2689E+01  0.3065E+02
   3.560  0.2287E+01  0.3067E+02
   3.570  0.2347E+01  0.3070E+02
   3.580  0.2419E+01  0.3072E+02
   3.590  0.2433E+01  0.3074E+02
   3.600  0.2507E+01  0.3077E+02
   3.610  0.2730E+01  0.3079E+02
   3.620  0.3164E+01  0.3082E+02
   3.630  0.3228E+01  0.3085E+02
   3.640  0.3224E+01  0.3089E+02
   3.650  0.3118E+01  0.3092E+02
   3.660  0.3051E+01  0.3095E+02
   3.670  0.3152E+01  0.3098E+02
   3.680  0.3380E+01  0.3101E+02
   3.690  0.3203E+01  0.3105E+02
   3.700  0.2921E+01  0.3108E+02
   3.710  0.2669E+01  0.3110E+02
   3.720  0.2613E+01  0.3113E+02
   3.730  0.2560E+01  0.3116E+02
   3.740  0.2518E+01  0.3118E+02
   3.750  0.2550E+01  0.3121E+02
   3.760  0.2550E+01  0.3123E+02
   3.770  0.2447E+01  0.3126E+02
   3.780  0.2384E+01  0.3128E+02
   3.790  0.2347E+01  0.3131E+02
   3.800  0.2320E+01  0.3133E+02
   3.810  0.2291E+01  0.3135E+02
   3.820  0.2217E+01  0.3138E+02
   3.830  0.2202E+01  0.3140E+02
   3.840  0.2126E+01  0.3142E+02
   3.850  0.1984E+01  0.3144E+02
   3.860  0.1916E+01  0.3146E+02
   3.870  0.1925E+01  0.3148E+02
   3.880  0.2016E+01  0.3150E+02
   3.890  0.2074E+01  0.3152E+02
   3.900  0.2104E+01  0.3154E+02
   3.910  0.2174E+01  0.3156E+02
   3.920  0.2566E+01  0.3158E+02
   3.930  0.3240E+01  0.3161E+02
   3.940  0.3482E+01  0.3165E+02
   3.950  0.3654E+01  0.3168E+02
   3.960  0.4165E+01  0.3172E+02
   3.970  0.4337E+01  0.3176E+02
   3.980  0.4563E+01  0.3181E+02
   3.990  0.4564E+01  0.3185E+02
   4.000  0.4821E+01  0.3190E+02
   4.010  0.5011E+01  0.3195E+02
   4.020  0.5009E+01  0.3200E+02
   4.030  0.5066E+01  0.3205E+02
   4.040  0.5312E+01  0.3210E+02
   4.050  0.5905E+01  0.3216E+02
   4.060  0.6073E+01  0.3222E+02
   4.070  0.6366E+01  0.3228E+02
   4.080  0.6737E+01  0.3235E+02
   4.090  0.7184E+01  0.3242E+02
   4.100  0.7396E+01  0.3249E+02
   4.110  0.7179E+01  0.3256E+02
   4.120  0.7389E+01  0.3264E+02
   4.130  0.7540E+01  0.3271E+02
   4.140  0.7735E+01  0.3279E+02
   4.150  0.7882E+01  0.3286E+02
   4.160  0.8141E+01  0.3294E+02
   4.170  0.8256E+01  0.3303E+02
   4.180  0.8239E+01  0.3311E+02
   4.190  0.7996E+01  0.3319E+02
   4.200  0.7715E+01  0.3327E+02
   4.210  0.7559E+01  0.3335E+02
   4.220  0.7551E+01  0.3342E+02
   4.230  0.7600E+01  0.3350E+02
   4.240  0.7668E+01  0.3357E+02
   4.250  0.7803E+01  0.3365E+02
   4.260  0.7994E+01  0.3373E+02
   4.270  0.8053E+01  0.3381E+02
   4.280  0.8170E+01  0.3389E+02
   4.290  0.8275E+01  0.3397E+02
   4.300  0.8420E+01  0.3406E+02
   4.310  0.8550E+01  0.3414E+02
   4.320  0.8847E+01  0.3423E+02
   4.330  0.9198E+01  0.3432E+02
   4.340  0.9823E+01  0.3441E+02
   4.350  0.1016E+02  0.3451E+02
   4.360  0.9888E+01  0.3461E+02
   4.370  0.9392E+01  0.3471E+02
   4.380  0.9047E+01  0.3480E+02
   4.390  0.8861E+01  0.3489E+02
   4.400  0.8775E+01  0.3498E+02
   4.410  0.8563E+01  0.3507E+02
   4.420  0.8358E+01  0.3515E+02
   4.430  0.8004E+01  0.3523E+02
   4.440  0.8566E+01  0.3532E+02
   4.450  0.9180E+01  0.3541E+02
   4.460  0.7662E+01  0.3550E+02
   4.470  0.6129E+01  0.3556E+02
   4.480  0.4297E+01  0.3561E+02
   4.490  0.3036E+01  0.3565E+02
   4.500  0.2142E+01  0.3568E+02
   4.510  0.1523E+01  0.3569E+02
   4.520  0.9866E+00  0.3571E+02
   4.530  0.9663E+00  0.3572E+02
   4.540  0.9490E+00  0.3573E+02
   4.550  0.9480E+00  0.3574E+02
   4.560  0.9793E+00  0.3574E+02
   4.570  0.9785E+00  0.3575E+02
   4.580  0.9579E+00  0.3576E+02
   4.590  0.9403E+00  0.3577E+02
   4.600  0.9383E+00  0.3578E+02
   4.610  0.9473E+00  0.3579E+02
   4.620  0.9461E+00  0.3580E+02
   4.630  0.9641E+00  0.3581E+02
   4.640  0.9820E+00  0.3582E+02
   4.650  0.9480E+00  0.3583E+02
   4.660  0.9185E+00  0.3584E+02
   4.670  0.9082E+00  0.3585E+02
   4.680  0.9116E+00  0.3586E+02
   4.690  0.9133E+00  0.3587E+02
   4.700  0.9258E+00  0.3588E+02
   4.710  0.9106E+00  0.3589E+02
   4.720  0.8904E+00  0.3590E+02
   4.730  0.9108E+00  0.3590E+02
   4.740  0.9234E+00  0.3591E+02
   4.750  0.9207E+00  0.3592E+02
   4.760  0.9084E+00  0.3593E+02
   4.770  0.8570E+00  0.3594E+02
   4.780  0.8632E+00  0.3595E+02
   4.790  0.8962E+00  0.3596E+02
   4.800  0.8416E+00  0.3597E+02
   4.810  0.9137E+00  0.3598E+02
   4.820  0.7714E+00  0.3599E+02
   4.830  0.6370E+00  0.3599E+02
   4.840  0.3860E+00  0.3600E+02
   4.850  0.5648E-01  0.3600E+02
   4.860  0.0000E+00  0.3600E+02
   4.870  0.0000E+00  0.3600E+02
   4.880  0.0000E+00  0.3600E+02
   4.890  0.0000E+00  0.3600E+02
   4.900  0.0000E+00  0.3600E+02
   4.910  0.0000E+00  0.3600E+02
   4.920  0.0000E+00  0.3600E+02
   4.930  0.0000E+00  0.3600E+02
   4.940  0.0000E+00  0.3600E+02
   4.950  0.0000E+00  0.3600E+02
   4.960  0.0000E+00  0.3600E+02
   4.970  0.0000E+00  0.3600E+02
   4.980  0.0000E+00  0.3600E+02
   4.990  0.0000E+00  0.3600E+02
   5.000  0.0000E+00  0.3600E+02
   5.010  0.0000E+00  0.3600E+02
   5.020  0.0000E+00  0.3600E+02
   5.030  0.0000E+00  0.3600E+02
   5.040  0.0000E+00  0.3600E+02
   5.050  0.0000E+00  0.3600E+02
   5.060  0.0000E+00  0.3600E+02
   5.070  0.0000E+00  0.3600E+02
   5.080  0.0000E+00  0.3600E+02
   5.090  0.0000E+00  0.3600E+02
   5.100  0.0000E+00  0.3600E+02
   5.110  0.0000E+00  0.3600E+02
   5.120  0.0000E+00  0.3600E+02
   5.130  0.0000E+00  0.3600E+02
   5.140  0.0000E+00  0.3600E+02
   5.150  0.0000E+00  0.3600E+02
   5.160  0.0000E+00  0.3600E+02
   5.170  0.0000E+00  0.3600E+02
   5.180  0.0000E+00  0.3600E+02
   5.190  0.0000E+00  0.3600E+02
   5.200  0.0000E+00  0.3600E+02
   5.210  0.0000E+00  0.3600E+02
   5.220  0.0000E+00  0.3600E+02
   5.230  0.0000E+00  0.3600E+02
   5.240  0.0000E+00  0.3600E+02
   5.250  0.0000E+00  0.3600E+02
   5.260  0.0000E+00  0.3600E+02
   5.270  0.0000E+00  0.3600E+02
   5.280  0.0000E+00  0.3600E+02
   5.290  0.0000E+00  0.3600E+02
   5.300  0.0000E+00  0.3600E+02
   5.310  0.0000E+00  0.3600E+02
   5.320  0.0000E+00  0.3600E+02
   5.330  0.0000E+00  0.3600E+02
   5.340  0.0000E+00  0.3600E+02
   5.350  0.0000E+00  0.3600E+02
   5.360  0.0000E+00  0.3600E+02
   5.370  0.0000E+00  0.3600E+02
   5.380  0.0000E+00  0.3600E+02
   5.390  0.0000E+00  0.3600E+02
   5.400  0.0000E+00  0.3600E+02
   5.410  0.0000E+00  0.3600E+02
   5.420  0.0000E+00  0.3600E+02
   5.430  0.0000E+00  0.3600E+02
   5.440  0.0000E+00  0.3600E+02
   5.450  0.0000E+00  0.3600E+02
   5.460  0.0000E+00  0.3600E+02
   5.470  0.0000E+00  0.3600E+02
   5.480  0.0000E+00  0.3600E+02
   5.490  0.0000E+00  0.3600E+02
   5.500  0.0000E+00  0.3600E+02
   5.510  0.0000E+00  0.3600E+02
   5.520  0.0000E+00  0.3600E+02
   5.530  0.0000E+00  0.3600E+02
   5.540  0.0000E+00  0.3600E+02
   5.550  0.0000E+00  0.3600E+02
   5.560  0.0000E+00  0.3600E+02
   5.570  0.0000E+00  0.3600E+02
   5.580  0.0000E+00  0.3600E+02
   5.590  0.0000E+00  0.3600E+02
   5.600  0.0000E+00  0.3600E+02
   5.610  0.0000E+00  0.3600E+02
   5.620  0.0000E+00  0.3600E+02
   5.630  0.0000E+00  0.3600E+02
   5.640  0.0000E+00  0.3600E+02
   5.650  0.0000E+00  0.3600E+02
   5.660  0.0000E+00  0.3600E+02
   5.670  0.0000E+00  0.3600E+02
   5.680  0.0000E+00  0.3600E+02
   5.690  0.0000E+00  0.3600E+02
   5.700  0.0000E+00  0.3600E+02
   5.710  0.0000E+00  0.3600E+02
   5.720  0.0000E+00  0.3600E+02
   5.730  0.0000E+00  0.3600E+02
   5.740  0.0000E+00  0.3600E+02
   5.750  0.0000E+00  0.3600E+02
   5.760  0.0000E+00  0.3600E+02
   5.770  0.0000E+00  0.3600E+02
   5.780  0.0000E+00  0.3600E+02
   5.790  0.0000E+00  0.3600E+02
   5.800  0.0000E+00  0.3600E+02
   5.810  0.0000E+00  0.3600E+02
   5.820  0.0000E+00  0.3600E+02
   5.830  0.0000E+00  0.3600E+02
   5.840  0.0000E+00  0.3600E+02
   5.850  0.0000E+00  0.3600E+02
   5.860  0.0000E+00  0.3600E+02
   5.870  0.0000E+00  0.3600E+02
   5.880  0.0000E+00  0.3600E+02
   5.890  0.0000E+00  0.3600E+02
   5.900  0.0000E+00  0.3600E+02
   5.910  0.0000E+00  0.3600E+02
   5.920  0.0000E+00  0.3600E+02
   5.930  0.0000E+00  0.3600E+02
   5.940  0.0000E+00  0.3600E+02
   5.950  0.0000E+00  0.3600E+02
   5.960  0.0000E+00  0.3600E+02
   5.970  0.0000E+00  0.3600E+02
   5.980  0.0000E+00  0.3600E+02
   5.990  0.0000E+00  0.3600E+02
   6.000  0.0000E+00  0.3600E+02
   6.010  0.0000E+00  0.3600E+02
   6.020  0.0000E+00  0.3600E+02
   6.030  0.0000E+00  0.3600E+02
   6.040  0.0000E+00  0.3600E+02
   6.050  0.0000E+00  0.3600E+02
   6.060  0.0000E+00  0.3600E+02
   6.070  0.0000E+00  0.3600E+02
   6.080  0.0000E+00  0.3600E+02
   6.090  0.0000E+00  0.3600E+02
   6.100  0.0000E+00  0.3600E+02
   6.110  0.0000E+00  0.3600E+02
   6.120  0.0000E+00  0.3600E+02
   6.130  0.0000E+00  0.3600E+02
   6.140  0.0000E+00  0.3600E+02
   6.150  0.0000E+00  0.3600E+02
   6.160  0.1215E-03  0.3600E+02
   6.170  0.2559E-02  0.3600E+02
   6.180  0.8766E-02  0.3600E+02
   6.190  0.1339E-01  0.3600E+02
   6.200  0.1864E-01  0.3600E+02
   6.210  0.2493E-01  0.3600E+02
   6.220  0.2993E-01  0.3600E+02
   6.230  0.3497E-01  0.3600E+02
   6.240  0.4039E-01  0.3600E+02
   6.250  0.4619E-01  0.3600E+02
   6.260  0.5226E-01  0.3600E+02
   6.270  0.5801E-01  0.3600E+02
   6.280  0.6358E-01  0.3600E+02
   6.290  0.6904E-01  0.3600E+02
   6.300  0.7472E-01  0.3601E+02
   6.310  0.8067E-01  0.3601E+02
   6.320  0.8690E-01  0.3601E+02
   6.330  0.9329E-01  0.3601E+02
   6.340  0.9926E-01  0.3601E+02
   6.350  0.1053E+00  0.3601E+02
   6.360  0.1113E+00  0.3601E+02
   6.370  0.1177E+00  0.3601E+02
   6.380  0.1457E+00  0.3601E+02
   6.390  0.1996E+00  0.3601E+02
   6.400  0.2714E+00  0.3602E+02
   6.410  0.3545E+00  0.3602E+02
   6.420  0.4130E+00  0.3602E+02
   6.430  0.4681E+00  0.3603E+02
   6.440  0.5305E+00  0.3603E+02
   6.450  0.5641E+00  0.3604E+02
   6.460  0.6229E+00  0.3605E+02
   6.470  0.7088E+00  0.3605E+02
   6.480  0.9471E+00  0.3606E+02
   6.490  0.9160E+00  0.3607E+02
   6.500  0.9458E+00  0.3608E+02
   6.510  0.9507E+00  0.3609E+02
   6.520  0.9351E+00  0.3610E+02
   6.530  0.9585E+00  0.3611E+02
   6.540  0.9775E+00  0.3612E+02
   6.550  0.9760E+00  0.3613E+02
   6.560  0.9668E+00  0.3614E+02
   6.570  0.9700E+00  0.3615E+02
   6.580  0.9841E+00  0.3616E+02
   6.590  0.1001E+01  0.3617E+02
   6.600  0.1001E+01  0.3618E+02
   6.610  0.1013E+01  0.3619E+02
   6.620  0.1022E+01  0.3620E+02
   6.630  0.1028E+01  0.3621E+02
   6.640  0.1035E+01  0.3622E+02
   6.650  0.1040E+01  0.3623E+02
   6.660  0.1115E+01  0.3624E+02
   6.670  0.1224E+01  0.3625E+02
   6.680  0.1611E+01  0.3626E+02
   6.690  0.1800E+01  0.3628E+02
   6.700  0.1893E+01  0.3630E+02
   6.710  0.1942E+01  0.3632E+02
   6.720  0.2031E+01  0.3634E+02
   6.730  0.2110E+01  0.3636E+02
   6.740  0.2433E+01  0.3638E+02
   6.750  0.2641E+01  0.3641E+02
   6.760  0.2811E+01  0.3643E+02
   6.770  0.2930E+01  0.3646E+02
   6.780  0.3068E+01  0.3649E+02
   6.790  0.3269E+01  0.3652E+02
   6.800  0.3455E+01  0.3656E+02
   6.810  0.3648E+01  0.3659E+02
   6.820  0.3746E+01  0.3663E+02
   6.830  0.3783E+01  0.3667E+02
   6.840  0.3737E+01  0.3671E+02
   6.850  0.3580E+01  0.3674E+02
   6.860  0.3473E+01  0.3678E+02
   6.870  0.3427E+01  0.3681E+02
   6.880  0.3432E+01  0.3685E+02
   6.890  0.3408E+01  0.3688E+02
   6.900  0.3427E+01  0.3692E+02
   6.910  0.3456E+01  0.3695E+02
   6.920  0.3628E+01  0.3699E+02
   6.930  0.3747E+01  0.3702E+02
   6.940  0.3846E+01  0.3706E+02
   6.950  0.3795E+01  0.3710E+02
   6.960  0.3715E+01  0.3714E+02
   6.970  0.3601E+01  0.3717E+02
   6.980  0.3447E+01  0.3721E+02
   6.990  0.3239E+01  0.3724E+02
   7.000  0.3056E+01  0.3727E+02
   7.010  0.2963E+01  0.3730E+02
   7.020  0.2878E+01  0.3733E+02
   7.030  0.2798E+01  0.3736E+02
   7.040  0.2738E+01  0.3739E+02
   7.050  0.2688E+01  0.3742E+02
   7.060  0.2635E+01  0.3744E+02
   7.070  0.2581E+01  0.3747E+02
   7.080  0.2527E+01  0.3749E+02
   7.090  0.2488E+01  0.3752E+02
   7.100  0.2448E+01  0.3754E+02
   7.110  0.2408E+01  0.3757E+02
   7.120  0.2377E+01  0.3759E+02
   7.130  0.2349E+01  0.3762E+02
   7.140  0.2323E+01  0.3764E+02
   7.150  0.2293E+01  0.3766E+02
   7.160  0.2260E+01  0.3769E+02
   7.170  0.2230E+01  0.3771E+02
   7.180  0.2202E+01  0.3773E+02
   7.190  0.2178E+01  0.3775E+02
   7.200  0.2157E+01  0.3777E+02
   7.210  0.2138E+01  0.3779E+02
   7.220  0.2119E+01  0.3782E+02
   7.230  0.2101E+01  0.3784E+02
   7.240  0.2082E+01  0.3786E+02
   7.250  0.2061E+01  0.3788E+02
   7.260  0.2042E+01  0.3790E+02
   7.270  0.2029E+01  0.3792E+02
   7.280  0.2017E+01  0.3794E+02
   7.290  0.2005E+01  0.3796E+02
   7.300  0.1992E+01  0.3798E+02
   7.310  0.1979E+01  0.3800E+02
   7.320  0.1964E+01  0.3802E+02
   7.330  0.1949E+01  0.3804E+02
   7.340  0.1936E+01  0.3806E+02
   7.350  0.1924E+01  0.3808E+02
   7.360  0.1913E+01  0.3810E+02
   7.370  0.1904E+01  0.3812E+02
   7.380  0.1896E+01  0.3814E+02
   7.390  0.1888E+01  0.3815E+02
   7.400  0.1877E+01  0.3817E+02
   7.410  0.1865E+01  0.3819E+02
   7.420  0.1854E+01  0.3821E+02
   7.430  0.1847E+01  0.3823E+02
   7.440  0.1844E+01  0.3825E+02
   7.450  0.1841E+01  0.3827E+02
   7.460  0.1837E+01  0.3828E+02
   7.470  0.1832E+01  0.3830E+02
   7.480  0.1825E+01  0.3832E+02
   7.490  0.1816E+01  0.3834E+02
   7.500  0.1807E+01  0.3836E+02
   7.510  0.1799E+01  0.3837E+02
   7.520  0.1792E+01  0.3839E+02
   7.530  0.1788E+01  0.3841E+02
   7.540  0.1785E+01  0.3843E+02
   7.550  0.1783E+01  0.3845E+02
   7.560  0.1782E+01  0.3846E+02
   7.570  0.1781E+01  0.3848E+02
   7.580  0.1780E+01  0.3850E+02
   7.590  0.1778E+01  0.3852E+02
   7.600  0.1775E+01  0.3854E+02
   7.610  0.1769E+01  0.3855E+02
   7.620  0.1767E+01  0.3857E+02
   7.630  0.1767E+01  0.3859E+02
   7.640  0.1768E+01  0.3861E+02
   7.650  0.1769E+01  0.3862E+02
   7.660  0.1768E+01  0.3864E+02
   7.670  0.1768E+01  0.3866E+02
   7.680  0.1767E+01  0.3868E+02
   7.690  0.1768E+01  0.3869E+02
   7.700  0.1767E+01  0.3871E+02
   7.710  0.1767E+01  0.3873E+02
   7.720  0.1769E+01  0.3875E+02
   7.730  0.1775E+01  0.3877E+02
   7.740  0.1781E+01  0.3878E+02
   7.750  0.1789E+01  0.3880E+02
   7.760  0.1798E+01  0.3882E+02
   7.770  0.1806E+01  0.3884E+02
   7.780  0.1811E+01  0.3885E+02
   7.790  0.1817E+01  0.3887E+02
   7.800  0.1824E+01  0.3889E+02
   7.810  0.1832E+01  0.3891E+02
   7.820  0.1841E+01  0.3893E+02
   7.830  0.1853E+01  0.3895E+02
   7.840  0.1868E+01  0.3897E+02
   7.850  0.1888E+01  0.3898E+02
   7.860  0.1912E+01  0.3900E+02
   7.870  0.1939E+01  0.3902E+02
   7.880  0.1971E+01  0.3904E+02
   7.890  0.2017E+01  0.3906E+02
   7.900  0.2070E+01  0.3908E+02
   7.910  0.2129E+01  0.3910E+02
   7.920  0.2171E+01  0.3912E+02
   7.930  0.2194E+01  0.3915E+02
   7.940  0.2218E+01  0.3917E+02
   7.950  0.2165E+01  0.3919E+02
   7.960  0.2120E+01  0.3921E+02
   7.970  0.2086E+01  0.3923E+02
   7.980  0.2064E+01  0.3925E+02
   7.990  0.2068E+01  0.3927E+02
   8.000  0.2124E+01  0.3929E+02
   8.010  0.2259E+01  0.3932E+02
   8.020  0.2429E+01  0.3934E+02
   8.030  0.2384E+01  0.3937E+02
   8.040  0.2340E+01  0.3939E+02
   8.050  0.2294E+01  0.3941E+02
   8.060  0.2290E+01  0.3943E+02
   8.070  0.2262E+01  0.3946E+02
   8.080  0.2185E+01  0.3948E+02
   8.090  0.2121E+01  0.3950E+02
   8.100  0.2021E+01  0.3952E+02
   8.110  0.1923E+01  0.3954E+02
   8.120  0.1826E+01  0.3956E+02
   8.130  0.1751E+01  0.3958E+02
   8.140  0.1683E+01  0.3960E+02
   8.150  0.1649E+01  0.3961E+02
   8.160  0.1605E+01  0.3963E+02
   8.170  0.1542E+01  0.3964E+02
   8.180  0.1464E+01  0.3966E+02
   8.190  0.1407E+01  0.3967E+02
   8.200  0.1368E+01  0.3969E+02
   8.210  0.1330E+01  0.3970E+02
   8.220  0.1309E+01  0.3971E+02
   8.230  0.1282E+01  0.3973E+02
   8.240  0.1247E+01  0.3974E+02
   8.250  0.1214E+01  0.3975E+02
   8.260  0.1171E+01  0.3976E+02
   8.270  0.1135E+01  0.3978E+02
   8.280  0.1102E+01  0.3979E+02
   8.290  0.1070E+01  0.3980E+02
   8.300  0.1043E+01  0.3981E+02
   8.310  0.1021E+01  0.3982E+02
   8.320  0.9990E+00  0.3983E+02
   8.330  0.9823E+00  0.3984E+02
   8.340  0.9754E+00  0.3985E+02
   8.350  0.9582E+00  0.3986E+02
   8.360  0.8869E+00  0.3987E+02
   8.370  0.8557E+00  0.3988E+02
   8.380  0.8308E+00  0.3988E+02
   8.390  0.8060E+00  0.3989E+02
   8.400  0.7871E+00  0.3990E+02
   8.410  0.7679E+00  0.3991E+02
   8.420  0.7444E+00  0.3992E+02
   8.430  0.7212E+00  0.3992E+02
   8.440  0.7015E+00  0.3993E+02
   8.450  0.6739E+00  0.3994E+02
   8.460  0.6506E+00  0.3994E+02
   8.470  0.6451E+00  0.3995E+02
   8.480  0.6428E+00  0.3996E+02
   8.490  0.6277E+00  0.3996E+02
   8.500  0.6149E+00  0.3997E+02
   8.510  0.5438E+00  0.3998E+02
   8.520  0.4175E+00  0.3998E+02
   8.530  0.3447E+00  0.3998E+02
   8.540  0.2880E+00  0.3999E+02
   8.550  0.2390E+00  0.3999E+02
   8.560  0.2040E+00  0.3999E+02
   8.570  0.1730E+00  0.3999E+02
   8.580  0.1453E+00  0.4000E+02
   8.590  0.1192E+00  0.4000E+02
   8.600  0.9581E-01  0.4000E+02
   8.610  0.9173E-01  0.4000E+02
   8.620  0.1022E+00  0.4000E+02
   8.630  0.1126E+00  0.4000E+02
   8.640  0.1399E+00  0.4000E+02
   8.650  0.1802E+00  0.4000E+02
   8.660  0.2404E+00  0.4001E+02
   8.670  0.3059E+00  0.4001E+02
   8.680  0.3757E+00  0.4001E+02
   8.690  0.4464E+00  0.4002E+02
   8.700  0.5203E+00  0.4002E+02
   8.710  0.5965E+00  0.4003E+02
   8.720  0.6793E+00  0.4003E+02
   8.730  0.7654E+00  0.4004E+02
   8.740  0.8581E+00  0.4005E+02
   8.750  0.9965E+00  0.4006E+02
   8.760  0.1414E+01  0.4007E+02
   8.770  0.1423E+01  0.4008E+02
   8.780  0.1680E+01  0.4010E+02
   8.790  0.1778E+01  0.4011E+02
   8.800  0.1970E+01  0.4013E+02
   8.810  0.2168E+01  0.4015E+02
   8.820  0.2446E+01  0.4018E+02
   8.830  0.2653E+01  0.4020E+02
   8.840  0.2855E+01  0.4023E+02
   8.850  0.2978E+01  0.4026E+02
   8.860  0.3077E+01  0.4029E+02
   8.870  0.3117E+01  0.4032E+02
   8.880  0.3203E+01  0.4035E+02
   8.890  0.3331E+01  0.4038E+02
   8.900  0.3503E+01  0.4042E+02
   8.910  0.3593E+01  0.4046E+02
   8.920  0.3524E+01  0.4049E+02
   8.930  0.3513E+01  0.4053E+02
   8.940  0.3530E+01  0.4056E+02
   8.950  0.3514E+01  0.4060E+02
   8.960  0.3493E+01  0.4063E+02
   8.970  0.3404E+01  0.4067E+02
   8.980  0.3354E+01  0.4070E+02
   8.990  0.3332E+01  0.4073E+02
   9.000  0.3317E+01  0.4077E+02
   9.010  0.3339E+01  0.4080E+02
   9.020  0.3367E+01  0.4083E+02
   9.030  0.3430E+01  0.4087E+02
   9.040  0.3515E+01  0.4090E+02
   9.050  0.3705E+01  0.4094E+02
   9.060  0.3962E+01  0.4098E+02
   9.070  0.4159E+01  0.4102E+02
   9.080  0.4350E+01  0.4106E+02
   9.090  0.4552E+01  0.4110E+02
   9.100  0.4849E+01  0.4115E+02
   9.110  0.5123E+01  0.4120E+02
   9.120  0.5389E+01  0.4125E+02
   9.130  0.5611E+01  0.4131E+02
   9.140  0.5868E+01  0.4137E+02
   9.150  0.6258E+01  0.4143E+02
   9.160  0.7180E+01  0.4149E+02
   9.170  0.6924E+01  0.4156E+02
   9.180  0.7273E+01  0.4163E+02
   9.190  0.7448E+01  0.4171E+02
   9.200  0.7635E+01  0.4178E+02
   9.210  0.7520E+01  0.4186E+02
   9.220  0.7177E+01  0.4193E+02
   9.230  0.6919E+01  0.4200E+02
   9.240  0.6631E+01  0.4207E+02
   9.250  0.6152E+01  0.4213E+02
   9.260  0.5765E+01  0.4219E+02
   9.270  0.5515E+01  0.4225E+02
   9.280  0.5414E+01  0.4230E+02
   9.290  0.5476E+01  0.4236E+02
   9.300  0.5598E+01  0.4241E+02
   9.310  0.5706E+01  0.4247E+02
   9.320  0.5615E+01  0.4253E+02
   9.330  0.5619E+01  0.4258E+02
   9.340  0.5593E+01  0.4264E+02
   9.350  0.5476E+01  0.4269E+02
   9.360  0.5451E+01  0.4275E+02
   9.370  0.5322E+01  0.4281E+02
   9.380  0.4926E+01  0.4286E+02
   9.390  0.4699E+01  0.4290E+02
   9.400  0.4504E+01  0.4295E+02
   9.410  0.4351E+01  0.4299E+02
   9.420  0.4176E+01  0.4304E+02
   9.430  0.3981E+01  0.4308E+02
   9.440  0.3781E+01  0.4312E+02
   9.450  0.3647E+01  0.4315E+02
   9.460  0.3536E+01  0.4319E+02
   9.470  0.3161E+01  0.4322E+02
   9.480  0.2677E+01  0.4325E+02
   9.490  0.2348E+01  0.4328E+02
   9.500  0.2196E+01  0.4330E+02
   9.510  0.2110E+01  0.4332E+02
   9.520  0.2029E+01  0.4334E+02
   9.530  0.2020E+01  0.4336E+02
   9.540  0.2017E+01  0.4338E+02
   9.550  0.2071E+01  0.4340E+02
   9.560  0.2145E+01  0.4342E+02
   9.570  0.2201E+01  0.4345E+02
   9.580  0.2246E+01  0.4347E+02
   9.590  0.2298E+01  0.4349E+02
   9.600  0.2343E+01  0.4351E+02
   9.610  0.2359E+01  0.4354E+02
   9.620  0.2370E+01  0.4356E+02
   9.630  0.2422E+01  0.4359E+02
   9.640  0.2499E+01  0.4361E+02
   9.650  0.2580E+01  0.4364E+02
   9.660  0.2661E+01  0.4366E+02
   9.670  0.2759E+01  0.4369E+02
   9.680  0.2847E+01  0.4372E+02
   9.690  0.2977E+01  0.4375E+02
   9.700  0.3101E+01  0.4378E+02
   9.710  0.3184E+01  0.4381E+02
   9.720  0.3254E+01  0.4384E+02
   9.730  0.3321E+01  0.4387E+02
   9.740  0.3385E+01  0.4391E+02
   9.750  0.3431E+01  0.4394E+02
   9.760  0.3538E+01  0.4398E+02
   9.770  0.3678E+01  0.4401E+02
   9.780  0.3844E+01  0.4405E+02
   9.790  0.4009E+01  0.4409E+02
   9.800  0.4091E+01  0.4413E+02
   9.810  0.4154E+01  0.4417E+02
   9.820  0.4210E+01  0.4421E+02
   9.830  0.4244E+01  0.4425E+02
   9.840  0.4303E+01  0.4430E+02
   9.850  0.4361E+01  0.4434E+02
   9.860  0.4457E+01  0.4438E+02
   9.870  0.4565E+01  0.4443E+02
   9.880  0.4659E+01  0.4448E+02
   9.890  0.4778E+01  0.4452E+02
   9.900  0.4941E+01  0.4457E+02
   9.910  0.5043E+01  0.4462E+02
   9.920  0.5121E+01  0.4467E+02
   9.930  0.5152E+01  0.4472E+02
   9.940  0.5071E+01  0.4477E+02
   9.950  0.4926E+01  0.4482E+02
   9.960  0.4842E+01  0.4487E+02
   9.970  0.4822E+01  0.4492E+02
   9.980  0.4673E+01  0.4497E+02
   9.990  0.4724E+01  0.4502E+02
  10.000  0.4982E+01  0.4506E+02
  10.010  0.5031E+01  0.4512E+02
  10.020  0.4488E+01  0.4516E+02
  10.030  0.4327E+01  0.4521E+02
  10.040  0.4193E+01  0.4525E+02
  10.050  0.3949E+01  0.4529E+02
  10.060  0.3954E+01  0.4533E+02
  10.070  0.3992E+01  0.4537E+02
  10.080  0.4058E+01  0.4541E+02
  10.090  0.4194E+01  0.4545E+02
  10.100  0.4307E+01  0.4549E+02
  10.110  0.4732E+01  0.4554E+02
  10.120  0.5494E+01  0.4559E+02
  10.130  0.6226E+01  0.4565E+02
  10.140  0.6679E+01  0.4571E+02
  10.150  0.6642E+01  0.4578E+02
  10.160  0.6497E+01  0.4584E+02
  10.170  0.6479E+01  0.4591E+02
  10.180  0.6431E+01  0.4597E+02
  10.190  0.6439E+01  0.4604E+02
  10.200  0.6543E+01  0.4610E+02
  10.210  0.6892E+01  0.4617E+02
  10.220  0.6675E+01  0.4624E+02
  10.230  0.6108E+01  0.4630E+02
  10.240  0.5265E+01  0.4636E+02
  10.250  0.4640E+01  0.4641E+02
  10.260  0.4487E+01  0.4646E+02
  10.270  0.4386E+01  0.4650E+02
  10.280  0.4329E+01  0.4654E+02
  10.290  0.4167E+01  0.4659E+02
  10.300  0.3960E+01  0.4663E+02
  10.310  0.4031E+01  0.4667E+02
  10.320  0.4170E+01  0.4671E+02
  10.330  0.4279E+01  0.4675E+02
  10.340  0.4505E+01  0.4679E+02
  10.350  0.4785E+01  0.4684E+02
  10.360  0.5391E+01  0.4689E+02
  10.370  0.6224E+01  0.4695E+02
  10.380  0.6943E+01  0.4701E+02
  10.390  0.7806E+01  0.4709E+02
  10.400  0.6266E+01  0.4715E+02
  10.410  0.6565E+01  0.4722E+02
  10.420  0.6506E+01  0.4728E+02
  10.430  0.6294E+01  0.4735E+02
  10.440  0.5909E+01  0.4741E+02
  10.450  0.5625E+01  0.4747E+02
  10.460  0.5350E+01  0.4752E+02
  10.470  0.5056E+01  0.4757E+02
  10.480  0.4745E+01  0.4762E+02
  10.490  0.4488E+01  0.4767E+02
  10.500  0.4020E+01  0.4771E+02
  10.510  0.3679E+01  0.4775E+02
  10.520  0.3424E+01  0.4778E+02
  10.530  0.3263E+01  0.4782E+02
  10.540  0.3155E+01  0.4785E+02
  10.550  0.3058E+01  0.4788E+02
  10.560  0.2991E+01  0.4791E+02
  10.570  0.2933E+01  0.4794E+02
  10.580  0.2877E+01  0.4797E+02
  10.590  0.2796E+01  0.4800E+02
  10.600  0.2746E+01  0.4803E+02
  10.610  0.2715E+01  0.4805E+02
  10.620  0.2635E+01  0.4808E+02
  10.630  0.2559E+01  0.4811E+02
  10.640  0.2499E+01  0.4813E+02
  10.650  0.2451E+01  0.4816E+02
  10.660  0.2403E+01  0.4818E+02
  10.670  0.2369E+01  0.4820E+02
  10.680  0.2291E+01  0.4823E+02
  10.690  0.2250E+01  0.4825E+02
  10.700  0.2218E+01  0.4827E+02
  10.710  0.2191E+01  0.4829E+02
  10.720  0.2161E+01  0.4832E+02
  10.730  0.2129E+01  0.4834E+02
  10.740  0.2118E+01  0.4836E+02
  10.750  0.2051E+01  0.4838E+02
  10.760  0.2015E+01  0.4840E+02
  10.770  0.1986E+01  0.4842E+02
  10.780  0.1963E+01  0.4844E+02
  10.790  0.1945E+01  0.4846E+02
  10.800  0.1929E+01  0.4848E+02
  10.810  0.1903E+01  0.4850E+02
  10.820  0.1889E+01  0.4852E+02
  10.830  0.1845E+01  0.4853E+02
  10.840  0.1820E+01  0.4855E+02
  10.850  0.1802E+01  0.4857E+02
  10.860  0.1782E+01  0.4859E+02
  10.870  0.1761E+01  0.4861E+02
  10.880  0.1742E+01  0.4862E+02
  10.890  0.1724E+01  0.4864E+02
  10.900  0.1695E+01  0.4866E+02
  10.910  0.1662E+01  0.4868E+02
  10.920  0.1646E+01  0.4869E+02
  10.930  0.1635E+01  0.4871E+02
  10.940  0.1628E+01  0.4872E+02
  10.950  0.1622E+01  0.4874E+02
  10.960  0.1622E+01  0.4876E+02
  10.970  0.1625E+01  0.4877E+02
  10.980  0.1638E+01  0.4879E+02
  10.990  0.1630E+01  0.4881E+02
  11.000  0.1676E+01  0.4882E+02
  11.010  0.1715E+01  0.4884E+02
  11.020  0.1799E+01  0.4886E+02
  11.030  0.1847E+01  0.4888E+02
  11.040  0.2092E+01  0.4889E+02
  11.050  0.2107E+01  0.4892E+02
  11.060  0.1468E+01  0.4893E+02
  11.070  0.1459E+01  0.4895E+02
  11.080  0.1458E+01  0.4896E+02
  11.090  0.1440E+01  0.4898E+02
  11.100  0.1419E+01  0.4899E+02
  11.110  0.1402E+01  0.4901E+02
  11.120  0.1385E+01  0.4902E+02
  11.130  0.1368E+01  0.4903E+02
  11.140  0.1351E+01  0.4905E+02
  11.150  0.1333E+01  0.4906E+02
  11.160  0.1317E+01  0.4907E+02
  11.170  0.1303E+01  0.4909E+02
  11.180  0.1293E+01  0.4910E+02
  11.190  0.1283E+01  0.4911E+02
  11.200  0.1271E+01  0.4913E+02
  11.210  0.1252E+01  0.4914E+02
  11.220  0.1235E+01  0.4915E+02
  11.230  0.1227E+01  0.4916E+02
  11.240  0.1221E+01  0.4918E+02
  11.250  0.1203E+01  0.4919E+02
  11.260  0.1188E+01  0.4920E+02
  11.270  0.1170E+01  0.4921E+02
  11.280  0.1151E+01  0.4922E+02
  11.290  0.1132E+01  0.4923E+02
  11.300  0.1114E+01  0.4925E+02
  11.310  0.1095E+01  0.4926E+02
  11.320  0.1078E+01  0.4927E+02
  11.330  0.1062E+01  0.4928E+02
  11.340  0.1047E+01  0.4929E+02
  11.350  0.1033E+01  0.4930E+02
  11.360  0.1019E+01  0.4931E+02
  11.370  0.1009E+01  0.4932E+02
  11.380  0.1024E+01  0.4933E+02
  11.390  0.1099E+01  0.4934E+02
  11.400  0.1117E+01  0.4935E+02
  11.410  0.1075E+01  0.4936E+02
  11.420  0.1058E+01  0.4937E+02
  11.430  0.1033E+01  0.4938E+02
  11.440  0.1026E+01  0.4939E+02
  11.450  0.1008E+01  0.4940E+02
  11.460  0.9696E+00  0.4941E+02
  11.470  0.9676E+00  0.4942E+02
  11.480  0.1024E+01  0.4943E+02
  11.490  0.1043E+01  0.4944E+02
  11.500  0.1058E+01  0.4945E+02
  11.510  0.1075E+01  0.4946E+02
  11.520  0.1090E+01  0.4948E+02
  11.530  0.1090E+01  0.4949E+02
  11.540  0.1102E+01  0.4950E+02
  11.550  0.1127E+01  0.4951E+02
  11.560  0.1175E+01  0.4952E+02
  11.570  0.1235E+01  0.4953E+02
  11.580  0.1329E+01  0.4954E+02
  11.590  0.1386E+01  0.4956E+02
  11.600  0.1434E+01  0.4957E+02
  11.610  0.1980E+01  0.4959E+02
  11.620  0.1318E+01  0.4960E+02
  11.630  0.1351E+01  0.4962E+02
  11.640  0.1488E+01  0.4963E+02
  11.650  0.1222E+01  0.4965E+02
  11.660  0.1161E+01  0.4966E+02
  11.670  0.1035E+01  0.4967E+02
  11.680  0.9889E+00  0.4968E+02
  11.690  0.9399E+00  0.4969E+02
  11.700  0.8459E+00  0.4970E+02
  11.710  0.5728E+00  0.4970E+02
  11.720  0.4503E+00  0.4971E+02
  11.730  0.4103E+00  0.4971E+02
  11.740  0.3853E+00  0.4972E+02
  11.750  0.3737E+00  0.4972E+02
  11.760  0.3942E+00  0.4972E+02
  11.770  0.3697E+00  0.4973E+02
  11.780  0.3221E+00  0.4973E+02
  11.790  0.3085E+00  0.4973E+02
  11.800  0.3055E+00  0.4974E+02
  11.810  0.3043E+00  0.4974E+02
  11.820  0.3031E+00  0.4974E+02
  11.830  0.3019E+00  0.4975E+02
  11.840  0.3023E+00  0.4975E+02
  11.850  0.3045E+00  0.4975E+02
  11.860  0.3069E+00  0.4976E+02
  11.870  0.3081E+00  0.4976E+02
  11.880  0.3089E+00  0.4976E+02
  11.890  0.3097E+00  0.4977E+02
  11.900  0.3105E+00  0.4977E+02
  11.910  0.3118E+00  0.4977E+02
  11.920  0.3145E+00  0.4977E+02
  11.930  0.3245E+00  0.4978E+02
  11.940  0.3705E+00  0.4978E+02
  11.950  0.3692E+00  0.4979E+02
  11.960  0.3891E+00  0.4979E+02
  11.970  0.6140E+00  0.4979E+02
  11.980  0.7647E+00  0.4980E+02
  11.990  0.7548E+00  0.4981E+02
  12.000  0.8116E+00  0.4982E+02
  12.010  0.9666E+00  0.4983E+02
  12.020  0.1089E+01  0.4984E+02
  12.030  0.1247E+01  0.4985E+02
  12.040  0.1392E+01  0.4986E+02
  12.050  0.1498E+01  0.4988E+02
  12.060  0.1521E+01  0.4989E+02
  12.070  0.1490E+01  0.4991E+02
  12.080  0.1342E+01  0.4992E+02
  12.090  0.1201E+01  0.4993E+02
  12.100  0.8880E+00  0.4994E+02
  12.110  0.7504E+00  0.4995E+02
  12.120  0.6272E+00  0.4996E+02
  12.130  0.5458E+00  0.4996E+02
  12.140  0.4845E+00  0.4997E+02
  12.150  0.4216E+00  0.4997E+02
  12.160  0.3460E+00  0.4998E+02
  12.170  0.2754E+00  0.4998E+02
  12.180  0.2016E+00  0.4998E+02
  12.190  0.1538E+00  0.4998E+02
  12.200  0.1287E+00  0.4999E+02
  12.210  0.1150E+00  0.4999E+02
  12.220  0.1110E+00  0.4999E+02
  12.230  0.1072E+00  0.4999E+02
  12.240  0.1060E+00  0.4999E+02
  12.250  0.1059E+00  0.4999E+02
  12.260  0.1673E+00  0.4999E+02
  12.270  0.1022E+00  0.4999E+02
  12.280  0.9834E-01  0.5000E+02
  12.290  0.9456E-01  0.5000E+02
  12.300  0.1032E+00  0.5000E+02
  12.310  0.1616E+00  0.5000E+02
  12.320  0.6040E-01  0.5000E+02
  12.330  0.5685E-02  0.5000E+02
  12.340  0.0000E+00  0.5000E+02
  12.350  0.0000E+00  0.5000E+02
  12.360  0.0000E+00  0.5000E+02
  12.370  0.0000E+00  0.5000E+02
  12.380  0.0000E+00  0.5000E+02
  12.390  0.0000E+00  0.5000E+02
  12.400  0.0000E+00  0.5000E+02
  12.410  0.0000E+00  0.5000E+02
  12.420  0.0000E+00  0.5000E+02
  12.430  0.0000E+00  0.5000E+02
  12.440  0.0000E+00  0.5000E+02
  12.450  0.0000E+00  0.5000E+02
  12.460  0.0000E+00  0.5000E+02
  12.470  0.0000E+00  0.5000E+02
  12.480  0.0000E+00  0.5000E+02
  12.490  0.0000E+00  0.5000E+02
  12.500  0.0000E+00  0.5000E+02
  12.510  0.0000E+00  0.5000E+02
  12.520  0.0000E+00  0.5000E+02
  12.530  0.0000E+00  0.5000E+02
  12.540  0.0000E+00  0.5000E+02
  12.550  0.0000E+00  0.5000E+02
  12.560  0.0000E+00  0.5000E+02
  12.570  0.0000E+00  0.5000E+02
  12.580  0.0000E+00  0.5000E+02
  12.590  0.0000E+00  0.5000E+02
  12.600  0.0000E+00  0.5000E+02
  12.610  0.0000E+00  0.5000E+02
  12.620  0.0000E+00  0.5000E+02
  12.630  0.0000E+00  0.5000E+02
  12.640  0.0000E+00  0.5000E+02
  12.650  0.0000E+00  0.5000E+02
  12.660  0.0000E+00  0.5000E+02
  12.670  0.0000E+00  0.5000E+02
  12.680  0.0000E+00  0.5000E+02
  12.690  0.0000E+00  0.5000E+02
  12.700  0.0000E+00  0.5000E+02
  12.710  0.0000E+00  0.5000E+02
  12.720  0.0000E+00  0.5000E+02
  12.730  0.0000E+00  0.5000E+02
  12.740  0.0000E+00  0.5000E+02
  12.750  0.0000E+00  0.5000E+02
  12.760  0.0000E+00  0.5000E+02
  12.770  0.0000E+00  0.5000E+02
  12.780  0.0000E+00  0.5000E+02
  12.790  0.0000E+00  0.5000E+02
  12.800  0.0000E+00  0.5000E+02
  12.810  0.0000E+00  0.5000E+02
  12.820  0.0000E+00  0.5000E+02
  12.830  0.0000E+00  0.5000E+02
  12.840  0.0000E+00  0.5000E+02
  12.850  0.0000E+00  0.5000E+02
  12.860  0.0000E+00  0.5000E+02
  12.870  0.0000E+00  0.5000E+02
  12.880  0.0000E+00  0.5000E+02
  12.890  0.0000E+00  0.5000E+02
  12.900  0.0000E+00  0.5000E+02
  12.910  0.0000E+00  0.5000E+02
  12.920  0.0000E+00  0.5000E+02
  12.930  0.0000E+00  0.5000E+02
  12.940  0.0000E+00  0.5000E+02
  12.950  0.0000E+00  0.5000E+02
  12.960  0.0000E+00  0.5000E+02
  12.970  0.0000E+00  0.5000E+02
  12.980  0.0000E+00  0.5000E+02
  12.990  0.0000E+00  0.5000E+02
  13.000  0.0000E+00  0.5000E+02
  13.010  0.0000E+00  0.5000E+02
  13.020  0.0000E+00  0.5000E+02
  13.030  0.0000E+00  0.5000E+02
  13.040  0.0000E+00  0.5000E+02
  13.050  0.0000E+00  0.5000E+02
  13.060  0.0000E+00  0.5000E+02
  13.070  0.0000E+00  0.5000E+02
  13.080  0.0000E+00  0.5000E+02
  13.090  0.0000E+00  0.5000E+02
  13.100  0.0000E+00  0.5000E+02
  13.110  0.0000E+00  0.5000E+02
  13.120  0.0000E+00  0.5000E+02
  13.130  0.0000E+00  0.5000E+02
  13.140  0.0000E+00  0.5000E+02
  13.150  0.0000E+00  0.5000E+02
  13.160  0.0000E+00  0.5000E+02
  13.170  0.0000E+00  0.5000E+02
  13.180  0.0000E+00  0.5000E+02
  13.190  0.0000E+00  0.5000E+02
  13.200  0.0000E+00  0.5000E+02
  13.210  0.0000E+00  0.5000E+02
  13.220  0.0000E+00  0.5000E+02
  13.230  0.0000E+00  0.5000E+02
  13.240  0.0000E+00  0.5000E+02
  13.250  0.0000E+00  0.5000E+02
  13.260  0.0000E+00  0.5000E+02
  13.270  0.0000E+00  0.5000E+02
  13.280  0.0000E+00  0.5000E+02
  13.290  0.0000E+00  0.5000E+02
  13.300  0.0000E+00  0.5000E+02
  13.310  0.0000E+00  0.5000E+02
  13.320  0.0000E+00  0.5000E+02
  13.330  0.0000E+00  0.5000E+02
  13.340  0.0000E+00  0.5000E+02
  13.350  0.0000E+00  0.5000E+02
  13.360  0.0000E+00  0.5000E+02
  13.370  0.0000E+00  0.5000E+02
  13.380  0.0000E+00  0.5000E+02
  13.390  0.0000E+00  0.5000E+02
  13.400  0.0000E+00  0.5000E+02
  13.410  0.0000E+00  0.5000E+02
  13.420  0.0000E+00  0.5000E+02
  13.430  0.0000E+00  0.5000E+02
  13.440  0.0000E+00  0.5000E+02
  13.450  0.0000E+00  0.5000E+02
  13.460  0.0000E+00  0.5000E+02
  13.470  0.0000E+00  0.5000E+02
  13.480  0.0000E+00  0.5000E+02
  13.490  0.0000E+00  0.5000E+02
  13.500  0.0000E+00  0.5000E+02
  13.510  0.0000E+00  0.5000E+02
  13.520  0.0000E+00  0.5000E+02
  13.530  0.0000E+00  0.5000E+02
  13.540  0.0000E+00  0.5000E+02
  13.550  0.0000E+00  0.5000E+02
  13.560  0.0000E+00  0.5000E+02
  13.570  0.0000E+00  0.5000E+02
  13.580  0.0000E+00  0.5000E+02
  13.590  0.0000E+00  0.5000E+02
  13.600  0.0000E+00  0.5000E+02
  13.610  0.0000E+00  0.5000E+02
  13.620  0.0000E+00  0.5000E+02
  13.630  0.0000E+00  0.5000E+02
  13.640  0.0000E+00  0.5000E+02
  13.650  0.0000E+00  0.5000E+02
  13.660  0.0000E+00  0.5000E+02
  13.670  0.0000E+00  0.5000E+02
  13.680  0.0000E+00  0.5000E+02
  13.690  0.0000E+00  0.5000E+02
  13.700  0.0000E+00  0.5000E+02
  13.710  0.0000E+00  0.5000E+02
  13.720  0.0000E+00  0.5000E+02
  13.730  0.0000E+00  0.5000E+02
  13.740  0.0000E+00  0.5000E+02
  13.750  0.0000E+00  0.5000E+02
  13.760  0.0000E+00  0.5000E+02
  13.770  0.0000E+00  0.5000E+02
  13.780  0.0000E+00  0.5000E+02
  13.790  0.0000E+00  0.5000E+02
  13.800  0.0000E+00  0.5000E+02
  13.810  0.0000E+00  0.5000E+02
  13.820  0.0000E+00  0.5000E+02
  13.830  0.0000E+00  0.5000E+02
  13.840  0.0000E+00  0.5000E+02
  13.850  0.0000E+00  0.5000E+02
  13.860  0.0000E+00  0.5000E+02
  13.870  0.0000E+00  0.5000E+02
  13.880  0.0000E+00  0.5000E+02
  13.890  0.0000E+00  0.5000E+02
  13.900  0.0000E+00  0.5000E+02
  13.910  0.0000E+00  0.5000E+02
  13.920  0.0000E+00  0.5000E+02
  13.930  0.0000E+00  0.5000E+02
  13.940  0.0000E+00  0.5000E+02
  13.950  0.0000E+00  0.5000E+02
  13.960  0.0000E+00  0.5000E+02
  13.970  0.0000E+00  0.5000E+02
  13.980  0.0000E+00  0.5000E+02
  13.990  0.0000E+00  0.5000E+02
  14.000  0.0000E+00  0.5000E+02
  14.010  0.0000E+00  0.5000E+02
  14.020  0.0000E+00  0.5000E+02
  14.030  0.0000E+00  0.5000E+02
  14.040  0.0000E+00  0.5000E+02
  14.050  0.0000E+00  0.5000E+02
  14.060  0.0000E+00  0.5000E+02
  14.070  0.0000E+00  0.5000E+02
  14.080  0.0000E+00  0.5000E+02
  14.090  0.0000E+00  0.5000E+02
  14.100  0.0000E+00  0.5000E+02
  14.110  0.0000E+00  0.5000E+02
  14.120  0.0000E+00  0.5000E+02
  14.130  0.0000E+00  0.5000E+02
  14.140  0.0000E+00  0.5000E+02
  14.150  0.0000E+00  0.5000E+02
  14.160  0.0000E+00  0.5000E+02
  14.170  0.0000E+00  0.5000E+02
  14.180  0.0000E+00  0.5000E+02
  14.190  0.0000E+00  0.5000E+02
  14.200  0.0000E+00  0.5000E+02
  14.210  0.0000E+00  0.5000E+02
  14.220  0.0000E+00  0.5000E+02
  14.230  0.0000E+00  0.5000E+02
  14.240  0.0000E+00  0.5000E+02
  14.250  0.0000E+00  0.5000E+02
  14.260  0.0000E+00  0.5000E+02
  14.270  0.0000E+00  0.5000E+02
  14.280  0.0000E+00  0.5000E+02
  14.290  0.0000E+00  0.5000E+02
  14.300  0.0000E+00  0.5000E+02
  14.310  0.0000E+00  0.5000E+02
  14.320  0.0000E+00  0.5000E+02
  14.330  0.0000E+00  0.5000E+02
  14.340  0.0000E+00  0.5000E+02
  14.350  0.0000E+00  0.5000E+02
  14.360  0.0000E+00  0.5000E+02
  14.370  0.0000E+00  0.5000E+02
  14.380  0.0000E+00  0.5000E+02
  14.390  0.0000E+00  0.5000E+02
  14.400  0.0000E+00  0.5000E+02
  14.410  0.0000E+00  0.5000E+02
  14.420  0.0000E+00  0.5000E+02
  14.430  0.0000E+00  0.5000E+02
  14.440  0.0000E+00  0.5000E+02
  14.450  0.0000E+00  0.5000E+02
  14.460  0.0000E+00  0.5000E+02
  14.470  0.0000E+00  0.5000E+02
  14.480  0.0000E+00  0.5000E+02
  14.490  0.0000E+00  0.5000E+02
  14.500  0.0000E+00  0.5000E+02
  14.510  0.0000E+00  0.5000E+02
  14.520  0.0000E+00  0.5000E+02
  14.530  0.0000E+00  0.5000E+02
  14.540  0.0000E+00  0.5000E+02
  14.550  0.0000E+00  0.5000E+02
  14.560  0.0000E+00  0.5000E+02
  14.570  0.0000E+00  0.5000E+02
  14.580  0.0000E+00  0.5000E+02
  14.590  0.0000E+00  0.5000E+02
  14.600  0.0000E+00  0.5000E+02
  14.610  0.0000E+00  0.5000E+02
  14.620  0.0000E+00  0.5000E+02
  14.630  0.0000E+00  0.5000E+02
  14.640  0.0000E+00  0.5000E+02
  14.650  0.0000E+00  0.5000E+02
  14.660  0.0000E+00  0.5000E+02
  14.670  0.0000E+00  0.5000E+02
  14.680  0.0000E+00  0.5000E+02
  14.690  0.0000E+00  0.5000E+02
  14.700  0.0000E+00  0.5000E+02
  14.710  0.0000E+00  0.5000E+02
  14.720  0.0000E+00  0.5000E+02
  14.730  0.0000E+00  0.5000E+02
  14.740  0.0000E+00  0.5000E+02
  14.750  0.0000E+00  0.5000E+02
  14.760  0.0000E+00  0.5000E+02
  14.770  0.0000E+00  0.5000E+02
  14.780  0.0000E+00  0.5000E+02
  14.790  0.0000E+00  0.5000E+02
  14.800  0.0000E+00  0.5000E+02
  14.810  0.0000E+00  0.5000E+02
  14.820  0.0000E+00  0.5000E+02
  14.830  0.0000E+00  0.5000E+02
  14.840  0.0000E+00  0.5000E+02
  14.850  0.0000E+00  0.5000E+02
  14.860  0.0000E+00  0.5000E+02
  14.870  0.0000E+00  0.5000E+02
  14.880  0.0000E+00  0.5000E+02
  14.890  0.0000E+00  0.5000E+02
  14.900  0.0000E+00  0.5000E+02
  14.910  0.0000E+00  0.5000E+02
  14.920  0.0000E+00  0.5000E+02
  14.930  0.0000E+00  0.5000E+02
  14.940  0.0000E+00  0.5000E+02
  14.950  0.0000E+00  0.5000E+02
  14.960  0.0000E+00  0.5000E+02
  14.970  0.0000E+00  0.5000E+02
  14.980  0.0000E+00  0.5000E+02
  14.990  0.0000E+00  0.5000E+02
  15.000  0.0000E+00  0.5000E+02
