#  E (eV)   dos(E)     Int dos(E) EFermi =    7.843 eV
 -15.000  0.0000E+00  0.0000E+00
 -14.990  0.0000E+00  0.0000E+00
 -14.980  0.0000E+00  0.0000E+00
 -14.970  0.0000E+00  0.0000E+00
 -14.960  0.0000E+00  0.0000E+00
 -14.950  0.0000E+00  0.0000E+00
 -14.940  0.0000E+00  0.0000E+00
 -14.930  0.0000E+00  0.0000E+00
 -14.920  0.0000E+00  0.0000E+00
 -14.910  0.0000E+00  0.0000E+00
 -14.900  0.0000E+00  0.0000E+00
 -14.890  0.0000E+00  0.0000E+00
 -14.880  0.0000E+00  0.0000E+00
 -14.870  0.0000E+00  0.0000E+00
 -14.860  0.0000E+00  0.0000E+00
 -14.850  0.0000E+00  0.0000E+00
 -14.840  0.0000E+00  0.0000E+00
 -14.830  0.0000E+00  0.0000E+00
 -14.820  0.0000E+00  0.0000E+00
 -14.810  0.0000E+00  0.0000E+00
 -14.800  0.0000E+00  0.0000E+00
 -14.790  0.0000E+00  0.0000E+00
 -14.780  0.0000E+00  0.0000E+00
 -14.770  0.0000E+00  0.0000E+00
 -14.760  0.0000E+00  0.0000E+00
 -14.750  0.0000E+00  0.0000E+00
 -14.740  0.0000E+00  0.0000E+00
 -14.730  0.0000E+00  0.0000E+00
 -14.720  0.0000E+00  0.0000E+00
 -14.710  0.0000E+00  0.0000E+00
 -14.700  0.0000E+00  0.0000E+00
 -14.690  0.0000E+00  0.0000E+00
 -14.680  0.0000E+00  0.0000E+00
 -14.670  0.0000E+00  0.0000E+00
 -14.660  0.0000E+00  0.0000E+00
 -14.650  0.0000E+00  0.0000E+00
 -14.640  0.0000E+00  0.0000E+00
 -14.630  0.0000E+00  0.0000E+00
 -14.620  0.0000E+00  0.0000E+00
 -14.610  0.0000E+00  0.0000E+00
 -14.600  0.0000E+00  0.0000E+00
 -14.590  0.0000E+00  0.0000E+00
 -14.580  0.0000E+00  0.0000E+00
 -14.570  0.0000E+00  0.0000E+00
 -14.560  0.0000E+00  0.0000E+00
 -14.550  0.0000E+00  0.0000E+00
 -14.540  0.0000E+00  0.0000E+00
 -14.530  0.0000E+00  0.0000E+00
 -14.520  0.0000E+00  0.0000E+00
 -14.510  0.0000E+00  0.0000E+00
 -14.500  0.0000E+00  0.0000E+00
 -14.490  0.0000E+00  0.0000E+00
 -14.480  0.0000E+00  0.0000E+00
 -14.470  0.0000E+00  0.0000E+00
 -14.460  0.0000E+00  0.0000E+00
 -14.450  0.0000E+00  0.0000E+00
 -14.440  0.0000E+00  0.0000E+00
 -14.430  0.0000E+00  0.0000E+00
 -14.420  0.0000E+00  0.0000E+00
 -14.410  0.0000E+00  0.0000E+00
 -14.400  0.0000E+00  0.0000E+00
 -14.390  0.0000E+00  0.0000E+00
 -14.380  0.0000E+00  0.0000E+00
 -14.370  0.0000E+00  0.0000E+00
 -14.360  0.0000E+00  0.0000E+00
 -14.350  0.0000E+00  0.0000E+00
 -14.340  0.0000E+00  0.0000E+00
 -14.330  0.0000E+00  0.0000E+00
 -14.320  0.0000E+00  0.0000E+00
 -14.310  0.0000E+00  0.0000E+00
 -14.300  0.0000E+00  0.0000E+00
 -14.290  0.0000E+00  0.0000E+00
 -14.280  0.0000E+00  0.0000E+00
 -14.270  0.0000E+00  0.0000E+00
 -14.260  0.0000E+00  0.0000E+00
 -14.250  0.0000E+00  0.0000E+00
 -14.240  0.0000E+00  0.0000E+00
 -14.230  0.0000E+00  0.0000E+00
 -14.220  0.0000E+00  0.0000E+00
 -14.210  0.0000E+00  0.0000E+00
 -14.200  0.0000E+00  0.0000E+00
 -14.190  0.0000E+00  0.0000E+00
 -14.180  0.0000E+00  0.0000E+00
 -14.170  0.0000E+00  0.0000E+00
 -14.160  0.0000E+00  0.0000E+00
 -14.150  0.0000E+00  0.0000E+00
 -14.140  0.0000E+00  0.0000E+00
 -14.130  0.0000E+00  0.0000E+00
 -14.120  0.0000E+00  0.0000E+00
 -14.110  0.0000E+00  0.0000E+00
 -14.100  0.0000E+00  0.0000E+00
 -14.090  0.0000E+00  0.0000E+00
 -14.080  0.0000E+00  0.0000E+00
 -14.070  0.0000E+00  0.0000E+00
 -14.060  0.0000E+00  0.0000E+00
 -14.050  0.0000E+00  0.0000E+00
 -14.040  0.0000E+00  0.0000E+00
 -14.030  0.0000E+00  0.0000E+00
 -14.020  0.0000E+00  0.0000E+00
 -14.010  0.0000E+00  0.0000E+00
 -14.000  0.0000E+00  0.0000E+00
 -13.990  0.0000E+00  0.0000E+00
 -13.980  0.0000E+00  0.0000E+00
 -13.970  0.0000E+00  0.0000E+00
 -13.960  0.0000E+00  0.0000E+00
 -13.950  0.0000E+00  0.0000E+00
 -13.940  0.0000E+00  0.0000E+00
 -13.930  0.0000E+00  0.0000E+00
 -13.920  0.0000E+00  0.0000E+00
 -13.910  0.0000E+00  0.0000E+00
 -13.900  0.0000E+00  0.0000E+00
 -13.890  0.0000E+00  0.0000E+00
 -13.880  0.0000E+00  0.0000E+00
 -13.870  0.0000E+00  0.0000E+00
 -13.860  0.0000E+00  0.0000E+00
 -13.850  0.0000E+00  0.0000E+00
 -13.840  0.0000E+00  0.0000E+00
 -13.830  0.0000E+00  0.0000E+00
 -13.820  0.0000E+00  0.0000E+00
 -13.810  0.0000E+00  0.0000E+00
 -13.800  0.0000E+00  0.0000E+00
 -13.790  0.0000E+00  0.0000E+00
 -13.780  0.0000E+00  0.0000E+00
 -13.770  0.0000E+00  0.0000E+00
 -13.760  0.0000E+00  0.0000E+00
 -13.750  0.0000E+00  0.0000E+00
 -13.740  0.0000E+00  0.0000E+00
 -13.730  0.0000E+00  0.0000E+00
 -13.720  0.0000E+00  0.0000E+00
 -13.710  0.0000E+00  0.0000E+00
 -13.700  0.0000E+00  0.0000E+00
 -13.690  0.0000E+00  0.0000E+00
 -13.680  0.0000E+00  0.0000E+00
 -13.670  0.0000E+00  0.0000E+00
 -13.660  0.0000E+00  0.0000E+00
 -13.650  0.0000E+00  0.0000E+00
 -13.640  0.0000E+00  0.0000E+00
 -13.630  0.0000E+00  0.0000E+00
 -13.620  0.0000E+00  0.0000E+00
 -13.610  0.0000E+00  0.0000E+00
 -13.600  0.0000E+00  0.0000E+00
 -13.590  0.0000E+00  0.0000E+00
 -13.580  0.0000E+00  0.0000E+00
 -13.570  0.0000E+00  0.0000E+00
 -13.560  0.0000E+00  0.0000E+00
 -13.550  0.0000E+00  0.0000E+00
 -13.540  0.0000E+00  0.0000E+00
 -13.530  0.0000E+00  0.0000E+00
 -13.520  0.0000E+00  0.0000E+00
 -13.510  0.0000E+00  0.0000E+00
 -13.500  0.0000E+00  0.0000E+00
 -13.490  0.0000E+00  0.0000E+00
 -13.480  0.0000E+00  0.0000E+00
 -13.470  0.0000E+00  0.0000E+00
 -13.460  0.1617E+00  0.3185E-03
 -13.450  0.5848E+00  0.4074E-02
 -13.440  0.9791E+00  0.1338E-01
 -13.430  0.9799E+00  0.2302E-01
 -13.420  0.9831E+00  0.3268E-01
 -13.410  0.1602E+01  0.4572E-01
 -13.400  0.2012E+01  0.6367E-01
 -13.390  0.1956E+01  0.8322E-01
 -13.380  0.1972E+01  0.1030E+00
 -13.370  0.1976E+01  0.1228E+00
 -13.360  0.1994E+01  0.1427E+00
 -13.350  0.1998E+01  0.1627E+00
 -13.340  0.2001E+01  0.1827E+00
 -13.330  0.2019E+01  0.2028E+00
 -13.320  0.2039E+01  0.2230E+00
 -13.310  0.2025E+01  0.2433E+00
 -13.300  0.2036E+01  0.2636E+00
 -13.290  0.2071E+01  0.2841E+00
 -13.280  0.2051E+01  0.3047E+00
 -13.270  0.2055E+01  0.3253E+00
 -13.260  0.2089E+01  0.3460E+00
 -13.250  0.2099E+01  0.3669E+00
 -13.240  0.2081E+01  0.3878E+00
 -13.230  0.2099E+01  0.4087E+00
 -13.220  0.2134E+01  0.4298E+00
 -13.210  0.2133E+01  0.4512E+00
 -13.200  0.2121E+01  0.4724E+00
 -13.190  0.2139E+01  0.4937E+00
 -13.180  0.2171E+01  0.5152E+00
 -13.170  0.2175E+01  0.5370E+00
 -13.160  0.2164E+01  0.5587E+00
 -13.150  0.2180E+01  0.5804E+00
 -13.140  0.2205E+01  0.6023E+00
 -13.130  0.2220E+01  0.6245E+00
 -13.120  0.2221E+01  0.6467E+00
 -13.110  0.2222E+01  0.6689E+00
 -13.100  0.2242E+01  0.6912E+00
 -13.090  0.2266E+01  0.7137E+00
 -13.080  0.2274E+01  0.7364E+00
 -13.070  0.2278E+01  0.7592E+00
 -13.060  0.2286E+01  0.7820E+00
 -13.050  0.2303E+01  0.8049E+00
 -13.040  0.2328E+01  0.8281E+00
 -13.030  0.2337E+01  0.8515E+00
 -13.020  0.2341E+01  0.8748E+00
 -13.010  0.2355E+01  0.8983E+00
 -13.000  0.2373E+01  0.9220E+00
 -12.990  0.2392E+01  0.9458E+00
 -12.980  0.2409E+01  0.9698E+00
 -12.970  0.2417E+01  0.9939E+00
 -12.960  0.2425E+01  0.1018E+01
 -12.950  0.2449E+01  0.1042E+01
 -12.940  0.2469E+01  0.1067E+01
 -12.930  0.2481E+01  0.1092E+01
 -12.920  0.2500E+01  0.1117E+01
 -12.910  0.2509E+01  0.1142E+01
 -12.900  0.2525E+01  0.1167E+01
 -12.890  0.2553E+01  0.1192E+01
 -12.880  0.2569E+01  0.1218E+01
 -12.870  0.2583E+01  0.1244E+01
 -12.860  0.2606E+01  0.1270E+01
 -12.850  0.2620E+01  0.1296E+01
 -12.840  0.2638E+01  0.1322E+01
 -12.830  0.2668E+01  0.1349E+01
 -12.820  0.2686E+01  0.1375E+01
 -12.810  0.2703E+01  0.1402E+01
 -12.800  0.2726E+01  0.1429E+01
 -12.790  0.2749E+01  0.1457E+01
 -12.780  0.2771E+01  0.1484E+01
 -12.770  0.2798E+01  0.1512E+01
 -12.760  0.2823E+01  0.1540E+01
 -12.750  0.2844E+01  0.1569E+01
 -12.740  0.2868E+01  0.1597E+01
 -12.730  0.2900E+01  0.1626E+01
 -12.720  0.2927E+01  0.1655E+01
 -12.710  0.2953E+01  0.1685E+01
 -12.700  0.2987E+01  0.1714E+01
 -12.690  0.3015E+01  0.1744E+01
 -12.680  0.3041E+01  0.1775E+01
 -12.670  0.3081E+01  0.1805E+01
 -12.660  0.3115E+01  0.1836E+01
 -12.650  0.3145E+01  0.1868E+01
 -12.640  0.3189E+01  0.1899E+01
 -12.630  0.3224E+01  0.1931E+01
 -12.620  0.3258E+01  0.1964E+01
 -12.610  0.3309E+01  0.1996E+01
 -12.600  0.3351E+01  0.2030E+01
 -12.590  0.3391E+01  0.2064E+01
 -12.580  0.3448E+01  0.2098E+01
 -12.570  0.3494E+01  0.2132E+01
 -12.560  0.3545E+01  0.2168E+01
 -12.550  0.3612E+01  0.2203E+01
 -12.540  0.3666E+01  0.2240E+01
 -12.530  0.3732E+01  0.2277E+01
 -12.520  0.3807E+01  0.2314E+01
 -12.510  0.3874E+01  0.2353E+01
 -12.500  0.3966E+01  0.2392E+01
 -12.490  0.4051E+01  0.2432E+01
 -12.480  0.4149E+01  0.2473E+01
 -12.470  0.4262E+01  0.2515E+01
 -12.460  0.4378E+01  0.2558E+01
 -12.450  0.4527E+01  0.2603E+01
 -12.440  0.4685E+01  0.2649E+01
 -12.430  0.4880E+01  0.2697E+01
 -12.420  0.5118E+01  0.2747E+01
 -12.410  0.5430E+01  0.2799E+01
 -12.400  0.5904E+01  0.2856E+01
 -12.390  0.6932E+01  0.2919E+01
 -12.380  0.6960E+01  0.2992E+01
 -12.370  0.6647E+01  0.3059E+01
 -12.360  0.7701E+01  0.3127E+01
 -12.350  0.6704E+01  0.3197E+01
 -12.340  0.5624E+01  0.3258E+01
 -12.330  0.5118E+01  0.3312E+01
 -12.320  0.4701E+01  0.3361E+01
 -12.310  0.4372E+01  0.3406E+01
 -12.300  0.4092E+01  0.3448E+01
 -12.290  0.3868E+01  0.3488E+01
 -12.280  0.3643E+01  0.3525E+01
 -12.270  0.3481E+01  0.3561E+01
 -12.260  0.3267E+01  0.3594E+01
 -12.250  0.3119E+01  0.3626E+01
 -12.240  0.2956E+01  0.3657E+01
 -12.230  0.2789E+01  0.3685E+01
 -12.220  0.2688E+01  0.3713E+01
 -12.210  0.2531E+01  0.3739E+01
 -12.200  0.2396E+01  0.3764E+01
 -12.190  0.2299E+01  0.3787E+01
 -12.180  0.2130E+01  0.3809E+01
 -12.170  0.2030E+01  0.3830E+01
 -12.160  0.1942E+01  0.3850E+01
 -12.150  0.1767E+01  0.3868E+01
 -12.140  0.1642E+01  0.3885E+01
 -12.130  0.1595E+01  0.3902E+01
 -12.120  0.1428E+01  0.3917E+01
 -12.110  0.1309E+01  0.3930E+01
 -12.100  0.1205E+01  0.3943E+01
 -12.090  0.1080E+01  0.3955E+01
 -12.080  0.9729E+00  0.3965E+01
 -12.070  0.8579E+00  0.3974E+01
 -12.060  0.7068E+00  0.3982E+01
 -12.050  0.6757E+00  0.3989E+01
 -12.040  0.3394E+00  0.3994E+01
 -12.030  0.2906E+00  0.3997E+01
 -12.020  0.1159E+00  0.3999E+01
 -12.010  0.2889E-01  0.4000E+01
 -12.000  0.3054E-01  0.4000E+01
 -11.990  0.1275E+00  0.4001E+01
 -11.980  0.3319E+00  0.4003E+01
 -11.970  0.4100E+00  0.4007E+01
 -11.960  0.7892E+00  0.4012E+01
 -11.950  0.8861E+00  0.4021E+01
 -11.940  0.1104E+01  0.4031E+01
 -11.930  0.1288E+01  0.4043E+01
 -11.920  0.1508E+01  0.4057E+01
 -11.910  0.1695E+01  0.4073E+01
 -11.900  0.1987E+01  0.4091E+01
 -11.890  0.2260E+01  0.4112E+01
 -11.880  0.2509E+01  0.4136E+01
 -11.870  0.2889E+01  0.4163E+01
 -11.860  0.3248E+01  0.4194E+01
 -11.850  0.3666E+01  0.4228E+01
 -11.840  0.4135E+01  0.4267E+01
 -11.830  0.4674E+01  0.4311E+01
 -11.820  0.5268E+01  0.4361E+01
 -11.810  0.6055E+01  0.4417E+01
 -11.800  0.7153E+01  0.4483E+01
 -11.790  0.8740E+01  0.4562E+01
 -11.780  0.1154E+02  0.4663E+01
 -11.770  0.1159E+02  0.4784E+01
 -11.760  0.1113E+02  0.4895E+01
 -11.750  0.1280E+02  0.5013E+01
 -11.740  0.1329E+02  0.5149E+01
 -11.730  0.1154E+02  0.5273E+01
 -11.720  0.1093E+02  0.5384E+01
 -11.710  0.1065E+02  0.5492E+01
 -11.700  0.1059E+02  0.5598E+01
 -11.690  0.1067E+02  0.5705E+01
 -11.680  0.1088E+02  0.5812E+01
 -11.670  0.1129E+02  0.5923E+01
 -11.660  0.1332E+02  0.6045E+01
 -11.650  0.1614E+02  0.6192E+01
 -11.640  0.2203E+02  0.6381E+01
 -11.630  0.3102E+02  0.6648E+01
 -11.620  0.2737E+02  0.6938E+01
 -11.610  0.6426E+01  0.7188E+01
 -11.600  0.7144E+01  0.7256E+01
 -11.590  0.1194E+02  0.7345E+01
 -11.580  0.1865E+02  0.7491E+01
 -11.570  0.1973E+02  0.7770E+01
 -11.560  0.1286E+02  0.7935E+01
 -11.550  0.0000E+00  0.8000E+01
 -11.540  0.0000E+00  0.8000E+01
 -11.530  0.0000E+00  0.8000E+01
 -11.520  0.0000E+00  0.8000E+01
 -11.510  0.0000E+00  0.8000E+01
 -11.500  0.0000E+00  0.8000E+01
 -11.490  0.0000E+00  0.8000E+01
 -11.480  0.0000E+00  0.8000E+01
 -11.470  0.0000E+00  0.8000E+01
 -11.460  0.0000E+00  0.8000E+01
 -11.450  0.0000E+00  0.8000E+01
 -11.440  0.0000E+00  0.8000E+01
 -11.430  0.0000E+00  0.8000E+01
 -11.420  0.0000E+00  0.8000E+01
 -11.410  0.0000E+00  0.8000E+01
 -11.400  0.0000E+00  0.8000E+01
 -11.390  0.0000E+00  0.8000E+01
 -11.380  0.0000E+00  0.8000E+01
 -11.370  0.0000E+00  0.8000E+01
 -11.360  0.0000E+00  0.8000E+01
 -11.350  0.0000E+00  0.8000E+01
 -11.340  0.0000E+00  0.8000E+01
 -11.330  0.0000E+00  0.8000E+01
 -11.320  0.0000E+00  0.8000E+01
 -11.310  0.0000E+00  0.8000E+01
 -11.300  0.0000E+00  0.8000E+01
 -11.290  0.0000E+00  0.8000E+01
 -11.280  0.0000E+00  0.8000E+01
 -11.270  0.0000E+00  0.8000E+01
 -11.260  0.0000E+00  0.8000E+01
 -11.250  0.0000E+00  0.8000E+01
 -11.240  0.0000E+00  0.8000E+01
 -11.230  0.0000E+00  0.8000E+01
 -11.220  0.0000E+00  0.8000E+01
 -11.210  0.0000E+00  0.8000E+01
 -11.200  0.0000E+00  0.8000E+01
 -11.190  0.0000E+00  0.8000E+01
 -11.180  0.0000E+00  0.8000E+01
 -11.170  0.0000E+00  0.8000E+01
 -11.160  0.0000E+00  0.8000E+01
 -11.150  0.0000E+00  0.8000E+01
 -11.140  0.0000E+00  0.8000E+01
 -11.130  0.0000E+00  0.8000E+01
 -11.120  0.0000E+00  0.8000E+01
 -11.110  0.0000E+00  0.8000E+01
 -11.100  0.0000E+00  0.8000E+01
 -11.090  0.0000E+00  0.8000E+01
 -11.080  0.0000E+00  0.8000E+01
 -11.070  0.0000E+00  0.8000E+01
 -11.060  0.0000E+00  0.8000E+01
 -11.050  0.0000E+00  0.8000E+01
 -11.040  0.0000E+00  0.8000E+01
 -11.030  0.0000E+00  0.8000E+01
 -11.020  0.0000E+00  0.8000E+01
 -11.010  0.0000E+00  0.8000E+01
 -11.000  0.0000E+00  0.8000E+01
 -10.990  0.0000E+00  0.8000E+01
 -10.980  0.0000E+00  0.8000E+01
 -10.970  0.0000E+00  0.8000E+01
 -10.960  0.0000E+00  0.8000E+01
 -10.950  0.0000E+00  0.8000E+01
 -10.940  0.0000E+00  0.8000E+01
 -10.930  0.0000E+00  0.8000E+01
 -10.920  0.0000E+00  0.8000E+01
 -10.910  0.0000E+00  0.8000E+01
 -10.900  0.0000E+00  0.8000E+01
 -10.890  0.0000E+00  0.8000E+01
 -10.880  0.0000E+00  0.8000E+01
 -10.870  0.0000E+00  0.8000E+01
 -10.860  0.0000E+00  0.8000E+01
 -10.850  0.0000E+00  0.8000E+01
 -10.840  0.0000E+00  0.8000E+01
 -10.830  0.0000E+00  0.8000E+01
 -10.820  0.0000E+00  0.8000E+01
 -10.810  0.0000E+00  0.8000E+01
 -10.800  0.0000E+00  0.8000E+01
 -10.790  0.0000E+00  0.8000E+01
 -10.780  0.0000E+00  0.8000E+01
 -10.770  0.0000E+00  0.8000E+01
 -10.760  0.0000E+00  0.8000E+01
 -10.750  0.0000E+00  0.8000E+01
 -10.740  0.0000E+00  0.8000E+01
 -10.730  0.0000E+00  0.8000E+01
 -10.720  0.0000E+00  0.8000E+01
 -10.710  0.0000E+00  0.8000E+01
 -10.700  0.0000E+00  0.8000E+01
 -10.690  0.0000E+00  0.8000E+01
 -10.680  0.0000E+00  0.8000E+01
 -10.670  0.0000E+00  0.8000E+01
 -10.660  0.0000E+00  0.8000E+01
 -10.650  0.0000E+00  0.8000E+01
 -10.640  0.0000E+00  0.8000E+01
 -10.630  0.0000E+00  0.8000E+01
 -10.620  0.0000E+00  0.8000E+01
 -10.610  0.0000E+00  0.8000E+01
 -10.600  0.0000E+00  0.8000E+01
 -10.590  0.0000E+00  0.8000E+01
 -10.580  0.0000E+00  0.8000E+01
 -10.570  0.0000E+00  0.8000E+01
 -10.560  0.0000E+00  0.8000E+01
 -10.550  0.0000E+00  0.8000E+01
 -10.540  0.0000E+00  0.8000E+01
 -10.530  0.0000E+00  0.8000E+01
 -10.520  0.0000E+00  0.8000E+01
 -10.510  0.0000E+00  0.8000E+01
 -10.500  0.0000E+00  0.8000E+01
 -10.490  0.0000E+00  0.8000E+01
 -10.480  0.0000E+00  0.8000E+01
 -10.470  0.0000E+00  0.8000E+01
 -10.460  0.0000E+00  0.8000E+01
 -10.450  0.0000E+00  0.8000E+01
 -10.440  0.0000E+00  0.8000E+01
 -10.430  0.0000E+00  0.8000E+01
 -10.420  0.0000E+00  0.8000E+01
 -10.410  0.0000E+00  0.8000E+01
 -10.400  0.0000E+00  0.8000E+01
 -10.390  0.0000E+00  0.8000E+01
 -10.380  0.0000E+00  0.8000E+01
 -10.370  0.0000E+00  0.8000E+01
 -10.360  0.0000E+00  0.8000E+01
 -10.350  0.0000E+00  0.8000E+01
 -10.340  0.0000E+00  0.8000E+01
 -10.330  0.0000E+00  0.8000E+01
 -10.320  0.0000E+00  0.8000E+01
 -10.310  0.0000E+00  0.8000E+01
 -10.300  0.0000E+00  0.8000E+01
 -10.290  0.0000E+00  0.8000E+01
 -10.280  0.0000E+00  0.8000E+01
 -10.270  0.0000E+00  0.8000E+01
 -10.260  0.0000E+00  0.8000E+01
 -10.250  0.0000E+00  0.8000E+01
 -10.240  0.0000E+00  0.8000E+01
 -10.230  0.0000E+00  0.8000E+01
 -10.220  0.0000E+00  0.8000E+01
 -10.210  0.0000E+00  0.8000E+01
 -10.200  0.0000E+00  0.8000E+01
 -10.190  0.0000E+00  0.8000E+01
 -10.180  0.0000E+00  0.8000E+01
 -10.170  0.0000E+00  0.8000E+01
 -10.160  0.0000E+00  0.8000E+01
 -10.150  0.0000E+00  0.8000E+01
 -10.140  0.0000E+00  0.8000E+01
 -10.130  0.0000E+00  0.8000E+01
 -10.120  0.0000E+00  0.8000E+01
 -10.110  0.0000E+00  0.8000E+01
 -10.100  0.0000E+00  0.8000E+01
 -10.090  0.0000E+00  0.8000E+01
 -10.080  0.0000E+00  0.8000E+01
 -10.070  0.0000E+00  0.8000E+01
 -10.060  0.0000E+00  0.8000E+01
 -10.050  0.0000E+00  0.8000E+01
 -10.040  0.0000E+00  0.8000E+01
 -10.030  0.0000E+00  0.8000E+01
 -10.020  0.0000E+00  0.8000E+01
 -10.010  0.0000E+00  0.8000E+01
 -10.000  0.0000E+00  0.8000E+01
  -9.990  0.0000E+00  0.8000E+01
  -9.980  0.0000E+00  0.8000E+01
  -9.970  0.0000E+00  0.8000E+01
  -9.960  0.0000E+00  0.8000E+01
  -9.950  0.0000E+00  0.8000E+01
  -9.940  0.0000E+00  0.8000E+01
  -9.930  0.0000E+00  0.8000E+01
  -9.920  0.0000E+00  0.8000E+01
  -9.910  0.0000E+00  0.8000E+01
  -9.900  0.0000E+00  0.8000E+01
  -9.890  0.0000E+00  0.8000E+01
  -9.880  0.0000E+00  0.8000E+01
  -9.870  0.0000E+00  0.8000E+01
  -9.860  0.0000E+00  0.8000E+01
  -9.850  0.0000E+00  0.8000E+01
  -9.840  0.0000E+00  0.8000E+01
  -9.830  0.0000E+00  0.8000E+01
  -9.820  0.0000E+00  0.8000E+01
  -9.810  0.0000E+00  0.8000E+01
  -9.800  0.0000E+00  0.8000E+01
  -9.790  0.0000E+00  0.8000E+01
  -9.780  0.0000E+00  0.8000E+01
  -9.770  0.0000E+00  0.8000E+01
  -9.760  0.0000E+00  0.8000E+01
  -9.750  0.0000E+00  0.8000E+01
  -9.740  0.0000E+00  0.8000E+01
  -9.730  0.0000E+00  0.8000E+01
  -9.720  0.0000E+00  0.8000E+01
  -9.710  0.0000E+00  0.8000E+01
  -9.700  0.0000E+00  0.8000E+01
  -9.690  0.0000E+00  0.8000E+01
  -9.680  0.0000E+00  0.8000E+01
  -9.670  0.0000E+00  0.8000E+01
  -9.660  0.0000E+00  0.8000E+01
  -9.650  0.0000E+00  0.8000E+01
  -9.640  0.0000E+00  0.8000E+01
  -9.630  0.0000E+00  0.8000E+01
  -9.620  0.0000E+00  0.8000E+01
  -9.610  0.0000E+00  0.8000E+01
  -9.600  0.0000E+00  0.8000E+01
  -9.590  0.0000E+00  0.8000E+01
  -9.580  0.0000E+00  0.8000E+01
  -9.570  0.0000E+00  0.8000E+01
  -9.560  0.0000E+00  0.8000E+01
  -9.550  0.0000E+00  0.8000E+01
  -9.540  0.0000E+00  0.8000E+01
  -9.530  0.0000E+00  0.8000E+01
  -9.520  0.0000E+00  0.8000E+01
  -9.510  0.0000E+00  0.8000E+01
  -9.500  0.0000E+00  0.8000E+01
  -9.490  0.0000E+00  0.8000E+01
  -9.480  0.0000E+00  0.8000E+01
  -9.470  0.0000E+00  0.8000E+01
  -9.460  0.0000E+00  0.8000E+01
  -9.450  0.0000E+00  0.8000E+01
  -9.440  0.0000E+00  0.8000E+01
  -9.430  0.0000E+00  0.8000E+01
  -9.420  0.0000E+00  0.8000E+01
  -9.410  0.0000E+00  0.8000E+01
  -9.400  0.0000E+00  0.8000E+01
  -9.390  0.0000E+00  0.8000E+01
  -9.380  0.0000E+00  0.8000E+01
  -9.370  0.0000E+00  0.8000E+01
  -9.360  0.0000E+00  0.8000E+01
  -9.350  0.0000E+00  0.8000E+01
  -9.340  0.0000E+00  0.8000E+01
  -9.330  0.0000E+00  0.8000E+01
  -9.320  0.0000E+00  0.8000E+01
  -9.310  0.0000E+00  0.8000E+01
  -9.300  0.0000E+00  0.8000E+01
  -9.290  0.0000E+00  0.8000E+01
  -9.280  0.0000E+00  0.8000E+01
  -9.270  0.0000E+00  0.8000E+01
  -9.260  0.0000E+00  0.8000E+01
  -9.250  0.0000E+00  0.8000E+01
  -9.240  0.0000E+00  0.8000E+01
  -9.230  0.0000E+00  0.8000E+01
  -9.220  0.0000E+00  0.8000E+01
  -9.210  0.0000E+00  0.8000E+01
  -9.200  0.0000E+00  0.8000E+01
  -9.190  0.0000E+00  0.8000E+01
  -9.180  0.0000E+00  0.8000E+01
  -9.170  0.0000E+00  0.8000E+01
  -9.160  0.0000E+00  0.8000E+01
  -9.150  0.0000E+00  0.8000E+01
  -9.140  0.0000E+00  0.8000E+01
  -9.130  0.0000E+00  0.8000E+01
  -9.120  0.0000E+00  0.8000E+01
  -9.110  0.0000E+00  0.8000E+01
  -9.100  0.0000E+00  0.8000E+01
  -9.090  0.0000E+00  0.8000E+01
  -9.080  0.0000E+00  0.8000E+01
  -9.070  0.0000E+00  0.8000E+01
  -9.060  0.0000E+00  0.8000E+01
  -9.050  0.0000E+00  0.8000E+01
  -9.040  0.0000E+00  0.8000E+01
  -9.030  0.0000E+00  0.8000E+01
  -9.020  0.0000E+00  0.8000E+01
  -9.010  0.0000E+00  0.8000E+01
  -9.000  0.0000E+00  0.8000E+01
  -8.990  0.0000E+00  0.8000E+01
  -8.980  0.0000E+00  0.8000E+01
  -8.970  0.0000E+00  0.8000E+01
  -8.960  0.0000E+00  0.8000E+01
  -8.950  0.0000E+00  0.8000E+01
  -8.940  0.0000E+00  0.8000E+01
  -8.930  0.0000E+00  0.8000E+01
  -8.920  0.0000E+00  0.8000E+01
  -8.910  0.0000E+00  0.8000E+01
  -8.900  0.0000E+00  0.8000E+01
  -8.890  0.0000E+00  0.8000E+01
  -8.880  0.0000E+00  0.8000E+01
  -8.870  0.0000E+00  0.8000E+01
  -8.860  0.0000E+00  0.8000E+01
  -8.850  0.0000E+00  0.8000E+01
  -8.840  0.0000E+00  0.8000E+01
  -8.830  0.0000E+00  0.8000E+01
  -8.820  0.0000E+00  0.8000E+01
  -8.810  0.0000E+00  0.8000E+01
  -8.800  0.0000E+00  0.8000E+01
  -8.790  0.0000E+00  0.8000E+01
  -8.780  0.0000E+00  0.8000E+01
  -8.770  0.0000E+00  0.8000E+01
  -8.760  0.0000E+00  0.8000E+01
  -8.750  0.0000E+00  0.8000E+01
  -8.740  0.0000E+00  0.8000E+01
  -8.730  0.0000E+00  0.8000E+01
  -8.720  0.0000E+00  0.8000E+01
  -8.710  0.0000E+00  0.8000E+01
  -8.700  0.0000E+00  0.8000E+01
  -8.690  0.0000E+00  0.8000E+01
  -8.680  0.0000E+00  0.8000E+01
  -8.670  0.0000E+00  0.8000E+01
  -8.660  0.0000E+00  0.8000E+01
  -8.650  0.0000E+00  0.8000E+01
  -8.640  0.0000E+00  0.8000E+01
  -8.630  0.0000E+00  0.8000E+01
  -8.620  0.0000E+00  0.8000E+01
  -8.610  0.0000E+00  0.8000E+01
  -8.600  0.0000E+00  0.8000E+01
  -8.590  0.0000E+00  0.8000E+01
  -8.580  0.0000E+00  0.8000E+01
  -8.570  0.0000E+00  0.8000E+01
  -8.560  0.0000E+00  0.8000E+01
  -8.550  0.0000E+00  0.8000E+01
  -8.540  0.0000E+00  0.8000E+01
  -8.530  0.0000E+00  0.8000E+01
  -8.520  0.0000E+00  0.8000E+01
  -8.510  0.0000E+00  0.8000E+01
  -8.500  0.0000E+00  0.8000E+01
  -8.490  0.0000E+00  0.8000E+01
  -8.480  0.0000E+00  0.8000E+01
  -8.470  0.0000E+00  0.8000E+01
  -8.460  0.0000E+00  0.8000E+01
  -8.450  0.0000E+00  0.8000E+01
  -8.440  0.0000E+00  0.8000E+01
  -8.430  0.0000E+00  0.8000E+01
  -8.420  0.0000E+00  0.8000E+01
  -8.410  0.0000E+00  0.8000E+01
  -8.400  0.0000E+00  0.8000E+01
  -8.390  0.0000E+00  0.8000E+01
  -8.380  0.0000E+00  0.8000E+01
  -8.370  0.0000E+00  0.8000E+01
  -8.360  0.0000E+00  0.8000E+01
  -8.350  0.0000E+00  0.8000E+01
  -8.340  0.0000E+00  0.8000E+01
  -8.330  0.0000E+00  0.8000E+01
  -8.320  0.0000E+00  0.8000E+01
  -8.310  0.0000E+00  0.8000E+01
  -8.300  0.0000E+00  0.8000E+01
  -8.290  0.0000E+00  0.8000E+01
  -8.280  0.0000E+00  0.8000E+01
  -8.270  0.0000E+00  0.8000E+01
  -8.260  0.0000E+00  0.8000E+01
  -8.250  0.0000E+00  0.8000E+01
  -8.240  0.0000E+00  0.8000E+01
  -8.230  0.0000E+00  0.8000E+01
  -8.220  0.0000E+00  0.8000E+01
  -8.210  0.0000E+00  0.8000E+01
  -8.200  0.0000E+00  0.8000E+01
  -8.190  0.0000E+00  0.8000E+01
  -8.180  0.0000E+00  0.8000E+01
  -8.170  0.0000E+00  0.8000E+01
  -8.160  0.0000E+00  0.8000E+01
  -8.150  0.0000E+00  0.8000E+01
  -8.140  0.0000E+00  0.8000E+01
  -8.130  0.0000E+00  0.8000E+01
  -8.120  0.0000E+00  0.8000E+01
  -8.110  0.0000E+00  0.8000E+01
  -8.100  0.0000E+00  0.8000E+01
  -8.090  0.0000E+00  0.8000E+01
  -8.080  0.0000E+00  0.8000E+01
  -8.070  0.0000E+00  0.8000E+01
  -8.060  0.0000E+00  0.8000E+01
  -8.050  0.0000E+00  0.8000E+01
  -8.040  0.0000E+00  0.8000E+01
  -8.030  0.0000E+00  0.8000E+01
  -8.020  0.0000E+00  0.8000E+01
  -8.010  0.0000E+00  0.8000E+01
  -8.000  0.0000E+00  0.8000E+01
  -7.990  0.0000E+00  0.8000E+01
  -7.980  0.0000E+00  0.8000E+01
  -7.970  0.0000E+00  0.8000E+01
  -7.960  0.0000E+00  0.8000E+01
  -7.950  0.0000E+00  0.8000E+01
  -7.940  0.0000E+00  0.8000E+01
  -7.930  0.0000E+00  0.8000E+01
  -7.920  0.0000E+00  0.8000E+01
  -7.910  0.0000E+00  0.8000E+01
  -7.900  0.0000E+00  0.8000E+01
  -7.890  0.0000E+00  0.8000E+01
  -7.880  0.0000E+00  0.8000E+01
  -7.870  0.0000E+00  0.8000E+01
  -7.860  0.0000E+00  0.8000E+01
  -7.850  0.0000E+00  0.8000E+01
  -7.840  0.0000E+00  0.8000E+01
  -7.830  0.0000E+00  0.8000E+01
  -7.820  0.0000E+00  0.8000E+01
  -7.810  0.0000E+00  0.8000E+01
  -7.800  0.0000E+00  0.8000E+01
  -7.790  0.0000E+00  0.8000E+01
  -7.780  0.0000E+00  0.8000E+01
  -7.770  0.0000E+00  0.8000E+01
  -7.760  0.0000E+00  0.8000E+01
  -7.750  0.0000E+00  0.8000E+01
  -7.740  0.0000E+00  0.8000E+01
  -7.730  0.0000E+00  0.8000E+01
  -7.720  0.0000E+00  0.8000E+01
  -7.710  0.0000E+00  0.8000E+01
  -7.700  0.0000E+00  0.8000E+01
  -7.690  0.0000E+00  0.8000E+01
  -7.680  0.0000E+00  0.8000E+01
  -7.670  0.0000E+00  0.8000E+01
  -7.660  0.0000E+00  0.8000E+01
  -7.650  0.0000E+00  0.8000E+01
  -7.640  0.0000E+00  0.8000E+01
  -7.630  0.0000E+00  0.8000E+01
  -7.620  0.0000E+00  0.8000E+01
  -7.610  0.0000E+00  0.8000E+01
  -7.600  0.0000E+00  0.8000E+01
  -7.590  0.0000E+00  0.8000E+01
  -7.580  0.0000E+00  0.8000E+01
  -7.570  0.0000E+00  0.8000E+01
  -7.560  0.0000E+00  0.8000E+01
  -7.550  0.0000E+00  0.8000E+01
  -7.540  0.0000E+00  0.8000E+01
  -7.530  0.0000E+00  0.8000E+01
  -7.520  0.0000E+00  0.8000E+01
  -7.510  0.0000E+00  0.8000E+01
  -7.500  0.0000E+00  0.8000E+01
  -7.490  0.0000E+00  0.8000E+01
  -7.480  0.0000E+00  0.8000E+01
  -7.470  0.0000E+00  0.8000E+01
  -7.460  0.0000E+00  0.8000E+01
  -7.450  0.0000E+00  0.8000E+01
  -7.440  0.0000E+00  0.8000E+01
  -7.430  0.0000E+00  0.8000E+01
  -7.420  0.0000E+00  0.8000E+01
  -7.410  0.0000E+00  0.8000E+01
  -7.400  0.0000E+00  0.8000E+01
  -7.390  0.0000E+00  0.8000E+01
  -7.380  0.0000E+00  0.8000E+01
  -7.370  0.0000E+00  0.8000E+01
  -7.360  0.0000E+00  0.8000E+01
  -7.350  0.0000E+00  0.8000E+01
  -7.340  0.0000E+00  0.8000E+01
  -7.330  0.0000E+00  0.8000E+01
  -7.320  0.0000E+00  0.8000E+01
  -7.310  0.0000E+00  0.8000E+01
  -7.300  0.0000E+00  0.8000E+01
  -7.290  0.0000E+00  0.8000E+01
  -7.280  0.0000E+00  0.8000E+01
  -7.270  0.0000E+00  0.8000E+01
  -7.260  0.0000E+00  0.8000E+01
  -7.250  0.0000E+00  0.8000E+01
  -7.240  0.0000E+00  0.8000E+01
  -7.230  0.0000E+00  0.8000E+01
  -7.220  0.0000E+00  0.8000E+01
  -7.210  0.0000E+00  0.8000E+01
  -7.200  0.0000E+00  0.8000E+01
  -7.190  0.0000E+00  0.8000E+01
  -7.180  0.0000E+00  0.8000E+01
  -7.170  0.0000E+00  0.8000E+01
  -7.160  0.0000E+00  0.8000E+01
  -7.150  0.0000E+00  0.8000E+01
  -7.140  0.0000E+00  0.8000E+01
  -7.130  0.0000E+00  0.8000E+01
  -7.120  0.0000E+00  0.8000E+01
  -7.110  0.0000E+00  0.8000E+01
  -7.100  0.0000E+00  0.8000E+01
  -7.090  0.0000E+00  0.8000E+01
  -7.080  0.0000E+00  0.8000E+01
  -7.070  0.0000E+00  0.8000E+01
  -7.060  0.0000E+00  0.8000E+01
  -7.050  0.0000E+00  0.8000E+01
  -7.040  0.0000E+00  0.8000E+01
  -7.030  0.0000E+00  0.8000E+01
  -7.020  0.0000E+00  0.8000E+01
  -7.010  0.0000E+00  0.8000E+01
  -7.000  0.0000E+00  0.8000E+01
  -6.990  0.0000E+00  0.8000E+01
  -6.980  0.0000E+00  0.8000E+01
  -6.970  0.0000E+00  0.8000E+01
  -6.960  0.0000E+00  0.8000E+01
  -6.950  0.0000E+00  0.8000E+01
  -6.940  0.0000E+00  0.8000E+01
  -6.930  0.0000E+00  0.8000E+01
  -6.920  0.0000E+00  0.8000E+01
  -6.910  0.0000E+00  0.8000E+01
  -6.900  0.0000E+00  0.8000E+01
  -6.890  0.0000E+00  0.8000E+01
  -6.880  0.0000E+00  0.8000E+01
  -6.870  0.0000E+00  0.8000E+01
  -6.860  0.0000E+00  0.8000E+01
  -6.850  0.0000E+00  0.8000E+01
  -6.840  0.0000E+00  0.8000E+01
  -6.830  0.0000E+00  0.8000E+01
  -6.820  0.0000E+00  0.8000E+01
  -6.810  0.0000E+00  0.8000E+01
  -6.800  0.0000E+00  0.8000E+01
  -6.790  0.0000E+00  0.8000E+01
  -6.780  0.0000E+00  0.8000E+01
  -6.770  0.0000E+00  0.8000E+01
  -6.760  0.0000E+00  0.8000E+01
  -6.750  0.0000E+00  0.8000E+01
  -6.740  0.0000E+00  0.8000E+01
  -6.730  0.0000E+00  0.8000E+01
  -6.720  0.0000E+00  0.8000E+01
  -6.710  0.0000E+00  0.8000E+01
  -6.700  0.0000E+00  0.8000E+01
  -6.690  0.0000E+00  0.8000E+01
  -6.680  0.0000E+00  0.8000E+01
  -6.670  0.0000E+00  0.8000E+01
  -6.660  0.0000E+00  0.8000E+01
  -6.650  0.0000E+00  0.8000E+01
  -6.640  0.0000E+00  0.8000E+01
  -6.630  0.0000E+00  0.8000E+01
  -6.620  0.0000E+00  0.8000E+01
  -6.610  0.0000E+00  0.8000E+01
  -6.600  0.0000E+00  0.8000E+01
  -6.590  0.0000E+00  0.8000E+01
  -6.580  0.0000E+00  0.8000E+01
  -6.570  0.0000E+00  0.8000E+01
  -6.560  0.0000E+00  0.8000E+01
  -6.550  0.0000E+00  0.8000E+01
  -6.540  0.0000E+00  0.8000E+01
  -6.530  0.0000E+00  0.8000E+01
  -6.520  0.0000E+00  0.8000E+01
  -6.510  0.0000E+00  0.8000E+01
  -6.500  0.0000E+00  0.8000E+01
  -6.490  0.0000E+00  0.8000E+01
  -6.480  0.0000E+00  0.8000E+01
  -6.470  0.0000E+00  0.8000E+01
  -6.460  0.0000E+00  0.8000E+01
  -6.450  0.0000E+00  0.8000E+01
  -6.440  0.0000E+00  0.8000E+01
  -6.430  0.0000E+00  0.8000E+01
  -6.420  0.0000E+00  0.8000E+01
  -6.410  0.0000E+00  0.8000E+01
  -6.400  0.0000E+00  0.8000E+01
  -6.390  0.0000E+00  0.8000E+01
  -6.380  0.0000E+00  0.8000E+01
  -6.370  0.0000E+00  0.8000E+01
  -6.360  0.0000E+00  0.8000E+01
  -6.350  0.0000E+00  0.8000E+01
  -6.340  0.0000E+00  0.8000E+01
  -6.330  0.0000E+00  0.8000E+01
  -6.320  0.0000E+00  0.8000E+01
  -6.310  0.0000E+00  0.8000E+01
  -6.300  0.0000E+00  0.8000E+01
  -6.290  0.0000E+00  0.8000E+01
  -6.280  0.0000E+00  0.8000E+01
  -6.270  0.0000E+00  0.8000E+01
  -6.260  0.0000E+00  0.8000E+01
  -6.250  0.0000E+00  0.8000E+01
  -6.240  0.0000E+00  0.8000E+01
  -6.230  0.0000E+00  0.8000E+01
  -6.220  0.0000E+00  0.8000E+01
  -6.210  0.0000E+00  0.8000E+01
  -6.200  0.0000E+00  0.8000E+01
  -6.190  0.0000E+00  0.8000E+01
  -6.180  0.0000E+00  0.8000E+01
  -6.170  0.0000E+00  0.8000E+01
  -6.160  0.0000E+00  0.8000E+01
  -6.150  0.0000E+00  0.8000E+01
  -6.140  0.0000E+00  0.8000E+01
  -6.130  0.0000E+00  0.8000E+01
  -6.120  0.0000E+00  0.8000E+01
  -6.110  0.0000E+00  0.8000E+01
  -6.100  0.0000E+00  0.8000E+01
  -6.090  0.0000E+00  0.8000E+01
  -6.080  0.0000E+00  0.8000E+01
  -6.070  0.0000E+00  0.8000E+01
  -6.060  0.0000E+00  0.8000E+01
  -6.050  0.0000E+00  0.8000E+01
  -6.040  0.0000E+00  0.8000E+01
  -6.030  0.0000E+00  0.8000E+01
  -6.020  0.0000E+00  0.8000E+01
  -6.010  0.0000E+00  0.8000E+01
  -6.000  0.0000E+00  0.8000E+01
  -5.990  0.0000E+00  0.8000E+01
  -5.980  0.0000E+00  0.8000E+01
  -5.970  0.0000E+00  0.8000E+01
  -5.960  0.0000E+00  0.8000E+01
  -5.950  0.0000E+00  0.8000E+01
  -5.940  0.0000E+00  0.8000E+01
  -5.930  0.0000E+00  0.8000E+01
  -5.920  0.0000E+00  0.8000E+01
  -5.910  0.0000E+00  0.8000E+01
  -5.900  0.0000E+00  0.8000E+01
  -5.890  0.0000E+00  0.8000E+01
  -5.880  0.0000E+00  0.8000E+01
  -5.870  0.0000E+00  0.8000E+01
  -5.860  0.0000E+00  0.8000E+01
  -5.850  0.0000E+00  0.8000E+01
  -5.840  0.0000E+00  0.8000E+01
  -5.830  0.0000E+00  0.8000E+01
  -5.820  0.0000E+00  0.8000E+01
  -5.810  0.0000E+00  0.8000E+01
  -5.800  0.0000E+00  0.8000E+01
  -5.790  0.0000E+00  0.8000E+01
  -5.780  0.0000E+00  0.8000E+01
  -5.770  0.0000E+00  0.8000E+01
  -5.760  0.0000E+00  0.8000E+01
  -5.750  0.0000E+00  0.8000E+01
  -5.740  0.0000E+00  0.8000E+01
  -5.730  0.0000E+00  0.8000E+01
  -5.720  0.0000E+00  0.8000E+01
  -5.710  0.0000E+00  0.8000E+01
  -5.700  0.0000E+00  0.8000E+01
  -5.690  0.0000E+00  0.8000E+01
  -5.680  0.0000E+00  0.8000E+01
  -5.670  0.0000E+00  0.8000E+01
  -5.660  0.0000E+00  0.8000E+01
  -5.650  0.0000E+00  0.8000E+01
  -5.640  0.0000E+00  0.8000E+01
  -5.630  0.0000E+00  0.8000E+01
  -5.620  0.0000E+00  0.8000E+01
  -5.610  0.0000E+00  0.8000E+01
  -5.600  0.0000E+00  0.8000E+01
  -5.590  0.0000E+00  0.8000E+01
  -5.580  0.0000E+00  0.8000E+01
  -5.570  0.0000E+00  0.8000E+01
  -5.560  0.0000E+00  0.8000E+01
  -5.550  0.0000E+00  0.8000E+01
  -5.540  0.0000E+00  0.8000E+01
  -5.530  0.0000E+00  0.8000E+01
  -5.520  0.0000E+00  0.8000E+01
  -5.510  0.0000E+00  0.8000E+01
  -5.500  0.0000E+00  0.8000E+01
  -5.490  0.0000E+00  0.8000E+01
  -5.480  0.0000E+00  0.8000E+01
  -5.470  0.0000E+00  0.8000E+01
  -5.460  0.0000E+00  0.8000E+01
  -5.450  0.0000E+00  0.8000E+01
  -5.440  0.0000E+00  0.8000E+01
  -5.430  0.0000E+00  0.8000E+01
  -5.420  0.0000E+00  0.8000E+01
  -5.410  0.0000E+00  0.8000E+01
  -5.400  0.0000E+00  0.8000E+01
  -5.390  0.0000E+00  0.8000E+01
  -5.380  0.0000E+00  0.8000E+01
  -5.370  0.0000E+00  0.8000E+01
  -5.360  0.0000E+00  0.8000E+01
  -5.350  0.0000E+00  0.8000E+01
  -5.340  0.0000E+00  0.8000E+01
  -5.330  0.0000E+00  0.8000E+01
  -5.320  0.0000E+00  0.8000E+01
  -5.310  0.0000E+00  0.8000E+01
  -5.300  0.0000E+00  0.8000E+01
  -5.290  0.0000E+00  0.8000E+01
  -5.280  0.0000E+00  0.8000E+01
  -5.270  0.0000E+00  0.8000E+01
  -5.260  0.0000E+00  0.8000E+01
  -5.250  0.0000E+00  0.8000E+01
  -5.240  0.0000E+00  0.8000E+01
  -5.230  0.0000E+00  0.8000E+01
  -5.220  0.0000E+00  0.8000E+01
  -5.210  0.0000E+00  0.8000E+01
  -5.200  0.0000E+00  0.8000E+01
  -5.190  0.0000E+00  0.8000E+01
  -5.180  0.0000E+00  0.8000E+01
  -5.170  0.0000E+00  0.8000E+01
  -5.160  0.0000E+00  0.8000E+01
  -5.150  0.0000E+00  0.8000E+01
  -5.140  0.0000E+00  0.8000E+01
  -5.130  0.0000E+00  0.8000E+01
  -5.120  0.0000E+00  0.8000E+01
  -5.110  0.0000E+00  0.8000E+01
  -5.100  0.0000E+00  0.8000E+01
  -5.090  0.0000E+00  0.8000E+01
  -5.080  0.0000E+00  0.8000E+01
  -5.070  0.0000E+00  0.8000E+01
  -5.060  0.0000E+00  0.8000E+01
  -5.050  0.0000E+00  0.8000E+01
  -5.040  0.0000E+00  0.8000E+01
  -5.030  0.0000E+00  0.8000E+01
  -5.020  0.0000E+00  0.8000E+01
  -5.010  0.0000E+00  0.8000E+01
  -5.000  0.0000E+00  0.8000E+01
  -4.990  0.0000E+00  0.8000E+01
  -4.980  0.0000E+00  0.8000E+01
  -4.970  0.0000E+00  0.8000E+01
  -4.960  0.0000E+00  0.8000E+01
  -4.950  0.0000E+00  0.8000E+01
  -4.940  0.0000E+00  0.8000E+01
  -4.930  0.0000E+00  0.8000E+01
  -4.920  0.0000E+00  0.8000E+01
  -4.910  0.0000E+00  0.8000E+01
  -4.900  0.0000E+00  0.8000E+01
  -4.890  0.0000E+00  0.8000E+01
  -4.880  0.0000E+00  0.8000E+01
  -4.870  0.0000E+00  0.8000E+01
  -4.860  0.0000E+00  0.8000E+01
  -4.850  0.0000E+00  0.8000E+01
  -4.840  0.0000E+00  0.8000E+01
  -4.830  0.0000E+00  0.8000E+01
  -4.820  0.0000E+00  0.8000E+01
  -4.810  0.0000E+00  0.8000E+01
  -4.800  0.0000E+00  0.8000E+01
  -4.790  0.0000E+00  0.8000E+01
  -4.780  0.0000E+00  0.8000E+01
  -4.770  0.0000E+00  0.8000E+01
  -4.760  0.0000E+00  0.8000E+01
  -4.750  0.0000E+00  0.8000E+01
  -4.740  0.0000E+00  0.8000E+01
  -4.730  0.0000E+00  0.8000E+01
  -4.720  0.0000E+00  0.8000E+01
  -4.710  0.0000E+00  0.8000E+01
  -4.700  0.0000E+00  0.8000E+01
  -4.690  0.0000E+00  0.8000E+01
  -4.680  0.0000E+00  0.8000E+01
  -4.670  0.0000E+00  0.8000E+01
  -4.660  0.0000E+00  0.8000E+01
  -4.650  0.0000E+00  0.8000E+01
  -4.640  0.0000E+00  0.8000E+01
  -4.630  0.0000E+00  0.8000E+01
  -4.620  0.0000E+00  0.8000E+01
  -4.610  0.0000E+00  0.8000E+01
  -4.600  0.0000E+00  0.8000E+01
  -4.590  0.0000E+00  0.8000E+01
  -4.580  0.0000E+00  0.8000E+01
  -4.570  0.0000E+00  0.8000E+01
  -4.560  0.0000E+00  0.8000E+01
  -4.550  0.0000E+00  0.8000E+01
  -4.540  0.0000E+00  0.8000E+01
  -4.530  0.0000E+00  0.8000E+01
  -4.520  0.0000E+00  0.8000E+01
  -4.510  0.0000E+00  0.8000E+01
  -4.500  0.0000E+00  0.8000E+01
  -4.490  0.0000E+00  0.8000E+01
  -4.480  0.0000E+00  0.8000E+01
  -4.470  0.0000E+00  0.8000E+01
  -4.460  0.0000E+00  0.8000E+01
  -4.450  0.0000E+00  0.8000E+01
  -4.440  0.0000E+00  0.8000E+01
  -4.430  0.0000E+00  0.8000E+01
  -4.420  0.0000E+00  0.8000E+01
  -4.410  0.0000E+00  0.8000E+01
  -4.400  0.0000E+00  0.8000E+01
  -4.390  0.0000E+00  0.8000E+01
  -4.380  0.0000E+00  0.8000E+01
  -4.370  0.0000E+00  0.8000E+01
  -4.360  0.0000E+00  0.8000E+01
  -4.350  0.0000E+00  0.8000E+01
  -4.340  0.0000E+00  0.8000E+01
  -4.330  0.0000E+00  0.8000E+01
  -4.320  0.0000E+00  0.8000E+01
  -4.310  0.0000E+00  0.8000E+01
  -4.300  0.0000E+00  0.8000E+01
  -4.290  0.0000E+00  0.8000E+01
  -4.280  0.0000E+00  0.8000E+01
  -4.270  0.0000E+00  0.8000E+01
  -4.260  0.0000E+00  0.8000E+01
  -4.250  0.0000E+00  0.8000E+01
  -4.240  0.0000E+00  0.8000E+01
  -4.230  0.0000E+00  0.8000E+01
  -4.220  0.0000E+00  0.8000E+01
  -4.210  0.0000E+00  0.8000E+01
  -4.200  0.0000E+00  0.8000E+01
  -4.190  0.0000E+00  0.8000E+01
  -4.180  0.0000E+00  0.8000E+01
  -4.170  0.0000E+00  0.8000E+01
  -4.160  0.0000E+00  0.8000E+01
  -4.150  0.0000E+00  0.8000E+01
  -4.140  0.0000E+00  0.8000E+01
  -4.130  0.0000E+00  0.8000E+01
  -4.120  0.0000E+00  0.8000E+01
  -4.110  0.0000E+00  0.8000E+01
  -4.100  0.0000E+00  0.8000E+01
  -4.090  0.0000E+00  0.8000E+01
  -4.080  0.0000E+00  0.8000E+01
  -4.070  0.0000E+00  0.8000E+01
  -4.060  0.0000E+00  0.8000E+01
  -4.050  0.0000E+00  0.8000E+01
  -4.040  0.0000E+00  0.8000E+01
  -4.030  0.0000E+00  0.8000E+01
  -4.020  0.0000E+00  0.8000E+01
  -4.010  0.0000E+00  0.8000E+01
  -4.000  0.0000E+00  0.8000E+01
  -3.990  0.0000E+00  0.8000E+01
  -3.980  0.0000E+00  0.8000E+01
  -3.970  0.0000E+00  0.8000E+01
  -3.960  0.0000E+00  0.8000E+01
  -3.950  0.0000E+00  0.8000E+01
  -3.940  0.0000E+00  0.8000E+01
  -3.930  0.0000E+00  0.8000E+01
  -3.920  0.0000E+00  0.8000E+01
  -3.910  0.0000E+00  0.8000E+01
  -3.900  0.0000E+00  0.8000E+01
  -3.890  0.0000E+00  0.8000E+01
  -3.880  0.0000E+00  0.8000E+01
  -3.870  0.0000E+00  0.8000E+01
  -3.860  0.0000E+00  0.8000E+01
  -3.850  0.0000E+00  0.8000E+01
  -3.840  0.0000E+00  0.8000E+01
  -3.830  0.0000E+00  0.8000E+01
  -3.820  0.0000E+00  0.8000E+01
  -3.810  0.0000E+00  0.8000E+01
  -3.800  0.0000E+00  0.8000E+01
  -3.790  0.0000E+00  0.8000E+01
  -3.780  0.0000E+00  0.8000E+01
  -3.770  0.0000E+00  0.8000E+01
  -3.760  0.0000E+00  0.8000E+01
  -3.750  0.0000E+00  0.8000E+01
  -3.740  0.0000E+00  0.8000E+01
  -3.730  0.0000E+00  0.8000E+01
  -3.720  0.0000E+00  0.8000E+01
  -3.710  0.0000E+00  0.8000E+01
  -3.700  0.0000E+00  0.8000E+01
  -3.690  0.0000E+00  0.8000E+01
  -3.680  0.0000E+00  0.8000E+01
  -3.670  0.0000E+00  0.8000E+01
  -3.660  0.0000E+00  0.8000E+01
  -3.650  0.0000E+00  0.8000E+01
  -3.640  0.0000E+00  0.8000E+01
  -3.630  0.0000E+00  0.8000E+01
  -3.620  0.0000E+00  0.8000E+01
  -3.610  0.0000E+00  0.8000E+01
  -3.600  0.0000E+00  0.8000E+01
  -3.590  0.0000E+00  0.8000E+01
  -3.580  0.0000E+00  0.8000E+01
  -3.570  0.0000E+00  0.8000E+01
  -3.560  0.0000E+00  0.8000E+01
  -3.550  0.0000E+00  0.8000E+01
  -3.540  0.0000E+00  0.8000E+01
  -3.530  0.0000E+00  0.8000E+01
  -3.520  0.0000E+00  0.8000E+01
  -3.510  0.0000E+00  0.8000E+01
  -3.500  0.0000E+00  0.8000E+01
  -3.490  0.0000E+00  0.8000E+01
  -3.480  0.0000E+00  0.8000E+01
  -3.470  0.0000E+00  0.8000E+01
  -3.460  0.0000E+00  0.8000E+01
  -3.450  0.0000E+00  0.8000E+01
  -3.440  0.0000E+00  0.8000E+01
  -3.430  0.0000E+00  0.8000E+01
  -3.420  0.0000E+00  0.8000E+01
  -3.410  0.0000E+00  0.8000E+01
  -3.400  0.0000E+00  0.8000E+01
  -3.390  0.0000E+00  0.8000E+01
  -3.380  0.0000E+00  0.8000E+01
  -3.370  0.0000E+00  0.8000E+01
  -3.360  0.0000E+00  0.8000E+01
  -3.350  0.0000E+00  0.8000E+01
  -3.340  0.0000E+00  0.8000E+01
  -3.330  0.0000E+00  0.8000E+01
  -3.320  0.0000E+00  0.8000E+01
  -3.310  0.0000E+00  0.8000E+01
  -3.300  0.0000E+00  0.8000E+01
  -3.290  0.0000E+00  0.8000E+01
  -3.280  0.0000E+00  0.8000E+01
  -3.270  0.0000E+00  0.8000E+01
  -3.260  0.0000E+00  0.8000E+01
  -3.250  0.0000E+00  0.8000E+01
  -3.240  0.0000E+00  0.8000E+01
  -3.230  0.0000E+00  0.8000E+01
  -3.220  0.0000E+00  0.8000E+01
  -3.210  0.0000E+00  0.8000E+01
  -3.200  0.0000E+00  0.8000E+01
  -3.190  0.0000E+00  0.8000E+01
  -3.180  0.0000E+00  0.8000E+01
  -3.170  0.0000E+00  0.8000E+01
  -3.160  0.0000E+00  0.8000E+01
  -3.150  0.0000E+00  0.8000E+01
  -3.140  0.0000E+00  0.8000E+01
  -3.130  0.0000E+00  0.8000E+01
  -3.120  0.0000E+00  0.8000E+01
  -3.110  0.0000E+00  0.8000E+01
  -3.100  0.0000E+00  0.8000E+01
  -3.090  0.0000E+00  0.8000E+01
  -3.080  0.0000E+00  0.8000E+01
  -3.070  0.0000E+00  0.8000E+01
  -3.060  0.0000E+00  0.8000E+01
  -3.050  0.0000E+00  0.8000E+01
  -3.040  0.0000E+00  0.8000E+01
  -3.030  0.0000E+00  0.8000E+01
  -3.020  0.0000E+00  0.8000E+01
  -3.010  0.0000E+00  0.8000E+01
  -3.000  0.0000E+00  0.8000E+01
  -2.990  0.0000E+00  0.8000E+01
  -2.980  0.0000E+00  0.8000E+01
  -2.970  0.0000E+00  0.8000E+01
  -2.960  0.0000E+00  0.8000E+01
  -2.950  0.0000E+00  0.8000E+01
  -2.940  0.0000E+00  0.8000E+01
  -2.930  0.0000E+00  0.8000E+01
  -2.920  0.0000E+00  0.8000E+01
  -2.910  0.0000E+00  0.8000E+01
  -2.900  0.0000E+00  0.8000E+01
  -2.890  0.0000E+00  0.8000E+01
  -2.880  0.0000E+00  0.8000E+01
  -2.870  0.0000E+00  0.8000E+01
  -2.860  0.0000E+00  0.8000E+01
  -2.850  0.0000E+00  0.8000E+01
  -2.840  0.0000E+00  0.8000E+01
  -2.830  0.0000E+00  0.8000E+01
  -2.820  0.0000E+00  0.8000E+01
  -2.810  0.0000E+00  0.8000E+01
  -2.800  0.0000E+00  0.8000E+01
  -2.790  0.0000E+00  0.8000E+01
  -2.780  0.0000E+00  0.8000E+01
  -2.770  0.0000E+00  0.8000E+01
  -2.760  0.0000E+00  0.8000E+01
  -2.750  0.0000E+00  0.8000E+01
  -2.740  0.0000E+00  0.8000E+01
  -2.730  0.0000E+00  0.8000E+01
  -2.720  0.0000E+00  0.8000E+01
  -2.710  0.0000E+00  0.8000E+01
  -2.700  0.0000E+00  0.8000E+01
  -2.690  0.0000E+00  0.8000E+01
  -2.680  0.0000E+00  0.8000E+01
  -2.670  0.0000E+00  0.8000E+01
  -2.660  0.0000E+00  0.8000E+01
  -2.650  0.0000E+00  0.8000E+01
  -2.640  0.0000E+00  0.8000E+01
  -2.630  0.0000E+00  0.8000E+01
  -2.620  0.0000E+00  0.8000E+01
  -2.610  0.0000E+00  0.8000E+01
  -2.600  0.0000E+00  0.8000E+01
  -2.590  0.0000E+00  0.8000E+01
  -2.580  0.0000E+00  0.8000E+01
  -2.570  0.0000E+00  0.8000E+01
  -2.560  0.0000E+00  0.8000E+01
  -2.550  0.0000E+00  0.8000E+01
  -2.540  0.0000E+00  0.8000E+01
  -2.530  0.0000E+00  0.8000E+01
  -2.520  0.0000E+00  0.8000E+01
  -2.510  0.0000E+00  0.8000E+01
  -2.500  0.0000E+00  0.8000E+01
  -2.490  0.0000E+00  0.8000E+01
  -2.480  0.0000E+00  0.8000E+01
  -2.470  0.0000E+00  0.8000E+01
  -2.460  0.0000E+00  0.8000E+01
  -2.450  0.0000E+00  0.8000E+01
  -2.440  0.0000E+00  0.8000E+01
  -2.430  0.0000E+00  0.8000E+01
  -2.420  0.0000E+00  0.8000E+01
  -2.410  0.0000E+00  0.8000E+01
  -2.400  0.0000E+00  0.8000E+01
  -2.390  0.0000E+00  0.8000E+01
  -2.380  0.0000E+00  0.8000E+01
  -2.370  0.0000E+00  0.8000E+01
  -2.360  0.0000E+00  0.8000E+01
  -2.350  0.0000E+00  0.8000E+01
  -2.340  0.0000E+00  0.8000E+01
  -2.330  0.0000E+00  0.8000E+01
  -2.320  0.0000E+00  0.8000E+01
  -2.310  0.0000E+00  0.8000E+01
  -2.300  0.0000E+00  0.8000E+01
  -2.290  0.0000E+00  0.8000E+01
  -2.280  0.0000E+00  0.8000E+01
  -2.270  0.0000E+00  0.8000E+01
  -2.260  0.0000E+00  0.8000E+01
  -2.250  0.0000E+00  0.8000E+01
  -2.240  0.0000E+00  0.8000E+01
  -2.230  0.0000E+00  0.8000E+01
  -2.220  0.0000E+00  0.8000E+01
  -2.210  0.0000E+00  0.8000E+01
  -2.200  0.0000E+00  0.8000E+01
  -2.190  0.0000E+00  0.8000E+01
  -2.180  0.0000E+00  0.8000E+01
  -2.170  0.0000E+00  0.8000E+01
  -2.160  0.0000E+00  0.8000E+01
  -2.150  0.0000E+00  0.8000E+01
  -2.140  0.0000E+00  0.8000E+01
  -2.130  0.0000E+00  0.8000E+01
  -2.120  0.0000E+00  0.8000E+01
  -2.110  0.0000E+00  0.8000E+01
  -2.100  0.0000E+00  0.8000E+01
  -2.090  0.0000E+00  0.8000E+01
  -2.080  0.0000E+00  0.8000E+01
  -2.070  0.0000E+00  0.8000E+01
  -2.060  0.0000E+00  0.8000E+01
  -2.050  0.0000E+00  0.8000E+01
  -2.040  0.0000E+00  0.8000E+01
  -2.030  0.0000E+00  0.8000E+01
  -2.020  0.0000E+00  0.8000E+01
  -2.010  0.0000E+00  0.8000E+01
  -2.000  0.0000E+00  0.8000E+01
  -1.990  0.0000E+00  0.8000E+01
  -1.980  0.0000E+00  0.8000E+01
  -1.970  0.0000E+00  0.8000E+01
  -1.960  0.0000E+00  0.8000E+01
  -1.950  0.0000E+00  0.8000E+01
  -1.940  0.0000E+00  0.8000E+01
  -1.930  0.0000E+00  0.8000E+01
  -1.920  0.0000E+00  0.8000E+01
  -1.910  0.0000E+00  0.8000E+01
  -1.900  0.0000E+00  0.8000E+01
  -1.890  0.0000E+00  0.8000E+01
  -1.880  0.0000E+00  0.8000E+01
  -1.870  0.0000E+00  0.8000E+01
  -1.860  0.0000E+00  0.8000E+01
  -1.850  0.0000E+00  0.8000E+01
  -1.840  0.0000E+00  0.8000E+01
  -1.830  0.0000E+00  0.8000E+01
  -1.820  0.0000E+00  0.8000E+01
  -1.810  0.0000E+00  0.8000E+01
  -1.800  0.0000E+00  0.8000E+01
  -1.790  0.0000E+00  0.8000E+01
  -1.780  0.0000E+00  0.8000E+01
  -1.770  0.0000E+00  0.8000E+01
  -1.760  0.0000E+00  0.8000E+01
  -1.750  0.0000E+00  0.8000E+01
  -1.740  0.0000E+00  0.8000E+01
  -1.730  0.0000E+00  0.8000E+01
  -1.720  0.0000E+00  0.8000E+01
  -1.710  0.0000E+00  0.8000E+01
  -1.700  0.0000E+00  0.8000E+01
  -1.690  0.0000E+00  0.8000E+01
  -1.680  0.0000E+00  0.8000E+01
  -1.670  0.0000E+00  0.8000E+01
  -1.660  0.0000E+00  0.8000E+01
  -1.650  0.0000E+00  0.8000E+01
  -1.640  0.0000E+00  0.8000E+01
  -1.630  0.0000E+00  0.8000E+01
  -1.620  0.0000E+00  0.8000E+01
  -1.610  0.0000E+00  0.8000E+01
  -1.600  0.0000E+00  0.8000E+01
  -1.590  0.0000E+00  0.8000E+01
  -1.580  0.0000E+00  0.8000E+01
  -1.570  0.0000E+00  0.8000E+01
  -1.560  0.0000E+00  0.8000E+01
  -1.550  0.0000E+00  0.8000E+01
  -1.540  0.0000E+00  0.8000E+01
  -1.530  0.0000E+00  0.8000E+01
  -1.520  0.0000E+00  0.8000E+01
  -1.510  0.0000E+00  0.8000E+01
  -1.500  0.0000E+00  0.8000E+01
  -1.490  0.0000E+00  0.8000E+01
  -1.480  0.0000E+00  0.8000E+01
  -1.470  0.0000E+00  0.8000E+01
  -1.460  0.0000E+00  0.8000E+01
  -1.450  0.0000E+00  0.8000E+01
  -1.440  0.0000E+00  0.8000E+01
  -1.430  0.0000E+00  0.8000E+01
  -1.420  0.0000E+00  0.8000E+01
  -1.410  0.0000E+00  0.8000E+01
  -1.400  0.0000E+00  0.8000E+01
  -1.390  0.0000E+00  0.8000E+01
  -1.380  0.0000E+00  0.8000E+01
  -1.370  0.0000E+00  0.8000E+01
  -1.360  0.0000E+00  0.8000E+01
  -1.350  0.0000E+00  0.8000E+01
  -1.340  0.0000E+00  0.8000E+01
  -1.330  0.0000E+00  0.8000E+01
  -1.320  0.0000E+00  0.8000E+01
  -1.310  0.0000E+00  0.8000E+01
  -1.300  0.0000E+00  0.8000E+01
  -1.290  0.0000E+00  0.8000E+01
  -1.280  0.0000E+00  0.8000E+01
  -1.270  0.0000E+00  0.8000E+01
  -1.260  0.0000E+00  0.8000E+01
  -1.250  0.0000E+00  0.8000E+01
  -1.240  0.0000E+00  0.8000E+01
  -1.230  0.0000E+00  0.8000E+01
  -1.220  0.0000E+00  0.8000E+01
  -1.210  0.0000E+00  0.8000E+01
  -1.200  0.0000E+00  0.8000E+01
  -1.190  0.0000E+00  0.8000E+01
  -1.180  0.0000E+00  0.8000E+01
  -1.170  0.0000E+00  0.8000E+01
  -1.160  0.0000E+00  0.8000E+01
  -1.150  0.0000E+00  0.8000E+01
  -1.140  0.0000E+00  0.8000E+01
  -1.130  0.0000E+00  0.8000E+01
  -1.120  0.0000E+00  0.8000E+01
  -1.110  0.0000E+00  0.8000E+01
  -1.100  0.0000E+00  0.8000E+01
  -1.090  0.9931E-01  0.8000E+01
  -1.080  0.2646E+00  0.8002E+01
  -1.070  0.4263E+00  0.8006E+01
  -1.060  0.5937E+00  0.8011E+01
  -1.050  0.7540E+00  0.8017E+01
  -1.040  0.9171E+00  0.8026E+01
  -1.030  0.1217E+01  0.8036E+01
  -1.020  0.1625E+01  0.8051E+01
  -1.010  0.1634E+01  0.8068E+01
  -1.000  0.1652E+01  0.8084E+01
  -0.990  0.1640E+01  0.8101E+01
  -0.980  0.1654E+01  0.8118E+01
  -0.970  0.1678E+01  0.8134E+01
  -0.960  0.1656E+01  0.8151E+01
  -0.950  0.1664E+01  0.8168E+01
  -0.940  0.1671E+01  0.8184E+01
  -0.930  0.1689E+01  0.8201E+01
  -0.920  0.1672E+01  0.8218E+01
  -0.910  0.1677E+01  0.8235E+01
  -0.900  0.1691E+01  0.8251E+01
  -0.890  0.1713E+01  0.8268E+01
  -0.880  0.1692E+01  0.8286E+01
  -0.870  0.2099E+01  0.8304E+01
  -0.860  0.2421E+01  0.8327E+01
  -0.850  0.2513E+01  0.8352E+01
  -0.840  0.2648E+01  0.8377E+01
  -0.830  0.2738E+01  0.8404E+01
  -0.820  0.2811E+01  0.8432E+01
  -0.810  0.2981E+01  0.8461E+01
  -0.800  0.3083E+01  0.8491E+01
  -0.790  0.3186E+01  0.8522E+01
  -0.780  0.3324E+01  0.8555E+01
  -0.770  0.3374E+01  0.8589E+01
  -0.760  0.3356E+01  0.8622E+01
  -0.750  0.3366E+01  0.8656E+01
  -0.740  0.3398E+01  0.8690E+01
  -0.730  0.3423E+01  0.8724E+01
  -0.720  0.3421E+01  0.8758E+01
  -0.710  0.3419E+01  0.8792E+01
  -0.700  0.3434E+01  0.8826E+01
  -0.690  0.3456E+01  0.8861E+01
  -0.680  0.3476E+01  0.8896E+01
  -0.670  0.3493E+01  0.8930E+01
  -0.660  0.3506E+01  0.8965E+01
  -0.650  0.3524E+01  0.9001E+01
  -0.640  0.3527E+01  0.9036E+01
  -0.630  0.3551E+01  0.9071E+01
  -0.620  0.3576E+01  0.9107E+01
  -0.610  0.3602E+01  0.9143E+01
  -0.600  0.3620E+01  0.9179E+01
  -0.590  0.3646E+01  0.9215E+01
  -0.580  0.3663E+01  0.9252E+01
  -0.570  0.3684E+01  0.9288E+01
  -0.560  0.3721E+01  0.9325E+01
  -0.550  0.3764E+01  0.9363E+01
  -0.540  0.3798E+01  0.9401E+01
  -0.530  0.3831E+01  0.9439E+01
  -0.520  0.3878E+01  0.9477E+01
  -0.510  0.3929E+01  0.9516E+01
  -0.500  0.3999E+01  0.9556E+01
  -0.490  0.4105E+01  0.9596E+01
  -0.480  0.4244E+01  0.9638E+01
  -0.470  0.4330E+01  0.9681E+01
  -0.460  0.4410E+01  0.9725E+01
  -0.450  0.4461E+01  0.9769E+01
  -0.440  0.4513E+01  0.9814E+01
  -0.430  0.4614E+01  0.9860E+01
  -0.420  0.4677E+01  0.9906E+01
  -0.410  0.4670E+01  0.9953E+01
  -0.400  0.4453E+01  0.9998E+01
  -0.390  0.4037E+01  0.1004E+02
  -0.380  0.3838E+01  0.1008E+02
  -0.370  0.3754E+01  0.1012E+02
  -0.360  0.3874E+01  0.1016E+02
  -0.350  0.4120E+01  0.1020E+02
  -0.340  0.4675E+01  0.1024E+02
  -0.330  0.4221E+01  0.1029E+02
  -0.320  0.3907E+01  0.1033E+02
  -0.310  0.3526E+01  0.1036E+02
  -0.300  0.3395E+01  0.1040E+02
  -0.290  0.3228E+01  0.1043E+02
  -0.280  0.3063E+01  0.1046E+02
  -0.270  0.2800E+01  0.1049E+02
  -0.260  0.2729E+01  0.1052E+02
  -0.250  0.2709E+01  0.1055E+02
  -0.240  0.2748E+01  0.1057E+02
  -0.230  0.2953E+01  0.1060E+02
  -0.220  0.3140E+01  0.1063E+02
  -0.210  0.3619E+01  0.1067E+02
  -0.200  0.3545E+01  0.1070E+02
  -0.190  0.3611E+01  0.1074E+02
  -0.180  0.3773E+01  0.1078E+02
  -0.170  0.3966E+01  0.1081E+02
  -0.160  0.4108E+01  0.1085E+02
  -0.150  0.4334E+01  0.1090E+02
  -0.140  0.4594E+01  0.1094E+02
  -0.130  0.4887E+01  0.1099E+02
  -0.120  0.5309E+01  0.1104E+02
  -0.110  0.5868E+01  0.1110E+02
  -0.100  0.7011E+01  0.1116E+02
  -0.090  0.7156E+01  0.1123E+02
  -0.080  0.7532E+01  0.1131E+02
  -0.070  0.7608E+01  0.1138E+02
  -0.060  0.7518E+01  0.1146E+02
  -0.050  0.7641E+01  0.1153E+02
  -0.040  0.7807E+01  0.1161E+02
  -0.030  0.8084E+01  0.1169E+02
  -0.020  0.7491E+01  0.1177E+02
  -0.010  0.6688E+01  0.1184E+02
   0.000  0.6176E+01  0.1190E+02
   0.010  0.5571E+01  0.1196E+02
   0.020  0.5079E+01  0.1202E+02
   0.030  0.4896E+01  0.1207E+02
   0.040  0.4814E+01  0.1212E+02
   0.050  0.4735E+01  0.1216E+02
   0.060  0.4628E+01  0.1221E+02
   0.070  0.4535E+01  0.1226E+02
   0.080  0.5398E+01  0.1231E+02
   0.090  0.5757E+01  0.1236E+02
   0.100  0.6415E+01  0.1242E+02
   0.110  0.6868E+01  0.1249E+02
   0.120  0.7454E+01  0.1256E+02
   0.130  0.8459E+01  0.1264E+02
   0.140  0.9493E+01  0.1274E+02
   0.150  0.8829E+01  0.1283E+02
   0.160  0.8641E+01  0.1291E+02
   0.170  0.8098E+01  0.1300E+02
   0.180  0.7796E+01  0.1308E+02
   0.190  0.7497E+01  0.1316E+02
   0.200  0.7167E+01  0.1323E+02
   0.210  0.6776E+01  0.1330E+02
   0.220  0.6241E+01  0.1336E+02
   0.230  0.5647E+01  0.1342E+02
   0.240  0.5324E+01  0.1348E+02
   0.250  0.5124E+01  0.1353E+02
   0.260  0.5009E+01  0.1358E+02
   0.270  0.4958E+01  0.1363E+02
   0.280  0.4890E+01  0.1368E+02
   0.290  0.4849E+01  0.1373E+02
   0.300  0.4827E+01  0.1378E+02
   0.310  0.4816E+01  0.1382E+02
   0.320  0.4814E+01  0.1387E+02
   0.330  0.4838E+01  0.1392E+02
   0.340  0.5143E+01  0.1397E+02
   0.350  0.5163E+01  0.1402E+02
   0.360  0.5152E+01  0.1407E+02
   0.370  0.5198E+01  0.1413E+02
   0.380  0.5272E+01  0.1418E+02
   0.390  0.5371E+01  0.1423E+02
   0.400  0.5503E+01  0.1429E+02
   0.410  0.5634E+01  0.1434E+02
   0.420  0.5798E+01  0.1440E+02
   0.430  0.5913E+01  0.1446E+02
   0.440  0.5675E+01  0.1452E+02
   0.450  0.5133E+01  0.1457E+02
   0.460  0.5262E+01  0.1463E+02
   0.470  0.4913E+01  0.1468E+02
   0.480  0.4781E+01  0.1473E+02
   0.490  0.4582E+01  0.1477E+02
   0.500  0.4349E+01  0.1482E+02
   0.510  0.4161E+01  0.1486E+02
   0.520  0.4047E+01  0.1490E+02
   0.530  0.3953E+01  0.1494E+02
   0.540  0.3871E+01  0.1498E+02
   0.550  0.3796E+01  0.1502E+02
   0.560  0.3732E+01  0.1506E+02
   0.570  0.3677E+01  0.1510E+02
   0.580  0.3640E+01  0.1513E+02
   0.590  0.3604E+01  0.1517E+02
   0.600  0.3571E+01  0.1520E+02
   0.610  0.3551E+01  0.1524E+02
   0.620  0.3570E+01  0.1527E+02
   0.630  0.3551E+01  0.1531E+02
   0.640  0.3564E+01  0.1535E+02
   0.650  0.3651E+01  0.1538E+02
   0.660  0.3866E+01  0.1542E+02
   0.670  0.4148E+01  0.1546E+02
   0.680  0.4137E+01  0.1550E+02
   0.690  0.4164E+01  0.1554E+02
   0.700  0.4131E+01  0.1558E+02
   0.710  0.3665E+01  0.1562E+02
   0.720  0.3623E+01  0.1566E+02
   0.730  0.3578E+01  0.1569E+02
   0.740  0.3540E+01  0.1573E+02
   0.750  0.3501E+01  0.1577E+02
   0.760  0.3471E+01  0.1580E+02
   0.770  0.3445E+01  0.1584E+02
   0.780  0.3422E+01  0.1587E+02
   0.790  0.3405E+01  0.1590E+02
   0.800  0.3400E+01  0.1594E+02
   0.810  0.3382E+01  0.1597E+02
   0.820  0.3373E+01  0.1601E+02
   0.830  0.3371E+01  0.1604E+02
   0.840  0.3365E+01  0.1607E+02
   0.850  0.3368E+01  0.1611E+02
   0.860  0.3370E+01  0.1614E+02
   0.870  0.3370E+01  0.1617E+02
   0.880  0.3375E+01  0.1621E+02
   0.890  0.3379E+01  0.1624E+02
   0.900  0.3385E+01  0.1628E+02
   0.910  0.3395E+01  0.1631E+02
   0.920  0.3401E+01  0.1634E+02
   0.930  0.3412E+01  0.1638E+02
   0.940  0.3438E+01  0.1641E+02
   0.950  0.3457E+01  0.1645E+02
   0.960  0.3477E+01  0.1648E+02
   0.970  0.3495E+01  0.1652E+02
   0.980  0.3521E+01  0.1655E+02
   0.990  0.3564E+01  0.1659E+02
   1.000  0.3615E+01  0.1662E+02
   1.010  0.3709E+01  0.1666E+02
   1.020  0.3830E+01  0.1670E+02
   1.030  0.3964E+01  0.1673E+02
   1.040  0.4047E+01  0.1678E+02
   1.050  0.4117E+01  0.1682E+02
   1.060  0.4178E+01  0.1686E+02
   1.070  0.4241E+01  0.1690E+02
   1.080  0.4300E+01  0.1694E+02
   1.090  0.4357E+01  0.1699E+02
   1.100  0.4415E+01  0.1703E+02
   1.110  0.4467E+01  0.1707E+02
   1.120  0.4514E+01  0.1712E+02
   1.130  0.4563E+01  0.1716E+02
   1.140  0.4627E+01  0.1721E+02
   1.150  0.4688E+01  0.1726E+02
   1.160  0.4757E+01  0.1730E+02
   1.170  0.4849E+01  0.1735E+02
   1.180  0.4936E+01  0.1740E+02
   1.190  0.5024E+01  0.1745E+02
   1.200  0.5113E+01  0.1750E+02
   1.210  0.5199E+01  0.1755E+02
   1.220  0.5329E+01  0.1761E+02
   1.230  0.5484E+01  0.1766E+02
   1.240  0.5668E+01  0.1772E+02
   1.250  0.5894E+01  0.1777E+02
   1.260  0.6289E+01  0.1783E+02
   1.270  0.6444E+01  0.1790E+02
   1.280  0.6099E+01  0.1796E+02
   1.290  0.6077E+01  0.1802E+02
   1.300  0.6192E+01  0.1808E+02
   1.310  0.6170E+01  0.1814E+02
   1.320  0.5801E+01  0.1820E+02
   1.330  0.5295E+01  0.1826E+02
   1.340  0.5075E+01  0.1831E+02
   1.350  0.4863E+01  0.1836E+02
   1.360  0.4772E+01  0.1841E+02
   1.370  0.4582E+01  0.1846E+02
   1.380  0.4474E+01  0.1850E+02
   1.390  0.4325E+01  0.1855E+02
   1.400  0.4266E+01  0.1859E+02
   1.410  0.4159E+01  0.1863E+02
   1.420  0.4085E+01  0.1867E+02
   1.430  0.3838E+01  0.1871E+02
   1.440  0.3659E+01  0.1875E+02
   1.450  0.3503E+01  0.1878E+02
   1.460  0.3378E+01  0.1882E+02
   1.470  0.3240E+01  0.1885E+02
   1.480  0.3119E+01  0.1888E+02
   1.490  0.3045E+01  0.1891E+02
   1.500  0.2975E+01  0.1895E+02
   1.510  0.2847E+01  0.1897E+02
   1.520  0.2708E+01  0.1900E+02
   1.530  0.2636E+01  0.1903E+02
   1.540  0.2650E+01  0.1906E+02
   1.550  0.2534E+01  0.1908E+02
   1.560  0.2443E+01  0.1911E+02
   1.570  0.2395E+01  0.1913E+02
   1.580  0.2482E+01  0.1915E+02
   1.590  0.2336E+01  0.1918E+02
   1.600  0.2296E+01  0.1920E+02
   1.610  0.2254E+01  0.1922E+02
   1.620  0.2239E+01  0.1925E+02
   1.630  0.2236E+01  0.1927E+02
   1.640  0.2219E+01  0.1929E+02
   1.650  0.2219E+01  0.1931E+02
   1.660  0.2210E+01  0.1934E+02
   1.670  0.2247E+01  0.1936E+02
   1.680  0.2254E+01  0.1938E+02
   1.690  0.2357E+01  0.1940E+02
   1.700  0.2372E+01  0.1943E+02
   1.710  0.2420E+01  0.1945E+02
   1.720  0.2499E+01  0.1948E+02
   1.730  0.2518E+01  0.1950E+02
   1.740  0.2466E+01  0.1953E+02
   1.750  0.2462E+01  0.1955E+02
   1.760  0.2466E+01  0.1958E+02
   1.770  0.2542E+01  0.1960E+02
   1.780  0.2558E+01  0.1963E+02
   1.790  0.2552E+01  0.1965E+02
   1.800  0.2573E+01  0.1968E+02
   1.810  0.2578E+01  0.1970E+02
   1.820  0.2627E+01  0.1973E+02
   1.830  0.2654E+01  0.1976E+02
   1.840  0.2670E+01  0.1978E+02
   1.850  0.2663E+01  0.1981E+02
   1.860  0.2680E+01  0.1984E+02
   1.870  0.2824E+01  0.1986E+02
   1.880  0.2886E+01  0.1989E+02
   1.890  0.3042E+01  0.1992E+02
   1.900  0.3002E+01  0.1995E+02
   1.910  0.3096E+01  0.1998E+02
   1.920  0.3273E+01  0.2001E+02
   1.930  0.3391E+01  0.2005E+02
   1.940  0.3486E+01  0.2008E+02
   1.950  0.3713E+01  0.2012E+02
   1.960  0.3828E+01  0.2016E+02
   1.970  0.3886E+01  0.2019E+02
   1.980  0.3996E+01  0.2023E+02
   1.990  0.3979E+01  0.2027E+02
   2.000  0.3962E+01  0.2031E+02
   2.010  0.4057E+01  0.2035E+02
   2.020  0.4151E+01  0.2039E+02
   2.030  0.4124E+01  0.2044E+02
   2.040  0.4139E+01  0.2048E+02
   2.050  0.4237E+01  0.2052E+02
   2.060  0.4246E+01  0.2056E+02
   2.070  0.4261E+01  0.2060E+02
   2.080  0.4344E+01  0.2065E+02
   2.090  0.4505E+01  0.2069E+02
   2.100  0.4275E+01  0.2073E+02
   2.110  0.3972E+01  0.2078E+02
   2.120  0.4028E+01  0.2082E+02
   2.130  0.3145E+01  0.2085E+02
   2.140  0.3152E+01  0.2089E+02
   2.150  0.3117E+01  0.2092E+02
   2.160  0.3170E+01  0.2095E+02
   2.170  0.3247E+01  0.2098E+02
   2.180  0.3261E+01  0.2101E+02
   2.190  0.3249E+01  0.2105E+02
   2.200  0.3247E+01  0.2108E+02
   2.210  0.3255E+01  0.2111E+02
   2.220  0.3273E+01  0.2114E+02
   2.230  0.3264E+01  0.2118E+02
   2.240  0.3292E+01  0.2121E+02
   2.250  0.3387E+01  0.2124E+02
   2.260  0.3773E+01  0.2128E+02
   2.270  0.3854E+01  0.2132E+02
   2.280  0.3962E+01  0.2136E+02
   2.290  0.4120E+01  0.2140E+02
   2.300  0.4278E+01  0.2144E+02
   2.310  0.4347E+01  0.2148E+02
   2.320  0.4434E+01  0.2153E+02
   2.330  0.4523E+01  0.2157E+02
   2.340  0.4552E+01  0.2162E+02
   2.350  0.4635E+01  0.2166E+02
   2.360  0.4670E+01  0.2171E+02
   2.370  0.4731E+01  0.2176E+02
   2.380  0.4793E+01  0.2180E+02
   2.390  0.4853E+01  0.2185E+02
   2.400  0.5008E+01  0.2190E+02
   2.410  0.5093E+01  0.2195E+02
   2.420  0.5232E+01  0.2200E+02
   2.430  0.5102E+01  0.2206E+02
   2.440  0.5026E+01  0.2211E+02
   2.450  0.5066E+01  0.2216E+02
   2.460  0.5294E+01  0.2221E+02
   2.470  0.5259E+01  0.2226E+02
   2.480  0.5140E+01  0.2231E+02
   2.490  0.5037E+01  0.2236E+02
   2.500  0.4984E+01  0.2242E+02
   2.510  0.4982E+01  0.2246E+02
   2.520  0.4931E+01  0.2251E+02
   2.530  0.4823E+01  0.2256E+02
   2.540  0.4827E+01  0.2261E+02
   2.550  0.4910E+01  0.2266E+02
   2.560  0.4967E+01  0.2271E+02
   2.570  0.5056E+01  0.2276E+02
   2.580  0.5104E+01  0.2281E+02
   2.590  0.5298E+01  0.2286E+02
   2.600  0.5466E+01  0.2292E+02
   2.610  0.5723E+01  0.2297E+02
   2.620  0.6061E+01  0.2303E+02
   2.630  0.6378E+01  0.2309E+02
   2.640  0.6793E+01  0.2316E+02
   2.650  0.6602E+01  0.2323E+02
   2.660  0.6496E+01  0.2329E+02
   2.670  0.5885E+01  0.2335E+02
   2.680  0.5732E+01  0.2341E+02
   2.690  0.5255E+01  0.2347E+02
   2.700  0.4945E+01  0.2352E+02
   2.710  0.4860E+01  0.2357E+02
   2.720  0.4774E+01  0.2362E+02
   2.730  0.4694E+01  0.2366E+02
   2.740  0.4645E+01  0.2371E+02
   2.750  0.4705E+01  0.2376E+02
   2.760  0.4665E+01  0.2380E+02
   2.770  0.4651E+01  0.2385E+02
   2.780  0.4641E+01  0.2390E+02
   2.790  0.4811E+01  0.2394E+02
   2.800  0.4720E+01  0.2399E+02
   2.810  0.4839E+01  0.2404E+02
   2.820  0.4730E+01  0.2409E+02
   2.830  0.4885E+01  0.2413E+02
   2.840  0.5119E+01  0.2418E+02
   2.850  0.5235E+01  0.2424E+02
   2.860  0.5478E+01  0.2429E+02
   2.870  0.5897E+01  0.2435E+02
   2.880  0.6242E+01  0.2441E+02
   2.890  0.6427E+01  0.2447E+02
   2.900  0.6585E+01  0.2454E+02
   2.910  0.6673E+01  0.2460E+02
   2.920  0.6756E+01  0.2467E+02
   2.930  0.6856E+01  0.2474E+02
   2.940  0.7294E+01  0.2481E+02
   2.950  0.7656E+01  0.2488E+02
   2.960  0.8525E+01  0.2497E+02
   2.970  0.7739E+01  0.2505E+02
   2.980  0.7607E+01  0.2512E+02
   2.990  0.7498E+01  0.2520E+02
   3.000  0.7478E+01  0.2527E+02
   3.010  0.7668E+01  0.2535E+02
   3.020  0.8029E+01  0.2543E+02
   3.030  0.8525E+01  0.2551E+02
   3.040  0.9816E+01  0.2560E+02
   3.050  0.1087E+02  0.2570E+02
   3.060  0.1080E+02  0.2581E+02
   3.070  0.1103E+02  0.2592E+02
   3.080  0.1084E+02  0.2603E+02
   3.090  0.1180E+02  0.2614E+02
   3.100  0.1211E+02  0.2626E+02
   3.110  0.1157E+02  0.2638E+02
   3.120  0.1187E+02  0.2650E+02
   3.130  0.1157E+02  0.2662E+02
   3.140  0.1114E+02  0.2673E+02
   3.150  0.1065E+02  0.2684E+02
   3.160  0.1133E+02  0.2695E+02
   3.170  0.1308E+02  0.2707E+02
   3.180  0.1545E+02  0.2724E+02
   3.190  0.1353E+02  0.2738E+02
   3.200  0.9550E+01  0.2750E+02
   3.210  0.8784E+01  0.2759E+02
   3.220  0.9570E+01  0.2768E+02
   3.230  0.6562E+01  0.2776E+02
   3.240  0.4542E+01  0.2782E+02
   3.250  0.3919E+01  0.2786E+02
   3.260  0.3650E+01  0.2789E+02
   3.270  0.3526E+01  0.2793E+02
   3.280  0.3469E+01  0.2797E+02
   3.290  0.3471E+01  0.2800E+02
   3.300  0.3489E+01  0.2803E+02
   3.310  0.3513E+01  0.2807E+02
   3.320  0.4084E+01  0.2811E+02
   3.330  0.4401E+01  0.2815E+02
   3.340  0.4450E+01  0.2820E+02
   3.350  0.4425E+01  0.2824E+02
   3.360  0.4540E+01  0.2828E+02
   3.370  0.4814E+01  0.2833E+02
   3.380  0.5019E+01  0.2838E+02
   3.390  0.5334E+01  0.2843E+02
   3.400  0.5621E+01  0.2849E+02
   3.410  0.5616E+01  0.2854E+02
   3.420  0.5760E+01  0.2860E+02
   3.430  0.5996E+01  0.2866E+02
   3.440  0.4723E+01  0.2871E+02
   3.450  0.4088E+01  0.2875E+02
   3.460  0.3989E+01  0.2880E+02
   3.470  0.3945E+01  0.2883E+02
   3.480  0.3952E+01  0.2887E+02
   3.490  0.3979E+01  0.2891E+02
   3.500  0.3965E+01  0.2895E+02
   3.510  0.4025E+01  0.2899E+02
   3.520  0.4081E+01  0.2903E+02
   3.530  0.4146E+01  0.2907E+02
   3.540  0.4419E+01  0.2912E+02
   3.550  0.4649E+01  0.2916E+02
   3.560  0.4876E+01  0.2921E+02
   3.570  0.5066E+01  0.2926E+02
   3.580  0.5335E+01  0.2931E+02
   3.590  0.5525E+01  0.2937E+02
   3.600  0.5835E+01  0.2942E+02
   3.610  0.6242E+01  0.2948E+02
   3.620  0.6921E+01  0.2955E+02
   3.630  0.6550E+01  0.2962E+02
   3.640  0.6469E+01  0.2968E+02
   3.650  0.6738E+01  0.2975E+02
   3.660  0.7375E+01  0.2982E+02
   3.670  0.6950E+01  0.2989E+02
   3.680  0.6269E+01  0.2996E+02
   3.690  0.5776E+01  0.3002E+02
   3.700  0.5335E+01  0.3007E+02
   3.710  0.5049E+01  0.3012E+02
   3.720  0.4747E+01  0.3017E+02
   3.730  0.4595E+01  0.3022E+02
   3.740  0.4396E+01  0.3027E+02
   3.750  0.4333E+01  0.3031E+02
   3.760  0.4295E+01  0.3035E+02
   3.770  0.4275E+01  0.3039E+02
   3.780  0.4281E+01  0.3044E+02
   3.790  0.4246E+01  0.3048E+02
   3.800  0.4397E+01  0.3052E+02
   3.810  0.3708E+01  0.3056E+02
   3.820  0.4184E+01  0.3060E+02
   3.830  0.4125E+01  0.3064E+02
   3.840  0.4140E+01  0.3068E+02
   3.850  0.4265E+01  0.3073E+02
   3.860  0.4423E+01  0.3077E+02
   3.870  0.4599E+01  0.3081E+02
   3.880  0.4789E+01  0.3086E+02
   3.890  0.4942E+01  0.3091E+02
   3.900  0.5123E+01  0.3096E+02
   3.910  0.5446E+01  0.3101E+02
   3.920  0.5743E+01  0.3107E+02
   3.930  0.6404E+01  0.3113E+02
   3.940  0.6321E+01  0.3120E+02
   3.950  0.6053E+01  0.3126E+02
   3.960  0.5959E+01  0.3132E+02
   3.970  0.5931E+01  0.3138E+02
   3.980  0.5894E+01  0.3144E+02
   3.990  0.5851E+01  0.3150E+02
   4.000  0.5845E+01  0.3155E+02
   4.010  0.5798E+01  0.3161E+02
   4.020  0.5804E+01  0.3167E+02
   4.030  0.5710E+01  0.3173E+02
   4.040  0.5602E+01  0.3178E+02
   4.050  0.3848E+01  0.3183E+02
   4.060  0.3436E+01  0.3186E+02
   4.070  0.2898E+01  0.3190E+02
   4.080  0.2432E+01  0.3192E+02
   4.090  0.2013E+01  0.3195E+02
   4.100  0.1628E+01  0.3196E+02
   4.110  0.1250E+01  0.3198E+02
   4.120  0.8917E+00  0.3199E+02
   4.130  0.5365E+00  0.3200E+02
   4.140  0.1904E+00  0.3200E+02
   4.150  0.0000E+00  0.3200E+02
   4.160  0.0000E+00  0.3200E+02
   4.170  0.0000E+00  0.3200E+02
   4.180  0.0000E+00  0.3200E+02
   4.190  0.0000E+00  0.3200E+02
   4.200  0.0000E+00  0.3200E+02
   4.210  0.0000E+00  0.3200E+02
   4.220  0.0000E+00  0.3200E+02
   4.230  0.0000E+00  0.3200E+02
   4.240  0.0000E+00  0.3200E+02
   4.250  0.0000E+00  0.3200E+02
   4.260  0.0000E+00  0.3200E+02
   4.270  0.0000E+00  0.3200E+02
   4.280  0.0000E+00  0.3200E+02
   4.290  0.0000E+00  0.3200E+02
   4.300  0.0000E+00  0.3200E+02
   4.310  0.0000E+00  0.3200E+02
   4.320  0.0000E+00  0.3200E+02
   4.330  0.0000E+00  0.3200E+02
   4.340  0.0000E+00  0.3200E+02
   4.350  0.0000E+00  0.3200E+02
   4.360  0.0000E+00  0.3200E+02
   4.370  0.0000E+00  0.3200E+02
   4.380  0.0000E+00  0.3200E+02
   4.390  0.0000E+00  0.3200E+02
   4.400  0.0000E+00  0.3200E+02
   4.410  0.0000E+00  0.3200E+02
   4.420  0.0000E+00  0.3200E+02
   4.430  0.0000E+00  0.3200E+02
   4.440  0.0000E+00  0.3200E+02
   4.450  0.0000E+00  0.3200E+02
   4.460  0.0000E+00  0.3200E+02
   4.470  0.0000E+00  0.3200E+02
   4.480  0.0000E+00  0.3200E+02
   4.490  0.0000E+00  0.3200E+02
   4.500  0.0000E+00  0.3200E+02
   4.510  0.0000E+00  0.3200E+02
   4.520  0.0000E+00  0.3200E+02
   4.530  0.0000E+00  0.3200E+02
   4.540  0.0000E+00  0.3200E+02
   4.550  0.0000E+00  0.3200E+02
   4.560  0.0000E+00  0.3200E+02
   4.570  0.0000E+00  0.3200E+02
   4.580  0.0000E+00  0.3200E+02
   4.590  0.0000E+00  0.3200E+02
   4.600  0.0000E+00  0.3200E+02
   4.610  0.0000E+00  0.3200E+02
   4.620  0.0000E+00  0.3200E+02
   4.630  0.0000E+00  0.3200E+02
   4.640  0.0000E+00  0.3200E+02
   4.650  0.0000E+00  0.3200E+02
   4.660  0.0000E+00  0.3200E+02
   4.670  0.0000E+00  0.3200E+02
   4.680  0.0000E+00  0.3200E+02
   4.690  0.0000E+00  0.3200E+02
   4.700  0.0000E+00  0.3200E+02
   4.710  0.0000E+00  0.3200E+02
   4.720  0.0000E+00  0.3200E+02
   4.730  0.0000E+00  0.3200E+02
   4.740  0.0000E+00  0.3200E+02
   4.750  0.0000E+00  0.3200E+02
   4.760  0.0000E+00  0.3200E+02
   4.770  0.0000E+00  0.3200E+02
   4.780  0.0000E+00  0.3200E+02
   4.790  0.0000E+00  0.3200E+02
   4.800  0.0000E+00  0.3200E+02
   4.810  0.0000E+00  0.3200E+02
   4.820  0.0000E+00  0.3200E+02
   4.830  0.0000E+00  0.3200E+02
   4.840  0.4106E-05  0.3200E+02
   4.850  0.2656E-03  0.3200E+02
   4.860  0.9344E-03  0.3200E+02
   4.870  0.2851E-02  0.3200E+02
   4.880  0.3885E-02  0.3200E+02
   4.890  0.5012E-02  0.3200E+02
   4.900  0.6234E-02  0.3200E+02
   4.910  0.7549E-02  0.3200E+02
   4.920  0.8995E-02  0.3200E+02
   4.930  0.1071E-01  0.3200E+02
   4.940  0.1220E-01  0.3200E+02
   4.950  0.1351E-01  0.3200E+02
   4.960  0.1487E-01  0.3200E+02
   4.970  0.1630E-01  0.3200E+02
   4.980  0.1781E-01  0.3200E+02
   4.990  0.1938E-01  0.3200E+02
   5.000  0.2103E-01  0.3200E+02
   5.010  0.2275E-01  0.3200E+02
   5.020  0.2450E-01  0.3200E+02
   5.030  0.2622E-01  0.3200E+02
   5.040  0.2794E-01  0.3200E+02
   5.050  0.2964E-01  0.3200E+02
   5.060  0.3133E-01  0.3200E+02
   5.070  0.3306E-01  0.3200E+02
   5.080  0.3486E-01  0.3200E+02
   5.090  0.3673E-01  0.3200E+02
   5.100  0.3867E-01  0.3200E+02
   5.110  0.4068E-01  0.3200E+02
   5.120  0.4275E-01  0.3201E+02
   5.130  0.4483E-01  0.3201E+02
   5.140  0.4684E-01  0.3201E+02
   5.150  0.4893E-01  0.3201E+02
   5.160  0.5106E-01  0.3201E+02
   5.170  0.5321E-01  0.3201E+02
   5.180  0.5538E-01  0.3201E+02
   5.190  0.5758E-01  0.3201E+02
   5.200  0.5980E-01  0.3201E+02
   5.210  0.6209E-01  0.3201E+02
   5.220  0.6446E-01  0.3201E+02
   5.230  0.6690E-01  0.3201E+02
   5.240  0.6941E-01  0.3201E+02
   5.250  0.7200E-01  0.3201E+02
   5.260  0.7457E-01  0.3201E+02
   5.270  0.7714E-01  0.3201E+02
   5.280  0.7971E-01  0.3201E+02
   5.290  0.8235E-01  0.3202E+02
   5.300  0.8507E-01  0.3202E+02
   5.310  0.8783E-01  0.3202E+02
   5.320  0.9064E-01  0.3202E+02
   5.330  0.9350E-01  0.3202E+02
   5.340  0.9639E-01  0.3202E+02
   5.350  0.9933E-01  0.3202E+02
   5.360  0.1023E+00  0.3202E+02
   5.370  0.1054E+00  0.3202E+02
   5.380  0.1086E+00  0.3202E+02
   5.390  0.1370E+00  0.3203E+02
   5.400  0.1517E+00  0.3203E+02
   5.410  0.1588E+00  0.3203E+02
   5.420  0.1656E+00  0.3203E+02
   5.430  0.1723E+00  0.3203E+02
   5.440  0.1787E+00  0.3203E+02
   5.450  0.1672E+00  0.3204E+02
   5.460  0.1723E+00  0.3204E+02
   5.470  0.1773E+00  0.3204E+02
   5.480  0.1822E+00  0.3204E+02
   5.490  0.1870E+00  0.3204E+02
   5.500  0.1868E+00  0.3204E+02
   5.510  0.1867E+00  0.3205E+02
   5.520  0.1868E+00  0.3205E+02
   5.530  0.1882E+00  0.3205E+02
   5.540  0.1926E+00  0.3205E+02
   5.550  0.1970E+00  0.3205E+02
   5.560  0.2013E+00  0.3206E+02
   5.570  0.2055E+00  0.3206E+02
   5.580  0.2019E+00  0.3206E+02
   5.590  0.2050E+00  0.3206E+02
   5.600  0.2069E+00  0.3206E+02
   5.610  0.2089E+00  0.3207E+02
   5.620  0.2109E+00  0.3207E+02
   5.630  0.2142E+00  0.3207E+02
   5.640  0.2185E+00  0.3207E+02
   5.650  0.2227E+00  0.3207E+02
   5.660  0.2269E+00  0.3208E+02
   5.670  0.2254E+00  0.3208E+02
   5.680  0.2260E+00  0.3208E+02
   5.690  0.2299E+00  0.3208E+02
   5.700  0.2327E+00  0.3209E+02
   5.710  0.2354E+00  0.3209E+02
   5.720  0.2382E+00  0.3209E+02
   5.730  0.2409E+00  0.3209E+02
   5.740  0.2447E+00  0.3210E+02
   5.750  0.2491E+00  0.3210E+02
   5.760  0.2523E+00  0.3210E+02
   5.770  0.2529E+00  0.3210E+02
   5.780  0.2548E+00  0.3211E+02
   5.790  0.2567E+00  0.3211E+02
   5.800  0.2611E+00  0.3211E+02
   5.810  0.2643E+00  0.3211E+02
   5.820  0.2675E+00  0.3212E+02
   5.830  0.2707E+00  0.3212E+02
   5.840  0.2741E+00  0.3212E+02
   5.850  0.2775E+00  0.3212E+02
   5.860  0.2825E+00  0.3213E+02
   5.870  0.2840E+00  0.3213E+02
   5.880  0.2869E+00  0.3213E+02
   5.890  0.2895E+00  0.3214E+02
   5.900  0.2921E+00  0.3214E+02
   5.910  0.2948E+00  0.3214E+02
   5.920  0.3001E+00  0.3214E+02
   5.930  0.3038E+00  0.3215E+02
   5.940  0.3075E+00  0.3215E+02
   5.950  0.3114E+00  0.3215E+02
   5.960  0.3154E+00  0.3216E+02
   5.970  0.3174E+00  0.3216E+02
   5.980  0.3214E+00  0.3216E+02
   5.990  0.3254E+00  0.3217E+02
   6.000  0.3291E+00  0.3217E+02
   6.010  0.3325E+00  0.3217E+02
   6.020  0.3360E+00  0.3218E+02
   6.030  0.3396E+00  0.3218E+02
   6.040  0.3457E+00  0.3218E+02
   6.050  0.3500E+00  0.3219E+02
   6.060  0.3543E+00  0.3219E+02
   6.070  0.3574E+00  0.3219E+02
   6.080  0.3602E+00  0.3220E+02
   6.090  0.3647E+00  0.3220E+02
   6.100  0.3698E+00  0.3220E+02
   6.110  0.3746E+00  0.3221E+02
   6.120  0.3788E+00  0.3221E+02
   6.130  0.3830E+00  0.3222E+02
   6.140  0.3875E+00  0.3222E+02
   6.150  0.3944E+00  0.3222E+02
   6.160  0.3999E+00  0.3223E+02
   6.170  0.4045E+00  0.3223E+02
   6.180  0.4081E+00  0.3224E+02
   6.190  0.4118E+00  0.3224E+02
   6.200  0.4161E+00  0.3224E+02
   6.210  0.4217E+00  0.3225E+02
   6.220  0.4275E+00  0.3225E+02
   6.230  0.4329E+00  0.3226E+02
   6.240  0.4385E+00  0.3226E+02
   6.250  0.4444E+00  0.3227E+02
   6.260  0.4530E+00  0.3227E+02
   6.270  0.4595E+00  0.3227E+02
   6.280  0.4649E+00  0.3228E+02
   6.290  0.4702E+00  0.3228E+02
   6.300  0.4751E+00  0.3229E+02
   6.310  0.4813E+00  0.3229E+02
   6.320  0.4878E+00  0.3230E+02
   6.330  0.4934E+00  0.3230E+02
   6.340  0.4990E+00  0.3231E+02
   6.350  0.5071E+00  0.3231E+02
   6.360  0.5193E+00  0.3232E+02
   6.370  0.5292E+00  0.3232E+02
   6.380  0.6476E+00  0.3233E+02
   6.390  0.6970E+00  0.3234E+02
   6.400  0.6970E+00  0.3234E+02
   6.410  0.7362E+00  0.3235E+02
   6.420  0.7527E+00  0.3236E+02
   6.430  0.7661E+00  0.3237E+02
   6.440  0.8020E+00  0.3237E+02
   6.450  0.8163E+00  0.3238E+02
   6.460  0.8405E+00  0.3239E+02
   6.470  0.8875E+00  0.3240E+02
   6.480  0.9174E+00  0.3241E+02
   6.490  0.9535E+00  0.3242E+02
   6.500  0.9916E+00  0.3243E+02
   6.510  0.1042E+01  0.3244E+02
   6.520  0.1076E+01  0.3245E+02
   6.530  0.1128E+01  0.3246E+02
   6.540  0.1185E+01  0.3247E+02
   6.550  0.1246E+01  0.3248E+02
   6.560  0.1323E+01  0.3249E+02
   6.570  0.1417E+01  0.3251E+02
   6.580  0.1524E+01  0.3252E+02
   6.590  0.1629E+01  0.3254E+02
   6.600  0.1746E+01  0.3256E+02
   6.610  0.1877E+01  0.3257E+02
   6.620  0.2006E+01  0.3259E+02
   6.630  0.2153E+01  0.3261E+02
   6.640  0.2330E+01  0.3264E+02
   6.650  0.2492E+01  0.3266E+02
   6.660  0.2646E+01  0.3269E+02
   6.670  0.2827E+01  0.3271E+02
   6.680  0.2989E+01  0.3274E+02
   6.690  0.3170E+01  0.3277E+02
   6.700  0.3330E+01  0.3281E+02
   6.710  0.3527E+01  0.3284E+02
   6.720  0.3696E+01  0.3288E+02
   6.730  0.3899E+01  0.3291E+02
   6.740  0.4054E+01  0.3295E+02
   6.750  0.4257E+01  0.3300E+02
   6.760  0.4509E+01  0.3304E+02
   6.770  0.4751E+01  0.3309E+02
   6.780  0.4831E+01  0.3313E+02
   6.790  0.4718E+01  0.3318E+02
   6.800  0.4615E+01  0.3323E+02
   6.810  0.4436E+01  0.3327E+02
   6.820  0.4239E+01  0.3332E+02
   6.830  0.3851E+01  0.3336E+02
   6.840  0.3603E+01  0.3340E+02
   6.850  0.3432E+01  0.3343E+02
   6.860  0.3299E+01  0.3346E+02
   6.870  0.3204E+01  0.3350E+02
   6.880  0.3102E+01  0.3353E+02
   6.890  0.3023E+01  0.3356E+02
   6.900  0.2957E+01  0.3359E+02
   6.910  0.2906E+01  0.3362E+02
   6.920  0.2863E+01  0.3365E+02
   6.930  0.2816E+01  0.3367E+02
   6.940  0.2776E+01  0.3370E+02
   6.950  0.2747E+01  0.3373E+02
   6.960  0.2722E+01  0.3376E+02
   6.970  0.2713E+01  0.3378E+02
   6.980  0.2705E+01  0.3381E+02
   6.990  0.2692E+01  0.3384E+02
   7.000  0.2688E+01  0.3387E+02
   7.010  0.2703E+01  0.3389E+02
   7.020  0.2727E+01  0.3392E+02
   7.030  0.2747E+01  0.3395E+02
   7.040  0.2763E+01  0.3397E+02
   7.050  0.2776E+01  0.3400E+02
   7.060  0.2784E+01  0.3403E+02
   7.070  0.2793E+01  0.3406E+02
   7.080  0.2797E+01  0.3409E+02
   7.090  0.2804E+01  0.3411E+02
   7.100  0.2819E+01  0.3414E+02
   7.110  0.2829E+01  0.3417E+02
   7.120  0.2831E+01  0.3420E+02
   7.130  0.2839E+01  0.3423E+02
   7.140  0.2839E+01  0.3426E+02
   7.150  0.2850E+01  0.3428E+02
   7.160  0.2849E+01  0.3431E+02
   7.170  0.2888E+01  0.3434E+02
   7.180  0.2902E+01  0.3437E+02
   7.190  0.2966E+01  0.3440E+02
   7.200  0.3025E+01  0.3443E+02
   7.210  0.2822E+01  0.3446E+02
   7.220  0.2704E+01  0.3449E+02
   7.230  0.2640E+01  0.3451E+02
   7.240  0.2565E+01  0.3454E+02
   7.250  0.2540E+01  0.3456E+02
   7.260  0.2485E+01  0.3459E+02
   7.270  0.2462E+01  0.3461E+02
   7.280  0.2433E+01  0.3464E+02
   7.290  0.2413E+01  0.3466E+02
   7.300  0.2387E+01  0.3469E+02
   7.310  0.2375E+01  0.3471E+02
   7.320  0.2361E+01  0.3473E+02
   7.330  0.2340E+01  0.3476E+02
   7.340  0.2334E+01  0.3478E+02
   7.350  0.2329E+01  0.3481E+02
   7.360  0.2319E+01  0.3483E+02
   7.370  0.2319E+01  0.3485E+02
   7.380  0.2317E+01  0.3487E+02
   7.390  0.2311E+01  0.3490E+02
   7.400  0.2323E+01  0.3492E+02
   7.410  0.2321E+01  0.3494E+02
   7.420  0.2321E+01  0.3497E+02
   7.430  0.2342E+01  0.3499E+02
   7.440  0.2361E+01  0.3501E+02
   7.450  0.2367E+01  0.3504E+02
   7.460  0.2388E+01  0.3506E+02
   7.470  0.2410E+01  0.3509E+02
   7.480  0.2431E+01  0.3511E+02
   7.490  0.2481E+01  0.3513E+02
   7.500  0.2519E+01  0.3516E+02
   7.510  0.2580E+01  0.3518E+02
   7.520  0.2652E+01  0.3521E+02
   7.530  0.2750E+01  0.3524E+02
   7.540  0.2928E+01  0.3527E+02
   7.550  0.3150E+01  0.3530E+02
   7.560  0.3004E+01  0.3533E+02
   7.570  0.2932E+01  0.3536E+02
   7.580  0.2931E+01  0.3539E+02
   7.590  0.2886E+01  0.3542E+02
   7.600  0.2881E+01  0.3545E+02
   7.610  0.2819E+01  0.3547E+02
   7.620  0.2838E+01  0.3550E+02
   7.630  0.2791E+01  0.3553E+02
   7.640  0.2756E+01  0.3556E+02
   7.650  0.2756E+01  0.3559E+02
   7.660  0.2719E+01  0.3561E+02
   7.670  0.2690E+01  0.3564E+02
   7.680  0.2657E+01  0.3567E+02
   7.690  0.2594E+01  0.3569E+02
   7.700  0.2559E+01  0.3572E+02
   7.710  0.2491E+01  0.3574E+02
   7.720  0.2390E+01  0.3577E+02
   7.730  0.2265E+01  0.3579E+02
   7.740  0.2234E+01  0.3581E+02
   7.750  0.2158E+01  0.3584E+02
   7.760  0.2078E+01  0.3586E+02
   7.770  0.1956E+01  0.3588E+02
   7.780  0.1980E+01  0.3590E+02
   7.790  0.2100E+01  0.3592E+02
   7.800  0.4114E+01  0.3595E+02
   7.810  0.1884E+01  0.3597E+02
   7.820  0.1452E+01  0.3598E+02
   7.830  0.8180E+00  0.3600E+02
   7.840  0.5991E-01  0.3600E+02
   7.850  0.0000E+00  0.3600E+02
   7.860  0.0000E+00  0.3600E+02
   7.870  0.0000E+00  0.3600E+02
   7.880  0.0000E+00  0.3600E+02
   7.890  0.0000E+00  0.3600E+02
   7.900  0.0000E+00  0.3600E+02
   7.910  0.0000E+00  0.3600E+02
   7.920  0.0000E+00  0.3600E+02
   7.930  0.0000E+00  0.3600E+02
   7.940  0.0000E+00  0.3600E+02
   7.950  0.0000E+00  0.3600E+02
   7.960  0.0000E+00  0.3600E+02
   7.970  0.0000E+00  0.3600E+02
   7.980  0.0000E+00  0.3600E+02
   7.990  0.0000E+00  0.3600E+02
   8.000  0.0000E+00  0.3600E+02
   8.010  0.0000E+00  0.3600E+02
   8.020  0.0000E+00  0.3600E+02
   8.030  0.0000E+00  0.3600E+02
   8.040  0.0000E+00  0.3600E+02
   8.050  0.0000E+00  0.3600E+02
   8.060  0.0000E+00  0.3600E+02
   8.070  0.0000E+00  0.3600E+02
   8.080  0.0000E+00  0.3600E+02
   8.090  0.0000E+00  0.3600E+02
   8.100  0.0000E+00  0.3600E+02
   8.110  0.0000E+00  0.3600E+02
   8.120  0.0000E+00  0.3600E+02
   8.130  0.0000E+00  0.3600E+02
   8.140  0.0000E+00  0.3600E+02
   8.150  0.0000E+00  0.3600E+02
   8.160  0.0000E+00  0.3600E+02
   8.170  0.0000E+00  0.3600E+02
   8.180  0.0000E+00  0.3600E+02
   8.190  0.0000E+00  0.3600E+02
   8.200  0.0000E+00  0.3600E+02
   8.210  0.0000E+00  0.3600E+02
   8.220  0.0000E+00  0.3600E+02
   8.230  0.0000E+00  0.3600E+02
   8.240  0.0000E+00  0.3600E+02
   8.250  0.0000E+00  0.3600E+02
   8.260  0.0000E+00  0.3600E+02
   8.270  0.0000E+00  0.3600E+02
   8.280  0.0000E+00  0.3600E+02
   8.290  0.0000E+00  0.3600E+02
   8.300  0.0000E+00  0.3600E+02
   8.310  0.0000E+00  0.3600E+02
   8.320  0.0000E+00  0.3600E+02
   8.330  0.0000E+00  0.3600E+02
   8.340  0.0000E+00  0.3600E+02
   8.350  0.0000E+00  0.3600E+02
   8.360  0.0000E+00  0.3600E+02
   8.370  0.0000E+00  0.3600E+02
   8.380  0.0000E+00  0.3600E+02
   8.390  0.0000E+00  0.3600E+02
   8.400  0.0000E+00  0.3600E+02
   8.410  0.0000E+00  0.3600E+02
   8.420  0.0000E+00  0.3600E+02
   8.430  0.0000E+00  0.3600E+02
   8.440  0.0000E+00  0.3600E+02
   8.450  0.0000E+00  0.3600E+02
   8.460  0.0000E+00  0.3600E+02
   8.470  0.0000E+00  0.3600E+02
   8.480  0.0000E+00  0.3600E+02
   8.490  0.0000E+00  0.3600E+02
   8.500  0.0000E+00  0.3600E+02
   8.510  0.0000E+00  0.3600E+02
   8.520  0.0000E+00  0.3600E+02
   8.530  0.0000E+00  0.3600E+02
   8.540  0.0000E+00  0.3600E+02
   8.550  0.0000E+00  0.3600E+02
   8.560  0.0000E+00  0.3600E+02
   8.570  0.0000E+00  0.3600E+02
   8.580  0.0000E+00  0.3600E+02
   8.590  0.0000E+00  0.3600E+02
   8.600  0.0000E+00  0.3600E+02
   8.610  0.0000E+00  0.3600E+02
   8.620  0.0000E+00  0.3600E+02
   8.630  0.0000E+00  0.3600E+02
   8.640  0.0000E+00  0.3600E+02
   8.650  0.0000E+00  0.3600E+02
   8.660  0.0000E+00  0.3600E+02
   8.670  0.0000E+00  0.3600E+02
   8.680  0.0000E+00  0.3600E+02
   8.690  0.0000E+00  0.3600E+02
   8.700  0.0000E+00  0.3600E+02
   8.710  0.0000E+00  0.3600E+02
   8.720  0.0000E+00  0.3600E+02
   8.730  0.0000E+00  0.3600E+02
   8.740  0.0000E+00  0.3600E+02
   8.750  0.0000E+00  0.3600E+02
   8.760  0.0000E+00  0.3600E+02
   8.770  0.0000E+00  0.3600E+02
   8.780  0.0000E+00  0.3600E+02
   8.790  0.0000E+00  0.3600E+02
   8.800  0.4160E-04  0.3600E+02
   8.810  0.6088E-03  0.3600E+02
   8.820  0.2359E-02  0.3600E+02
   8.830  0.3498E-02  0.3600E+02
   8.840  0.4768E-02  0.3600E+02
   8.850  0.6169E-02  0.3600E+02
   8.860  0.7860E-02  0.3600E+02
   8.870  0.9294E-02  0.3600E+02
   8.880  0.1057E-01  0.3600E+02
   8.890  0.1193E-01  0.3600E+02
   8.900  0.1336E-01  0.3600E+02
   8.910  0.1487E-01  0.3600E+02
   8.920  0.1647E-01  0.3600E+02
   8.930  0.1807E-01  0.3600E+02
   8.940  0.1960E-01  0.3600E+02
   8.950  0.2110E-01  0.3600E+02
   8.960  0.2257E-01  0.3600E+02
   8.970  0.2404E-01  0.3600E+02
   8.980  0.2558E-01  0.3600E+02
   8.990  0.2718E-01  0.3600E+02
   9.000  0.2883E-01  0.3600E+02
   9.010  0.3054E-01  0.3600E+02
   9.020  0.3227E-01  0.3600E+02
   9.030  0.3389E-01  0.3600E+02
   9.040  0.3554E-01  0.3600E+02
   9.050  0.3720E-01  0.3600E+02
   9.060  0.3887E-01  0.3600E+02
   9.070  0.4055E-01  0.3601E+02
   9.080  0.4223E-01  0.3601E+02
   9.090  0.4394E-01  0.3601E+02
   9.100  0.4571E-01  0.3601E+02
   9.110  0.4752E-01  0.3601E+02
   9.120  0.4938E-01  0.3601E+02
   9.130  0.5129E-01  0.3601E+02
   9.140  0.5315E-01  0.3601E+02
   9.150  0.5499E-01  0.3601E+02
   9.160  0.5681E-01  0.3601E+02
   9.170  0.5866E-01  0.3601E+02
   9.180  0.6054E-01  0.3601E+02
   9.190  0.6244E-01  0.3601E+02
   9.200  0.6437E-01  0.3601E+02
   9.210  0.6631E-01  0.3601E+02
   9.220  0.6828E-01  0.3601E+02
   9.230  0.7026E-01  0.3601E+02
   9.240  0.7228E-01  0.3601E+02
   9.250  0.7507E-01  0.3602E+02
   9.260  0.8311E-01  0.3602E+02
   9.270  0.9981E-01  0.3602E+02
   9.280  0.1139E+00  0.3602E+02
   9.290  0.1286E+00  0.3602E+02
   9.300  0.1448E+00  0.3602E+02
   9.310  0.1620E+00  0.3602E+02
   9.320  0.1778E+00  0.3602E+02
   9.330  0.1939E+00  0.3603E+02
   9.340  0.2109E+00  0.3603E+02
   9.350  0.2267E+00  0.3603E+02
   9.360  0.2434E+00  0.3603E+02
   9.370  0.2609E+00  0.3603E+02
   9.380  0.2791E+00  0.3604E+02
   9.390  0.2969E+00  0.3604E+02
   9.400  0.3153E+00  0.3604E+02
   9.410  0.3337E+00  0.3605E+02
   9.420  0.3515E+00  0.3605E+02
   9.430  0.3695E+00  0.3605E+02
   9.440  0.3881E+00  0.3606E+02
   9.450  0.4072E+00  0.3606E+02
   9.460  0.4269E+00  0.3607E+02
   9.470  0.4473E+00  0.3607E+02
   9.480  0.4770E+00  0.3607E+02
   9.490  0.5817E+00  0.3608E+02
   9.500  0.7230E+00  0.3609E+02
   9.510  0.6610E+00  0.3609E+02
   9.520  0.7242E+00  0.3610E+02
   9.530  0.7710E+00  0.3611E+02
   9.540  0.7655E+00  0.3612E+02
   9.550  0.8108E+00  0.3612E+02
   9.560  0.7603E+00  0.3613E+02
   9.570  0.7789E+00  0.3614E+02
   9.580  0.7996E+00  0.3615E+02
   9.590  0.8193E+00  0.3615E+02
   9.600  0.8169E+00  0.3616E+02
   9.610  0.7991E+00  0.3617E+02
   9.620  0.7957E+00  0.3618E+02
   9.630  0.8107E+00  0.3619E+02
   9.640  0.8257E+00  0.3620E+02
   9.650  0.8338E+00  0.3620E+02
   9.660  0.8287E+00  0.3621E+02
   9.670  0.8412E+00  0.3622E+02
   9.680  0.8414E+00  0.3623E+02
   9.690  0.8395E+00  0.3624E+02
   9.700  0.8421E+00  0.3625E+02
   9.710  0.8581E+00  0.3625E+02
   9.720  0.8706E+00  0.3626E+02
   9.730  0.8631E+00  0.3627E+02
   9.740  0.8631E+00  0.3628E+02
   9.750  0.8757E+00  0.3629E+02
   9.760  0.8867E+00  0.3630E+02
   9.770  0.8976E+00  0.3631E+02
   9.780  0.9007E+00  0.3632E+02
   9.790  0.9052E+00  0.3632E+02
   9.800  0.9126E+00  0.3633E+02
   9.810  0.9171E+00  0.3634E+02
   9.820  0.9179E+00  0.3635E+02
   9.830  0.9215E+00  0.3636E+02
   9.840  0.9307E+00  0.3637E+02
   9.850  0.9424E+00  0.3638E+02
   9.860  0.9520E+00  0.3639E+02
   9.870  0.9796E+00  0.3640E+02
   9.880  0.1033E+01  0.3641E+02
   9.890  0.1093E+01  0.3642E+02
   9.900  0.1148E+01  0.3643E+02
   9.910  0.1208E+01  0.3644E+02
   9.920  0.1266E+01  0.3645E+02
   9.930  0.1330E+01  0.3647E+02
   9.940  0.1401E+01  0.3648E+02
   9.950  0.1476E+01  0.3650E+02
   9.960  0.1561E+01  0.3651E+02
   9.970  0.1937E+01  0.3653E+02
   9.980  0.2202E+01  0.3655E+02
   9.990  0.2519E+01  0.3657E+02
  10.000  0.2627E+01  0.3660E+02
  10.010  0.2783E+01  0.3662E+02
  10.020  0.2931E+01  0.3665E+02
  10.030  0.3130E+01  0.3668E+02
  10.040  0.3181E+01  0.3672E+02
  10.050  0.3285E+01  0.3675E+02
  10.060  0.3737E+01  0.3678E+02
  10.070  0.3406E+01  0.3682E+02
  10.080  0.3328E+01  0.3685E+02
  10.090  0.3317E+01  0.3689E+02
  10.100  0.3300E+01  0.3692E+02
  10.110  0.3237E+01  0.3695E+02
  10.120  0.3218E+01  0.3698E+02
  10.130  0.3186E+01  0.3702E+02
  10.140  0.3165E+01  0.3705E+02
  10.150  0.3210E+01  0.3708E+02
  10.160  0.3291E+01  0.3711E+02
  10.170  0.3436E+01  0.3715E+02
  10.180  0.4136E+01  0.3718E+02
  10.190  0.3596E+01  0.3722E+02
  10.200  0.3455E+01  0.3726E+02
  10.210  0.3402E+01  0.3729E+02
  10.220  0.3309E+01  0.3733E+02
  10.230  0.3255E+01  0.3736E+02
  10.240  0.3164E+01  0.3739E+02
  10.250  0.3068E+01  0.3742E+02
  10.260  0.2975E+01  0.3745E+02
  10.270  0.2873E+01  0.3748E+02
  10.280  0.2740E+01  0.3751E+02
  10.290  0.2555E+01  0.3754E+02
  10.300  0.2470E+01  0.3756E+02
  10.310  0.2406E+01  0.3758E+02
  10.320  0.2342E+01  0.3761E+02
  10.330  0.2291E+01  0.3763E+02
  10.340  0.2248E+01  0.3765E+02
  10.350  0.2208E+01  0.3768E+02
  10.360  0.2172E+01  0.3770E+02
  10.370  0.2133E+01  0.3772E+02
  10.380  0.2102E+01  0.3774E+02
  10.390  0.2070E+01  0.3776E+02
  10.400  0.2044E+01  0.3778E+02
  10.410  0.2019E+01  0.3780E+02
  10.420  0.1993E+01  0.3782E+02
  10.430  0.1966E+01  0.3784E+02
  10.440  0.1945E+01  0.3786E+02
  10.450  0.1923E+01  0.3788E+02
  10.460  0.1903E+01  0.3790E+02
  10.470  0.1885E+01  0.3792E+02
  10.480  0.1866E+01  0.3794E+02
  10.490  0.1849E+01  0.3796E+02
  10.500  0.1830E+01  0.3798E+02
  10.510  0.1815E+01  0.3799E+02
  10.520  0.1798E+01  0.3801E+02
  10.530  0.1783E+01  0.3803E+02
  10.540  0.1771E+01  0.3805E+02
  10.550  0.1758E+01  0.3807E+02
  10.560  0.1745E+01  0.3808E+02
  10.570  0.1733E+01  0.3810E+02
  10.580  0.1720E+01  0.3812E+02
  10.590  0.1707E+01  0.3813E+02
  10.600  0.1696E+01  0.3815E+02
  10.610  0.1686E+01  0.3817E+02
  10.620  0.1677E+01  0.3819E+02
  10.630  0.1783E+01  0.3820E+02
  10.640  0.1822E+01  0.3822E+02
  10.650  0.1797E+01  0.3824E+02
  10.660  0.1813E+01  0.3826E+02
  10.670  0.1799E+01  0.3828E+02
  10.680  0.1791E+01  0.3829E+02
  10.690  0.1803E+01  0.3831E+02
  10.700  0.1791E+01  0.3833E+02
  10.710  0.1788E+01  0.3835E+02
  10.720  0.1788E+01  0.3836E+02
  10.730  0.1797E+01  0.3838E+02
  10.740  0.1786E+01  0.3840E+02
  10.750  0.1781E+01  0.3842E+02
  10.760  0.1783E+01  0.3844E+02
  10.770  0.1786E+01  0.3845E+02
  10.780  0.1795E+01  0.3847E+02
  10.790  0.1786E+01  0.3849E+02
  10.800  0.1783E+01  0.3851E+02
  10.810  0.1787E+01  0.3853E+02
  10.820  0.1789E+01  0.3854E+02
  10.830  0.1791E+01  0.3856E+02
  10.840  0.1792E+01  0.3858E+02
  10.850  0.1792E+01  0.3860E+02
  10.860  0.1795E+01  0.3862E+02
  10.870  0.1800E+01  0.3863E+02
  10.880  0.1805E+01  0.3865E+02
  10.890  0.1809E+01  0.3867E+02
  10.900  0.1813E+01  0.3869E+02
  10.910  0.1812E+01  0.3871E+02
  10.920  0.1815E+01  0.3872E+02
  10.930  0.1821E+01  0.3874E+02
  10.940  0.1828E+01  0.3876E+02
  10.950  0.1838E+01  0.3878E+02
  10.960  0.1849E+01  0.3880E+02
  10.970  0.1857E+01  0.3882E+02
  10.980  0.1863E+01  0.3883E+02
  10.990  0.1871E+01  0.3885E+02
  11.000  0.1885E+01  0.3887E+02
  11.010  0.1902E+01  0.3889E+02
  11.020  0.1920E+01  0.3891E+02
  11.030  0.1945E+01  0.3893E+02
  11.040  0.1968E+01  0.3895E+02
  11.050  0.1991E+01  0.3897E+02
  11.060  0.2019E+01  0.3899E+02
  11.070  0.2077E+01  0.3901E+02
  11.080  0.2122E+01  0.3903E+02
  11.090  0.2126E+01  0.3905E+02
  11.100  0.2126E+01  0.3907E+02
  11.110  0.2126E+01  0.3909E+02
  11.120  0.2137E+01  0.3911E+02
  11.130  0.2121E+01  0.3914E+02
  11.140  0.2095E+01  0.3916E+02
  11.150  0.2056E+01  0.3918E+02
  11.160  0.2032E+01  0.3920E+02
  11.170  0.2167E+01  0.3922E+02
  11.180  0.2239E+01  0.3924E+02
  11.190  0.2288E+01  0.3926E+02
  11.200  0.2276E+01  0.3929E+02
  11.210  0.2291E+01  0.3931E+02
  11.220  0.2341E+01  0.3933E+02
  11.230  0.2503E+01  0.3936E+02
  11.240  0.2401E+01  0.3938E+02
  11.250  0.2446E+01  0.3941E+02
  11.260  0.2595E+01  0.3943E+02
  11.270  0.2577E+01  0.3946E+02
  11.280  0.2383E+01  0.3948E+02
  11.290  0.2394E+01  0.3951E+02
  11.300  0.2373E+01  0.3953E+02
  11.310  0.2321E+01  0.3955E+02
  11.320  0.2268E+01  0.3958E+02
  11.330  0.2234E+01  0.3960E+02
  11.340  0.2209E+01  0.3962E+02
  11.350  0.2146E+01  0.3964E+02
  11.360  0.2159E+01  0.3967E+02
  11.370  0.2099E+01  0.3969E+02
  11.380  0.1746E+01  0.3971E+02
  11.390  0.1691E+01  0.3972E+02
  11.400  0.1632E+01  0.3974E+02
  11.410  0.1777E+01  0.3976E+02
  11.420  0.1750E+01  0.3977E+02
  11.430  0.1710E+01  0.3979E+02
  11.440  0.1906E+01  0.3981E+02
  11.450  0.1666E+01  0.3983E+02
  11.460  0.1521E+01  0.3984E+02
  11.470  0.1205E+01  0.3986E+02
  11.480  0.1101E+01  0.3987E+02
  11.490  0.1024E+01  0.3988E+02
  11.500  0.9487E+00  0.3989E+02
  11.510  0.8799E+00  0.3990E+02
  11.520  0.8133E+00  0.3991E+02
  11.530  0.7488E+00  0.3991E+02
  11.540  0.6874E+00  0.3992E+02
  11.550  0.6305E+00  0.3993E+02
  11.560  0.5861E+00  0.3993E+02
  11.570  0.5473E+00  0.3994E+02
  11.580  0.5128E+00  0.3995E+02
  11.590  0.4824E+00  0.3995E+02
  11.600  0.4555E+00  0.3995E+02
  11.610  0.4326E+00  0.3996E+02
  11.620  0.4135E+00  0.3996E+02
  11.630  0.3956E+00  0.3997E+02
  11.640  0.3814E+00  0.3997E+02
  11.650  0.3697E+00  0.3998E+02
  11.660  0.3603E+00  0.3998E+02
  11.670  0.3531E+00  0.3998E+02
  11.680  0.3471E+00  0.3999E+02
  11.690  0.3419E+00  0.3999E+02
  11.700  0.3376E+00  0.3999E+02
  11.710  0.3353E+00  0.4000E+02
  11.720  0.3351E+00  0.4000E+02
  11.730  0.3370E+00  0.4000E+02
  11.740  0.3444E+00  0.4001E+02
  11.750  0.3553E+00  0.4001E+02
  11.760  0.3660E+00  0.4001E+02
  11.770  0.3764E+00  0.4002E+02
  11.780  0.3889E+00  0.4002E+02
  11.790  0.4010E+00  0.4002E+02
  11.800  0.4172E+00  0.4003E+02
  11.810  0.4349E+00  0.4003E+02
  11.820  0.4574E+00  0.4004E+02
  11.830  0.4834E+00  0.4004E+02
  11.840  0.5136E+00  0.4005E+02
  11.850  0.5487E+00  0.4005E+02
  11.860  0.5891E+00  0.4006E+02
  11.870  0.6345E+00  0.4006E+02
  11.880  0.6863E+00  0.4007E+02
  11.890  0.7440E+00  0.4008E+02
  11.900  0.8083E+00  0.4009E+02
  11.910  0.8830E+00  0.4009E+02
  11.920  0.1154E+01  0.4010E+02
  11.930  0.1431E+01  0.4012E+02
  11.940  0.1530E+01  0.4013E+02
  11.950  0.1720E+01  0.4015E+02
  11.960  0.1694E+01  0.4017E+02
  11.970  0.1775E+01  0.4018E+02
  11.980  0.1898E+01  0.4020E+02
  11.990  0.1978E+01  0.4022E+02
  12.000  0.2125E+01  0.4024E+02
  12.010  0.2310E+01  0.4026E+02
  12.020  0.2566E+01  0.4029E+02
  12.030  0.2581E+01  0.4031E+02
  12.040  0.2907E+01  0.4034E+02
  12.050  0.3154E+01  0.4037E+02
  12.060  0.3304E+01  0.4040E+02
  12.070  0.3397E+01  0.4044E+02
  12.080  0.3593E+01  0.4047E+02
  12.090  0.3928E+01  0.4051E+02
  12.100  0.4535E+01  0.4055E+02
  12.110  0.5201E+01  0.4060E+02
  12.120  0.4382E+01  0.4065E+02
  12.130  0.4405E+01  0.4069E+02
  12.140  0.4441E+01  0.4074E+02
  12.150  0.4298E+01  0.4078E+02
  12.160  0.4223E+01  0.4082E+02
  12.170  0.4017E+01  0.4086E+02
  12.180  0.3985E+01  0.4090E+02
  12.190  0.3870E+01  0.4094E+02
  12.200  0.3816E+01  0.4098E+02
  12.210  0.3779E+01  0.4102E+02
  12.220  0.3755E+01  0.4106E+02
  12.230  0.3698E+01  0.4110E+02
  12.240  0.3657E+01  0.4113E+02
  12.250  0.3621E+01  0.4117E+02
  12.260  0.3608E+01  0.4120E+02
  12.270  0.3557E+01  0.4124E+02
  12.280  0.3561E+01  0.4128E+02
  12.290  0.3604E+01  0.4131E+02
  12.300  0.3559E+01  0.4135E+02
  12.310  0.3521E+01  0.4138E+02
  12.320  0.3504E+01  0.4142E+02
  12.330  0.3481E+01  0.4145E+02
  12.340  0.3559E+01  0.4149E+02
  12.350  0.3567E+01  0.4152E+02
  12.360  0.3817E+01  0.4156E+02
  12.370  0.3872E+01  0.4160E+02
  12.380  0.3551E+01  0.4164E+02
  12.390  0.3485E+01  0.4167E+02
  12.400  0.3417E+01  0.4171E+02
  12.410  0.3326E+01  0.4174E+02
  12.420  0.3271E+01  0.4177E+02
  12.430  0.3223E+01  0.4181E+02
  12.440  0.3181E+01  0.4184E+02
  12.450  0.3141E+01  0.4187E+02
  12.460  0.3085E+01  0.4190E+02
  12.470  0.3054E+01  0.4193E+02
  12.480  0.3027E+01  0.4196E+02
  12.490  0.2995E+01  0.4199E+02
  12.500  0.2963E+01  0.4202E+02
  12.510  0.2928E+01  0.4205E+02
  12.520  0.2889E+01  0.4208E+02
  12.530  0.2851E+01  0.4211E+02
  12.540  0.2829E+01  0.4214E+02
  12.550  0.2816E+01  0.4216E+02
  12.560  0.2788E+01  0.4219E+02
  12.570  0.2759E+01  0.4222E+02
  12.580  0.2727E+01  0.4225E+02
  12.590  0.2706E+01  0.4228E+02
  12.600  0.2686E+01  0.4230E+02
  12.610  0.2678E+01  0.4233E+02
  12.620  0.2718E+01  0.4236E+02
  12.630  0.2979E+01  0.4238E+02
  12.640  0.2909E+01  0.4241E+02
  12.650  0.2947E+01  0.4244E+02
  12.660  0.3040E+01  0.4247E+02
  12.670  0.3299E+01  0.4250E+02
  12.680  0.4376E+01  0.4254E+02
  12.690  0.1968E+01  0.4257E+02
  12.700  0.1948E+01  0.4259E+02
  12.710  0.1925E+01  0.4261E+02
  12.720  0.1905E+01  0.4263E+02
  12.730  0.1888E+01  0.4265E+02
  12.740  0.1870E+01  0.4266E+02
  12.750  0.1852E+01  0.4268E+02
  12.760  0.1829E+01  0.4270E+02
  12.770  0.1804E+01  0.4272E+02
  12.780  0.1781E+01  0.4274E+02
  12.790  0.1764E+01  0.4276E+02
  12.800  0.1752E+01  0.4277E+02
  12.810  0.1737E+01  0.4279E+02
  12.820  0.1723E+01  0.4281E+02
  12.830  0.1709E+01  0.4283E+02
  12.840  0.1694E+01  0.4284E+02
  12.850  0.1682E+01  0.4286E+02
  12.860  0.1675E+01  0.4288E+02
  12.870  0.1738E+01  0.4289E+02
  12.880  0.1815E+01  0.4291E+02
  12.890  0.1897E+01  0.4293E+02
  12.900  0.1891E+01  0.4295E+02
  12.910  0.1939E+01  0.4297E+02
  12.920  0.1980E+01  0.4299E+02
  12.930  0.1977E+01  0.4301E+02
  12.940  0.2090E+01  0.4303E+02
  12.950  0.2336E+01  0.4305E+02
  12.960  0.2658E+01  0.4307E+02
  12.970  0.2816E+01  0.4310E+02
  12.980  0.2876E+01  0.4313E+02
  12.990  0.2880E+01  0.4316E+02
  13.000  0.2871E+01  0.4319E+02
  13.010  0.3039E+01  0.4322E+02
  13.020  0.3141E+01  0.4325E+02
  13.030  0.3248E+01  0.4328E+02
  13.040  0.3427E+01  0.4332E+02
  13.050  0.3404E+01  0.4335E+02
  13.060  0.3209E+01  0.4338E+02
  13.070  0.2760E+01  0.4342E+02
  13.080  0.2421E+01  0.4344E+02
  13.090  0.2306E+01  0.4346E+02
  13.100  0.2289E+01  0.4349E+02
  13.110  0.2396E+01  0.4351E+02
  13.120  0.2529E+01  0.4353E+02
  13.130  0.2803E+01  0.4356E+02
  13.140  0.3204E+01  0.4359E+02
  13.150  0.3533E+01  0.4362E+02
  13.160  0.3258E+01  0.4366E+02
  13.170  0.2594E+01  0.4369E+02
  13.180  0.2490E+01  0.4371E+02
  13.190  0.2418E+01  0.4374E+02
  13.200  0.2262E+01  0.4376E+02
  13.210  0.2156E+01  0.4378E+02
  13.220  0.2151E+01  0.4381E+02
  13.230  0.2198E+01  0.4383E+02
  13.240  0.2164E+01  0.4385E+02
  13.250  0.2178E+01  0.4387E+02
  13.260  0.2047E+01  0.4389E+02
  13.270  0.1752E+01  0.4391E+02
  13.280  0.1476E+01  0.4393E+02
  13.290  0.1250E+01  0.4394E+02
  13.300  0.1221E+01  0.4395E+02
  13.310  0.1518E+01  0.4397E+02
  13.320  0.1946E+01  0.4398E+02
  13.330  0.1817E+01  0.4400E+02
  13.340  0.1881E+01  0.4402E+02
  13.350  0.1598E+01  0.4404E+02
  13.360  0.1450E+01  0.4405E+02
  13.370  0.1301E+01  0.4407E+02
  13.380  0.1199E+01  0.4408E+02
  13.390  0.1143E+01  0.4409E+02
  13.400  0.9807E+00  0.4410E+02
  13.410  0.7079E+00  0.4411E+02
  13.420  0.6748E+00  0.4412E+02
  13.430  0.6604E+00  0.4412E+02
  13.440  0.6648E+00  0.4413E+02
  13.450  0.6724E+00  0.4414E+02
  13.460  0.6844E+00  0.4414E+02
  13.470  0.7000E+00  0.4415E+02
  13.480  0.7191E+00  0.4416E+02
  13.490  0.7519E+00  0.4417E+02
  13.500  0.7931E+00  0.4417E+02
  13.510  0.8385E+00  0.4418E+02
  13.520  0.8708E+00  0.4419E+02
  13.530  0.8962E+00  0.4420E+02
  13.540  0.9225E+00  0.4421E+02
  13.550  0.9354E+00  0.4422E+02
  13.560  0.9420E+00  0.4423E+02
  13.570  0.9507E+00  0.4424E+02
  13.580  0.9388E+00  0.4425E+02
  13.590  0.9551E+00  0.4426E+02
  13.600  0.9863E+00  0.4427E+02
  13.610  0.9981E+00  0.4428E+02
  13.620  0.1033E+01  0.4429E+02
  13.630  0.1140E+01  0.4430E+02
  13.640  0.1185E+01  0.4431E+02
  13.650  0.1232E+01  0.4432E+02
  13.660  0.1853E+01  0.4434E+02
  13.670  0.1809E+01  0.4435E+02
  13.680  0.1624E+01  0.4437E+02
  13.690  0.1595E+01  0.4439E+02
  13.700  0.1604E+01  0.4440E+02
  13.710  0.1656E+01  0.4442E+02
  13.720  0.1687E+01  0.4444E+02
  13.730  0.1744E+01  0.4445E+02
  13.740  0.1808E+01  0.4447E+02
  13.750  0.1893E+01  0.4449E+02
  13.760  0.1918E+01  0.4451E+02
  13.770  0.1922E+01  0.4453E+02
  13.780  0.1986E+01  0.4455E+02
  13.790  0.1989E+01  0.4457E+02
  13.800  0.1845E+01  0.4459E+02
  13.810  0.1861E+01  0.4460E+02
  13.820  0.1881E+01  0.4462E+02
  13.830  0.1901E+01  0.4464E+02
  13.840  0.1909E+01  0.4466E+02
  13.850  0.1909E+01  0.4468E+02
  13.860  0.1909E+01  0.4470E+02
  13.870  0.1917E+01  0.4472E+02
  13.880  0.1925E+01  0.4474E+02
  13.890  0.1940E+01  0.4476E+02
  13.900  0.1968E+01  0.4478E+02
  13.910  0.2000E+01  0.4480E+02
  13.920  0.2038E+01  0.4482E+02
  13.930  0.2088E+01  0.4484E+02
  13.940  0.2136E+01  0.4486E+02
  13.950  0.2179E+01  0.4488E+02
  13.960  0.2223E+01  0.4490E+02
  13.970  0.2276E+01  0.4492E+02
  13.980  0.2335E+01  0.4495E+02
  13.990  0.2399E+01  0.4497E+02
  14.000  0.2476E+01  0.4500E+02
  14.010  0.2549E+01  0.4502E+02
  14.020  0.2637E+01  0.4505E+02
  14.030  0.2741E+01  0.4507E+02
  14.040  0.2860E+01  0.4510E+02
  14.050  0.2992E+01  0.4513E+02
  14.060  0.3313E+01  0.4516E+02
  14.070  0.4193E+01  0.4520E+02
  14.080  0.4609E+01  0.4525E+02
  14.090  0.4736E+01  0.4529E+02
  14.100  0.5084E+01  0.4534E+02
  14.110  0.5309E+01  0.4539E+02
  14.120  0.5719E+01  0.4545E+02
  14.130  0.6325E+01  0.4551E+02
  14.140  0.6108E+01  0.4557E+02
  14.150  0.5451E+01  0.4563E+02
  14.160  0.5316E+01  0.4568E+02
  14.170  0.5373E+01  0.4574E+02
  14.180  0.5918E+01  0.4579E+02
  14.190  0.6229E+01  0.4585E+02
  14.200  0.6722E+01  0.4592E+02
  14.210  0.7677E+01  0.4599E+02
  14.220  0.7778E+01  0.4607E+02
  14.230  0.8435E+01  0.4615E+02
  14.240  0.8165E+01  0.4623E+02
  14.250  0.6490E+01  0.4630E+02
  14.260  0.5260E+01  0.4636E+02
  14.270  0.3455E+01  0.4641E+02
  14.280  0.2855E+01  0.4644E+02
  14.290  0.3131E+01  0.4647E+02
  14.300  0.3895E+01  0.4650E+02
  14.310  0.5404E+01  0.4655E+02
  14.320  0.1006E+02  0.4662E+02
  14.330  0.9138E+01  0.4672E+02
  14.340  0.7491E+01  0.4680E+02
  14.350  0.6947E+01  0.4688E+02
  14.360  0.6526E+01  0.4694E+02
  14.370  0.6118E+01  0.4701E+02
  14.380  0.5956E+01  0.4707E+02
  14.390  0.5801E+01  0.4713E+02
  14.400  0.5794E+01  0.4718E+02
  14.410  0.5773E+01  0.4724E+02
  14.420  0.5795E+01  0.4730E+02
  14.430  0.5763E+01  0.4736E+02
  14.440  0.5867E+01  0.4742E+02
  14.450  0.5924E+01  0.4747E+02
  14.460  0.6449E+01  0.4754E+02
  14.470  0.6648E+01  0.4760E+02
  14.480  0.6863E+01  0.4767E+02
  14.490  0.8190E+01  0.4774E+02
  14.500  0.9051E+01  0.4782E+02
  14.510  0.6782E+01  0.4790E+02
  14.520  0.6308E+01  0.4797E+02
  14.530  0.6327E+01  0.4803E+02
  14.540  0.6423E+01  0.4810E+02
  14.550  0.6160E+01  0.4816E+02
  14.560  0.5517E+01  0.4822E+02
  14.570  0.4979E+01  0.4827E+02
  14.580  0.4768E+01  0.4832E+02
  14.590  0.4723E+01  0.4836E+02
  14.600  0.4724E+01  0.4841E+02
  14.610  0.4922E+01  0.4846E+02
  14.620  0.5470E+01  0.4851E+02
  14.630  0.5279E+01  0.4857E+02
  14.640  0.4820E+01  0.4862E+02
  14.650  0.4355E+01  0.4866E+02
  14.660  0.4135E+01  0.4871E+02
  14.670  0.3990E+01  0.4875E+02
  14.680  0.3883E+01  0.4879E+02
  14.690  0.3817E+01  0.4882E+02
  14.700  0.3764E+01  0.4886E+02
  14.710  0.3744E+01  0.4890E+02
  14.720  0.3702E+01  0.4894E+02
  14.730  0.3677E+01  0.4897E+02
  14.740  0.3636E+01  0.4901E+02
  14.750  0.3598E+01  0.4905E+02
  14.760  0.3538E+01  0.4908E+02
  14.770  0.3498E+01  0.4912E+02
  14.780  0.3462E+01  0.4915E+02
  14.790  0.3441E+01  0.4919E+02
  14.800  0.3399E+01  0.4922E+02
  14.810  0.3377E+01  0.4925E+02
  14.820  0.3366E+01  0.4929E+02
  14.830  0.3360E+01  0.4932E+02
  14.840  0.3354E+01  0.4936E+02
  14.850  0.3348E+01  0.4939E+02
  14.860  0.3331E+01  0.4942E+02
  14.870  0.3319E+01  0.4946E+02
  14.880  0.3317E+01  0.4949E+02
  14.890  0.3335E+01  0.4952E+02
  14.900  0.3357E+01  0.4956E+02
  14.910  0.3396E+01  0.4959E+02
  14.920  0.3422E+01  0.4962E+02
  14.930  0.3435E+01  0.4966E+02
  14.940  0.3827E+01  0.4969E+02
  14.950  0.3768E+01  0.4973E+02
  14.960  0.3778E+01  0.4977E+02
  14.970  0.3683E+01  0.4981E+02
  14.980  0.3575E+01  0.4984E+02
  14.990  0.3399E+01  0.4988E+02
  15.000  0.3331E+01  0.4991E+02
