#  E (eV)   dos(E)     Int dos(E) EFermi =    4.907 eV
 -15.000  0.3960E+01  0.7371E+00
 -14.990  0.4033E+01  0.7772E+00
 -14.980  0.4127E+01  0.8178E+00
 -14.970  0.4173E+01  0.8594E+00
 -14.960  0.4279E+01  0.9017E+00
 -14.950  0.4355E+01  0.9448E+00
 -14.940  0.4448E+01  0.9889E+00
 -14.930  0.4551E+01  0.1034E+01
 -14.920  0.4650E+01  0.1080E+01
 -14.910  0.4763E+01  0.1127E+01
 -14.900  0.4872E+01  0.1175E+01
 -14.890  0.5010E+01  0.1224E+01
 -14.880  0.5119E+01  0.1275E+01
 -14.870  0.5283E+01  0.1327E+01
 -14.860  0.5434E+01  0.1381E+01
 -14.850  0.5586E+01  0.1436E+01
 -14.840  0.5787E+01  0.1493E+01
 -14.830  0.5963E+01  0.1551E+01
 -14.820  0.6189E+01  0.1612E+01
 -14.810  0.6436E+01  0.1675E+01
 -14.800  0.6667E+01  0.1741E+01
 -14.790  0.6986E+01  0.1809E+01
 -14.780  0.7330E+01  0.1880E+01
 -14.770  0.7664E+01  0.1955E+01
 -14.760  0.8108E+01  0.2034E+01
 -14.750  0.8644E+01  0.2118E+01
 -14.740  0.9246E+01  0.2207E+01
 -14.730  0.9994E+01  0.2303E+01
 -14.720  0.1092E+02  0.2407E+01
 -14.710  0.1211E+02  0.2522E+01
 -14.700  0.1414E+02  0.2653E+01
 -14.690  0.1800E+02  0.2810E+01
 -14.680  0.1857E+02  0.3013E+01
 -14.670  0.2039E+02  0.3219E+01
 -14.660  0.1542E+02  0.3390E+01
 -14.650  0.1353E+02  0.3536E+01
 -14.640  0.1272E+02  0.3666E+01
 -14.630  0.1167E+02  0.3786E+01
 -14.620  0.1080E+02  0.3899E+01
 -14.610  0.5642E+01  0.3965E+01
 -14.600  0.0000E+00  0.4000E+01
 -14.590  0.0000E+00  0.4000E+01
 -14.580  0.0000E+00  0.4000E+01
 -14.570  0.0000E+00  0.4000E+01
 -14.560  0.0000E+00  0.4000E+01
 -14.550  0.0000E+00  0.4000E+01
 -14.540  0.0000E+00  0.4000E+01
 -14.530  0.0000E+00  0.4000E+01
 -14.520  0.0000E+00  0.4000E+01
 -14.510  0.0000E+00  0.4000E+01
 -14.500  0.0000E+00  0.4000E+01
 -14.490  0.0000E+00  0.4000E+01
 -14.480  0.0000E+00  0.4000E+01
 -14.470  0.0000E+00  0.4000E+01
 -14.460  0.0000E+00  0.4000E+01
 -14.450  0.0000E+00  0.4000E+01
 -14.440  0.0000E+00  0.4000E+01
 -14.430  0.0000E+00  0.4000E+01
 -14.420  0.0000E+00  0.4000E+01
 -14.410  0.0000E+00  0.4000E+01
 -14.400  0.0000E+00  0.4000E+01
 -14.390  0.0000E+00  0.4000E+01
 -14.380  0.0000E+00  0.4000E+01
 -14.370  0.0000E+00  0.4000E+01
 -14.360  0.0000E+00  0.4000E+01
 -14.350  0.0000E+00  0.4000E+01
 -14.340  0.0000E+00  0.4000E+01
 -14.330  0.0000E+00  0.4000E+01
 -14.320  0.0000E+00  0.4000E+01
 -14.310  0.0000E+00  0.4000E+01
 -14.300  0.0000E+00  0.4000E+01
 -14.290  0.0000E+00  0.4000E+01
 -14.280  0.0000E+00  0.4000E+01
 -14.270  0.0000E+00  0.4000E+01
 -14.260  0.0000E+00  0.4000E+01
 -14.250  0.0000E+00  0.4000E+01
 -14.240  0.0000E+00  0.4000E+01
 -14.230  0.0000E+00  0.4000E+01
 -14.220  0.0000E+00  0.4000E+01
 -14.210  0.0000E+00  0.4000E+01
 -14.200  0.0000E+00  0.4000E+01
 -14.190  0.0000E+00  0.4000E+01
 -14.180  0.0000E+00  0.4000E+01
 -14.170  0.0000E+00  0.4000E+01
 -14.160  0.0000E+00  0.4000E+01
 -14.150  0.0000E+00  0.4000E+01
 -14.140  0.0000E+00  0.4000E+01
 -14.130  0.0000E+00  0.4000E+01
 -14.120  0.0000E+00  0.4000E+01
 -14.110  0.0000E+00  0.4000E+01
 -14.100  0.0000E+00  0.4000E+01
 -14.090  0.0000E+00  0.4000E+01
 -14.080  0.0000E+00  0.4000E+01
 -14.070  0.0000E+00  0.4000E+01
 -14.060  0.0000E+00  0.4000E+01
 -14.050  0.0000E+00  0.4000E+01
 -14.040  0.0000E+00  0.4000E+01
 -14.030  0.0000E+00  0.4000E+01
 -14.020  0.0000E+00  0.4000E+01
 -14.010  0.0000E+00  0.4000E+01
 -14.000  0.0000E+00  0.4000E+01
 -13.990  0.0000E+00  0.4000E+01
 -13.980  0.0000E+00  0.4000E+01
 -13.970  0.0000E+00  0.4000E+01
 -13.960  0.0000E+00  0.4000E+01
 -13.950  0.0000E+00  0.4000E+01
 -13.940  0.0000E+00  0.4000E+01
 -13.930  0.0000E+00  0.4000E+01
 -13.920  0.0000E+00  0.4000E+01
 -13.910  0.0000E+00  0.4000E+01
 -13.900  0.0000E+00  0.4000E+01
 -13.890  0.0000E+00  0.4000E+01
 -13.880  0.0000E+00  0.4000E+01
 -13.870  0.0000E+00  0.4000E+01
 -13.860  0.0000E+00  0.4000E+01
 -13.850  0.0000E+00  0.4000E+01
 -13.840  0.0000E+00  0.4000E+01
 -13.830  0.0000E+00  0.4000E+01
 -13.820  0.0000E+00  0.4000E+01
 -13.810  0.0000E+00  0.4000E+01
 -13.800  0.0000E+00  0.4000E+01
 -13.790  0.0000E+00  0.4000E+01
 -13.780  0.0000E+00  0.4000E+01
 -13.770  0.0000E+00  0.4000E+01
 -13.760  0.0000E+00  0.4000E+01
 -13.750  0.0000E+00  0.4000E+01
 -13.740  0.0000E+00  0.4000E+01
 -13.730  0.0000E+00  0.4000E+01
 -13.720  0.0000E+00  0.4000E+01
 -13.710  0.0000E+00  0.4000E+01
 -13.700  0.0000E+00  0.4000E+01
 -13.690  0.0000E+00  0.4000E+01
 -13.680  0.0000E+00  0.4000E+01
 -13.670  0.0000E+00  0.4000E+01
 -13.660  0.0000E+00  0.4000E+01
 -13.650  0.0000E+00  0.4000E+01
 -13.640  0.0000E+00  0.4000E+01
 -13.630  0.0000E+00  0.4000E+01
 -13.620  0.0000E+00  0.4000E+01
 -13.610  0.0000E+00  0.4000E+01
 -13.600  0.0000E+00  0.4000E+01
 -13.590  0.0000E+00  0.4000E+01
 -13.580  0.0000E+00  0.4000E+01
 -13.570  0.0000E+00  0.4000E+01
 -13.560  0.0000E+00  0.4000E+01
 -13.550  0.0000E+00  0.4000E+01
 -13.540  0.0000E+00  0.4000E+01
 -13.530  0.0000E+00  0.4000E+01
 -13.520  0.0000E+00  0.4000E+01
 -13.510  0.0000E+00  0.4000E+01
 -13.500  0.0000E+00  0.4000E+01
 -13.490  0.0000E+00  0.4000E+01
 -13.480  0.0000E+00  0.4000E+01
 -13.470  0.0000E+00  0.4000E+01
 -13.460  0.0000E+00  0.4000E+01
 -13.450  0.0000E+00  0.4000E+01
 -13.440  0.0000E+00  0.4000E+01
 -13.430  0.0000E+00  0.4000E+01
 -13.420  0.0000E+00  0.4000E+01
 -13.410  0.0000E+00  0.4000E+01
 -13.400  0.0000E+00  0.4000E+01
 -13.390  0.0000E+00  0.4000E+01
 -13.380  0.0000E+00  0.4000E+01
 -13.370  0.0000E+00  0.4000E+01
 -13.360  0.0000E+00  0.4000E+01
 -13.350  0.0000E+00  0.4000E+01
 -13.340  0.0000E+00  0.4000E+01
 -13.330  0.0000E+00  0.4000E+01
 -13.320  0.0000E+00  0.4000E+01
 -13.310  0.0000E+00  0.4000E+01
 -13.300  0.0000E+00  0.4000E+01
 -13.290  0.0000E+00  0.4000E+01
 -13.280  0.0000E+00  0.4000E+01
 -13.270  0.0000E+00  0.4000E+01
 -13.260  0.0000E+00  0.4000E+01
 -13.250  0.0000E+00  0.4000E+01
 -13.240  0.0000E+00  0.4000E+01
 -13.230  0.0000E+00  0.4000E+01
 -13.220  0.0000E+00  0.4000E+01
 -13.210  0.0000E+00  0.4000E+01
 -13.200  0.0000E+00  0.4000E+01
 -13.190  0.0000E+00  0.4000E+01
 -13.180  0.0000E+00  0.4000E+01
 -13.170  0.0000E+00  0.4000E+01
 -13.160  0.0000E+00  0.4000E+01
 -13.150  0.0000E+00  0.4000E+01
 -13.140  0.0000E+00  0.4000E+01
 -13.130  0.0000E+00  0.4000E+01
 -13.120  0.0000E+00  0.4000E+01
 -13.110  0.0000E+00  0.4000E+01
 -13.100  0.0000E+00  0.4000E+01
 -13.090  0.0000E+00  0.4000E+01
 -13.080  0.0000E+00  0.4000E+01
 -13.070  0.0000E+00  0.4000E+01
 -13.060  0.0000E+00  0.4000E+01
 -13.050  0.0000E+00  0.4000E+01
 -13.040  0.0000E+00  0.4000E+01
 -13.030  0.0000E+00  0.4000E+01
 -13.020  0.0000E+00  0.4000E+01
 -13.010  0.0000E+00  0.4000E+01
 -13.000  0.0000E+00  0.4000E+01
 -12.990  0.0000E+00  0.4000E+01
 -12.980  0.0000E+00  0.4000E+01
 -12.970  0.0000E+00  0.4000E+01
 -12.960  0.0000E+00  0.4000E+01
 -12.950  0.0000E+00  0.4000E+01
 -12.940  0.0000E+00  0.4000E+01
 -12.930  0.0000E+00  0.4000E+01
 -12.920  0.0000E+00  0.4000E+01
 -12.910  0.0000E+00  0.4000E+01
 -12.900  0.0000E+00  0.4000E+01
 -12.890  0.0000E+00  0.4000E+01
 -12.880  0.0000E+00  0.4000E+01
 -12.870  0.0000E+00  0.4000E+01
 -12.860  0.0000E+00  0.4000E+01
 -12.850  0.0000E+00  0.4000E+01
 -12.840  0.0000E+00  0.4000E+01
 -12.830  0.0000E+00  0.4000E+01
 -12.820  0.0000E+00  0.4000E+01
 -12.810  0.0000E+00  0.4000E+01
 -12.800  0.0000E+00  0.4000E+01
 -12.790  0.0000E+00  0.4000E+01
 -12.780  0.0000E+00  0.4000E+01
 -12.770  0.0000E+00  0.4000E+01
 -12.760  0.0000E+00  0.4000E+01
 -12.750  0.0000E+00  0.4000E+01
 -12.740  0.0000E+00  0.4000E+01
 -12.730  0.0000E+00  0.4000E+01
 -12.720  0.0000E+00  0.4000E+01
 -12.710  0.0000E+00  0.4000E+01
 -12.700  0.0000E+00  0.4000E+01
 -12.690  0.0000E+00  0.4000E+01
 -12.680  0.0000E+00  0.4000E+01
 -12.670  0.0000E+00  0.4000E+01
 -12.660  0.0000E+00  0.4000E+01
 -12.650  0.0000E+00  0.4000E+01
 -12.640  0.0000E+00  0.4000E+01
 -12.630  0.0000E+00  0.4000E+01
 -12.620  0.0000E+00  0.4000E+01
 -12.610  0.0000E+00  0.4000E+01
 -12.600  0.0000E+00  0.4000E+01
 -12.590  0.0000E+00  0.4000E+01
 -12.580  0.0000E+00  0.4000E+01
 -12.570  0.0000E+00  0.4000E+01
 -12.560  0.0000E+00  0.4000E+01
 -12.550  0.0000E+00  0.4000E+01
 -12.540  0.0000E+00  0.4000E+01
 -12.530  0.0000E+00  0.4000E+01
 -12.520  0.0000E+00  0.4000E+01
 -12.510  0.0000E+00  0.4000E+01
 -12.500  0.0000E+00  0.4000E+01
 -12.490  0.0000E+00  0.4000E+01
 -12.480  0.0000E+00  0.4000E+01
 -12.470  0.0000E+00  0.4000E+01
 -12.460  0.0000E+00  0.4000E+01
 -12.450  0.0000E+00  0.4000E+01
 -12.440  0.0000E+00  0.4000E+01
 -12.430  0.0000E+00  0.4000E+01
 -12.420  0.0000E+00  0.4000E+01
 -12.410  0.0000E+00  0.4000E+01
 -12.400  0.0000E+00  0.4000E+01
 -12.390  0.0000E+00  0.4000E+01
 -12.380  0.0000E+00  0.4000E+01
 -12.370  0.0000E+00  0.4000E+01
 -12.360  0.0000E+00  0.4000E+01
 -12.350  0.0000E+00  0.4000E+01
 -12.340  0.0000E+00  0.4000E+01
 -12.330  0.0000E+00  0.4000E+01
 -12.320  0.0000E+00  0.4000E+01
 -12.310  0.0000E+00  0.4000E+01
 -12.300  0.0000E+00  0.4000E+01
 -12.290  0.0000E+00  0.4000E+01
 -12.280  0.0000E+00  0.4000E+01
 -12.270  0.0000E+00  0.4000E+01
 -12.260  0.0000E+00  0.4000E+01
 -12.250  0.0000E+00  0.4000E+01
 -12.240  0.0000E+00  0.4000E+01
 -12.230  0.0000E+00  0.4000E+01
 -12.220  0.0000E+00  0.4000E+01
 -12.210  0.0000E+00  0.4000E+01
 -12.200  0.0000E+00  0.4000E+01
 -12.190  0.0000E+00  0.4000E+01
 -12.180  0.0000E+00  0.4000E+01
 -12.170  0.0000E+00  0.4000E+01
 -12.160  0.0000E+00  0.4000E+01
 -12.150  0.0000E+00  0.4000E+01
 -12.140  0.0000E+00  0.4000E+01
 -12.130  0.0000E+00  0.4000E+01
 -12.120  0.0000E+00  0.4000E+01
 -12.110  0.0000E+00  0.4000E+01
 -12.100  0.0000E+00  0.4000E+01
 -12.090  0.0000E+00  0.4000E+01
 -12.080  0.0000E+00  0.4000E+01
 -12.070  0.0000E+00  0.4000E+01
 -12.060  0.0000E+00  0.4000E+01
 -12.050  0.0000E+00  0.4000E+01
 -12.040  0.0000E+00  0.4000E+01
 -12.030  0.0000E+00  0.4000E+01
 -12.020  0.0000E+00  0.4000E+01
 -12.010  0.0000E+00  0.4000E+01
 -12.000  0.0000E+00  0.4000E+01
 -11.990  0.0000E+00  0.4000E+01
 -11.980  0.0000E+00  0.4000E+01
 -11.970  0.0000E+00  0.4000E+01
 -11.960  0.0000E+00  0.4000E+01
 -11.950  0.0000E+00  0.4000E+01
 -11.940  0.0000E+00  0.4000E+01
 -11.930  0.0000E+00  0.4000E+01
 -11.920  0.0000E+00  0.4000E+01
 -11.910  0.0000E+00  0.4000E+01
 -11.900  0.0000E+00  0.4000E+01
 -11.890  0.0000E+00  0.4000E+01
 -11.880  0.0000E+00  0.4000E+01
 -11.870  0.0000E+00  0.4000E+01
 -11.860  0.0000E+00  0.4000E+01
 -11.850  0.0000E+00  0.4000E+01
 -11.840  0.0000E+00  0.4000E+01
 -11.830  0.0000E+00  0.4000E+01
 -11.820  0.0000E+00  0.4000E+01
 -11.810  0.0000E+00  0.4000E+01
 -11.800  0.0000E+00  0.4000E+01
 -11.790  0.0000E+00  0.4000E+01
 -11.780  0.0000E+00  0.4000E+01
 -11.770  0.0000E+00  0.4000E+01
 -11.760  0.0000E+00  0.4000E+01
 -11.750  0.0000E+00  0.4000E+01
 -11.740  0.0000E+00  0.4000E+01
 -11.730  0.0000E+00  0.4000E+01
 -11.720  0.0000E+00  0.4000E+01
 -11.710  0.0000E+00  0.4000E+01
 -11.700  0.0000E+00  0.4000E+01
 -11.690  0.0000E+00  0.4000E+01
 -11.680  0.0000E+00  0.4000E+01
 -11.670  0.0000E+00  0.4000E+01
 -11.660  0.0000E+00  0.4000E+01
 -11.650  0.0000E+00  0.4000E+01
 -11.640  0.0000E+00  0.4000E+01
 -11.630  0.0000E+00  0.4000E+01
 -11.620  0.0000E+00  0.4000E+01
 -11.610  0.0000E+00  0.4000E+01
 -11.600  0.0000E+00  0.4000E+01
 -11.590  0.0000E+00  0.4000E+01
 -11.580  0.0000E+00  0.4000E+01
 -11.570  0.0000E+00  0.4000E+01
 -11.560  0.0000E+00  0.4000E+01
 -11.550  0.0000E+00  0.4000E+01
 -11.540  0.0000E+00  0.4000E+01
 -11.530  0.0000E+00  0.4000E+01
 -11.520  0.0000E+00  0.4000E+01
 -11.510  0.0000E+00  0.4000E+01
 -11.500  0.0000E+00  0.4000E+01
 -11.490  0.0000E+00  0.4000E+01
 -11.480  0.0000E+00  0.4000E+01
 -11.470  0.0000E+00  0.4000E+01
 -11.460  0.0000E+00  0.4000E+01
 -11.450  0.0000E+00  0.4000E+01
 -11.440  0.0000E+00  0.4000E+01
 -11.430  0.0000E+00  0.4000E+01
 -11.420  0.0000E+00  0.4000E+01
 -11.410  0.0000E+00  0.4000E+01
 -11.400  0.0000E+00  0.4000E+01
 -11.390  0.0000E+00  0.4000E+01
 -11.380  0.0000E+00  0.4000E+01
 -11.370  0.0000E+00  0.4000E+01
 -11.360  0.0000E+00  0.4000E+01
 -11.350  0.0000E+00  0.4000E+01
 -11.340  0.0000E+00  0.4000E+01
 -11.330  0.0000E+00  0.4000E+01
 -11.320  0.0000E+00  0.4000E+01
 -11.310  0.0000E+00  0.4000E+01
 -11.300  0.0000E+00  0.4000E+01
 -11.290  0.0000E+00  0.4000E+01
 -11.280  0.0000E+00  0.4000E+01
 -11.270  0.0000E+00  0.4000E+01
 -11.260  0.0000E+00  0.4000E+01
 -11.250  0.0000E+00  0.4000E+01
 -11.240  0.0000E+00  0.4000E+01
 -11.230  0.0000E+00  0.4000E+01
 -11.220  0.0000E+00  0.4000E+01
 -11.210  0.0000E+00  0.4000E+01
 -11.200  0.0000E+00  0.4000E+01
 -11.190  0.0000E+00  0.4000E+01
 -11.180  0.0000E+00  0.4000E+01
 -11.170  0.0000E+00  0.4000E+01
 -11.160  0.0000E+00  0.4000E+01
 -11.150  0.0000E+00  0.4000E+01
 -11.140  0.0000E+00  0.4000E+01
 -11.130  0.0000E+00  0.4000E+01
 -11.120  0.0000E+00  0.4000E+01
 -11.110  0.0000E+00  0.4000E+01
 -11.100  0.0000E+00  0.4000E+01
 -11.090  0.0000E+00  0.4000E+01
 -11.080  0.0000E+00  0.4000E+01
 -11.070  0.0000E+00  0.4000E+01
 -11.060  0.0000E+00  0.4000E+01
 -11.050  0.0000E+00  0.4000E+01
 -11.040  0.0000E+00  0.4000E+01
 -11.030  0.0000E+00  0.4000E+01
 -11.020  0.0000E+00  0.4000E+01
 -11.010  0.0000E+00  0.4000E+01
 -11.000  0.0000E+00  0.4000E+01
 -10.990  0.0000E+00  0.4000E+01
 -10.980  0.0000E+00  0.4000E+01
 -10.970  0.0000E+00  0.4000E+01
 -10.960  0.0000E+00  0.4000E+01
 -10.950  0.0000E+00  0.4000E+01
 -10.940  0.0000E+00  0.4000E+01
 -10.930  0.0000E+00  0.4000E+01
 -10.920  0.0000E+00  0.4000E+01
 -10.910  0.0000E+00  0.4000E+01
 -10.900  0.0000E+00  0.4000E+01
 -10.890  0.0000E+00  0.4000E+01
 -10.880  0.0000E+00  0.4000E+01
 -10.870  0.0000E+00  0.4000E+01
 -10.860  0.0000E+00  0.4000E+01
 -10.850  0.0000E+00  0.4000E+01
 -10.840  0.0000E+00  0.4000E+01
 -10.830  0.0000E+00  0.4000E+01
 -10.820  0.0000E+00  0.4000E+01
 -10.810  0.0000E+00  0.4000E+01
 -10.800  0.0000E+00  0.4000E+01
 -10.790  0.0000E+00  0.4000E+01
 -10.780  0.0000E+00  0.4000E+01
 -10.770  0.0000E+00  0.4000E+01
 -10.760  0.0000E+00  0.4000E+01
 -10.750  0.0000E+00  0.4000E+01
 -10.740  0.0000E+00  0.4000E+01
 -10.730  0.0000E+00  0.4000E+01
 -10.720  0.0000E+00  0.4000E+01
 -10.710  0.0000E+00  0.4000E+01
 -10.700  0.0000E+00  0.4000E+01
 -10.690  0.0000E+00  0.4000E+01
 -10.680  0.0000E+00  0.4000E+01
 -10.670  0.0000E+00  0.4000E+01
 -10.660  0.0000E+00  0.4000E+01
 -10.650  0.0000E+00  0.4000E+01
 -10.640  0.0000E+00  0.4000E+01
 -10.630  0.0000E+00  0.4000E+01
 -10.620  0.0000E+00  0.4000E+01
 -10.610  0.0000E+00  0.4000E+01
 -10.600  0.0000E+00  0.4000E+01
 -10.590  0.0000E+00  0.4000E+01
 -10.580  0.0000E+00  0.4000E+01
 -10.570  0.0000E+00  0.4000E+01
 -10.560  0.0000E+00  0.4000E+01
 -10.550  0.0000E+00  0.4000E+01
 -10.540  0.0000E+00  0.4000E+01
 -10.530  0.0000E+00  0.4000E+01
 -10.520  0.0000E+00  0.4000E+01
 -10.510  0.0000E+00  0.4000E+01
 -10.500  0.0000E+00  0.4000E+01
 -10.490  0.0000E+00  0.4000E+01
 -10.480  0.0000E+00  0.4000E+01
 -10.470  0.0000E+00  0.4000E+01
 -10.460  0.0000E+00  0.4000E+01
 -10.450  0.0000E+00  0.4000E+01
 -10.440  0.0000E+00  0.4000E+01
 -10.430  0.0000E+00  0.4000E+01
 -10.420  0.0000E+00  0.4000E+01
 -10.410  0.0000E+00  0.4000E+01
 -10.400  0.0000E+00  0.4000E+01
 -10.390  0.0000E+00  0.4000E+01
 -10.380  0.0000E+00  0.4000E+01
 -10.370  0.0000E+00  0.4000E+01
 -10.360  0.0000E+00  0.4000E+01
 -10.350  0.0000E+00  0.4000E+01
 -10.340  0.0000E+00  0.4000E+01
 -10.330  0.0000E+00  0.4000E+01
 -10.320  0.0000E+00  0.4000E+01
 -10.310  0.0000E+00  0.4000E+01
 -10.300  0.0000E+00  0.4000E+01
 -10.290  0.0000E+00  0.4000E+01
 -10.280  0.0000E+00  0.4000E+01
 -10.270  0.0000E+00  0.4000E+01
 -10.260  0.0000E+00  0.4000E+01
 -10.250  0.0000E+00  0.4000E+01
 -10.240  0.0000E+00  0.4000E+01
 -10.230  0.0000E+00  0.4000E+01
 -10.220  0.0000E+00  0.4000E+01
 -10.210  0.0000E+00  0.4000E+01
 -10.200  0.0000E+00  0.4000E+01
 -10.190  0.0000E+00  0.4000E+01
 -10.180  0.0000E+00  0.4000E+01
 -10.170  0.0000E+00  0.4000E+01
 -10.160  0.0000E+00  0.4000E+01
 -10.150  0.0000E+00  0.4000E+01
 -10.140  0.0000E+00  0.4000E+01
 -10.130  0.0000E+00  0.4000E+01
 -10.120  0.0000E+00  0.4000E+01
 -10.110  0.0000E+00  0.4000E+01
 -10.100  0.0000E+00  0.4000E+01
 -10.090  0.0000E+00  0.4000E+01
 -10.080  0.0000E+00  0.4000E+01
 -10.070  0.0000E+00  0.4000E+01
 -10.060  0.0000E+00  0.4000E+01
 -10.050  0.0000E+00  0.4000E+01
 -10.040  0.0000E+00  0.4000E+01
 -10.030  0.0000E+00  0.4000E+01
 -10.020  0.0000E+00  0.4000E+01
 -10.010  0.0000E+00  0.4000E+01
 -10.000  0.0000E+00  0.4000E+01
  -9.990  0.0000E+00  0.4000E+01
  -9.980  0.0000E+00  0.4000E+01
  -9.970  0.0000E+00  0.4000E+01
  -9.960  0.0000E+00  0.4000E+01
  -9.950  0.0000E+00  0.4000E+01
  -9.940  0.0000E+00  0.4000E+01
  -9.930  0.0000E+00  0.4000E+01
  -9.920  0.0000E+00  0.4000E+01
  -9.910  0.0000E+00  0.4000E+01
  -9.900  0.0000E+00  0.4000E+01
  -9.890  0.0000E+00  0.4000E+01
  -9.880  0.0000E+00  0.4000E+01
  -9.870  0.0000E+00  0.4000E+01
  -9.860  0.0000E+00  0.4000E+01
  -9.850  0.0000E+00  0.4000E+01
  -9.840  0.0000E+00  0.4000E+01
  -9.830  0.0000E+00  0.4000E+01
  -9.820  0.0000E+00  0.4000E+01
  -9.810  0.0000E+00  0.4000E+01
  -9.800  0.0000E+00  0.4000E+01
  -9.790  0.0000E+00  0.4000E+01
  -9.780  0.0000E+00  0.4000E+01
  -9.770  0.0000E+00  0.4000E+01
  -9.760  0.0000E+00  0.4000E+01
  -9.750  0.0000E+00  0.4000E+01
  -9.740  0.0000E+00  0.4000E+01
  -9.730  0.0000E+00  0.4000E+01
  -9.720  0.0000E+00  0.4000E+01
  -9.710  0.0000E+00  0.4000E+01
  -9.700  0.0000E+00  0.4000E+01
  -9.690  0.0000E+00  0.4000E+01
  -9.680  0.0000E+00  0.4000E+01
  -9.670  0.1283E+00  0.4000E+01
  -9.660  0.5006E+00  0.4005E+01
  -9.650  0.9660E+00  0.4014E+01
  -9.640  0.1143E+01  0.4024E+01
  -9.630  0.1079E+01  0.4035E+01
  -9.620  0.1117E+01  0.4046E+01
  -9.610  0.1110E+01  0.4057E+01
  -9.600  0.1106E+01  0.4069E+01
  -9.590  0.1149E+01  0.4080E+01
  -9.580  0.1093E+01  0.4091E+01
  -9.570  0.1128E+01  0.4102E+01
  -9.560  0.1127E+01  0.4113E+01
  -9.550  0.1157E+01  0.4125E+01
  -9.540  0.1097E+01  0.4136E+01
  -9.530  0.1119E+01  0.4147E+01
  -9.520  0.1155E+01  0.4158E+01
  -9.510  0.1142E+01  0.4170E+01
  -9.500  0.1120E+01  0.4181E+01
  -9.490  0.1119E+01  0.4192E+01
  -9.480  0.1133E+01  0.4204E+01
  -9.470  0.1150E+01  0.4215E+01
  -9.460  0.1151E+01  0.4227E+01
  -9.450  0.1159E+01  0.4238E+01
  -9.440  0.1132E+01  0.4249E+01
  -9.430  0.1135E+01  0.4261E+01
  -9.420  0.1142E+01  0.4272E+01
  -9.410  0.1164E+01  0.4284E+01
  -9.400  0.1165E+01  0.4295E+01
  -9.390  0.1166E+01  0.4307E+01
  -9.380  0.1147E+01  0.4319E+01
  -9.370  0.1149E+01  0.4330E+01
  -9.360  0.1151E+01  0.4342E+01
  -9.350  0.1164E+01  0.4353E+01
  -9.340  0.1180E+01  0.4365E+01
  -9.330  0.1181E+01  0.4377E+01
  -9.320  0.1180E+01  0.4388E+01
  -9.310  0.1163E+01  0.4400E+01
  -9.300  0.1164E+01  0.4412E+01
  -9.290  0.1171E+01  0.4423E+01
  -9.280  0.1177E+01  0.4435E+01
  -9.270  0.1183E+01  0.4447E+01
  -9.260  0.1199E+01  0.4459E+01
  -9.250  0.1198E+01  0.4471E+01
  -9.240  0.1191E+01  0.4483E+01
  -9.230  0.1183E+01  0.4495E+01
  -9.220  0.1183E+01  0.4507E+01
  -9.210  0.1189E+01  0.4518E+01
  -9.200  0.1199E+01  0.4530E+01
  -9.190  0.1207E+01  0.4542E+01
  -9.180  0.1215E+01  0.4554E+01
  -9.170  0.1216E+01  0.4567E+01
  -9.160  0.1216E+01  0.4579E+01
  -9.150  0.1209E+01  0.4591E+01
  -9.140  0.1209E+01  0.4603E+01
  -9.130  0.1209E+01  0.4615E+01
  -9.120  0.1215E+01  0.4627E+01
  -9.110  0.1223E+01  0.4639E+01
  -9.100  0.1234E+01  0.4652E+01
  -9.090  0.1243E+01  0.4664E+01
  -9.080  0.1239E+01  0.4676E+01
  -9.070  0.1241E+01  0.4689E+01
  -9.060  0.1233E+01  0.4701E+01
  -9.050  0.1237E+01  0.4714E+01
  -9.040  0.1240E+01  0.4726E+01
  -9.030  0.1244E+01  0.4738E+01
  -9.020  0.1248E+01  0.4751E+01
  -9.010  0.1256E+01  0.4763E+01
  -9.000  0.1267E+01  0.4776E+01
  -8.990  0.1277E+01  0.4789E+01
  -8.980  0.1272E+01  0.4801E+01
  -8.970  0.1266E+01  0.4814E+01
  -8.960  0.1266E+01  0.4827E+01
  -8.950  0.1268E+01  0.4839E+01
  -8.940  0.1275E+01  0.4852E+01
  -8.930  0.1281E+01  0.4865E+01
  -8.920  0.1286E+01  0.4878E+01
  -8.910  0.1291E+01  0.4891E+01
  -8.900  0.1300E+01  0.4904E+01
  -8.890  0.1308E+01  0.4917E+01
  -8.880  0.1310E+01  0.4930E+01
  -8.870  0.1306E+01  0.4943E+01
  -8.860  0.1305E+01  0.4956E+01
  -8.850  0.1306E+01  0.4969E+01
  -8.840  0.1312E+01  0.4982E+01
  -8.830  0.1320E+01  0.4995E+01
  -8.820  0.1327E+01  0.5008E+01
  -8.810  0.1334E+01  0.5022E+01
  -8.800  0.1340E+01  0.5035E+01
  -8.790  0.1346E+01  0.5049E+01
  -8.780  0.1349E+01  0.5062E+01
  -8.770  0.1351E+01  0.5076E+01
  -8.760  0.1353E+01  0.5089E+01
  -8.750  0.1355E+01  0.5103E+01
  -8.740  0.1359E+01  0.5116E+01
  -8.730  0.1362E+01  0.5130E+01
  -8.720  0.1370E+01  0.5143E+01
  -8.710  0.1376E+01  0.5157E+01
  -8.700  0.1387E+01  0.5171E+01
  -8.690  0.1395E+01  0.5185E+01
  -8.680  0.1403E+01  0.5199E+01
  -8.670  0.1403E+01  0.5213E+01
  -8.660  0.1403E+01  0.5227E+01
  -8.650  0.1407E+01  0.5241E+01
  -8.640  0.1414E+01  0.5255E+01
  -8.630  0.1420E+01  0.5269E+01
  -8.620  0.1425E+01  0.5283E+01
  -8.610  0.1431E+01  0.5298E+01
  -8.600  0.1436E+01  0.5312E+01
  -8.590  0.1447E+01  0.5327E+01
  -8.580  0.1459E+01  0.5341E+01
  -8.570  0.1468E+01  0.5356E+01
  -8.560  0.1471E+01  0.5370E+01
  -8.550  0.1473E+01  0.5385E+01
  -8.540  0.1475E+01  0.5400E+01
  -8.530  0.1482E+01  0.5415E+01
  -8.520  0.1491E+01  0.5429E+01
  -8.510  0.1501E+01  0.5444E+01
  -8.500  0.1508E+01  0.5459E+01
  -8.490  0.1516E+01  0.5475E+01
  -8.480  0.1523E+01  0.5490E+01
  -8.470  0.1534E+01  0.5505E+01
  -8.460  0.1543E+01  0.5520E+01
  -8.450  0.1554E+01  0.5536E+01
  -8.440  0.1560E+01  0.5552E+01
  -8.430  0.1565E+01  0.5567E+01
  -8.420  0.1570E+01  0.5583E+01
  -8.410  0.1579E+01  0.5599E+01
  -8.400  0.1589E+01  0.5614E+01
  -8.390  0.1602E+01  0.5630E+01
  -8.380  0.1613E+01  0.5646E+01
  -8.370  0.1623E+01  0.5663E+01
  -8.360  0.1632E+01  0.5679E+01
  -8.350  0.1642E+01  0.5695E+01
  -8.340  0.1654E+01  0.5712E+01
  -8.330  0.1669E+01  0.5728E+01
  -8.320  0.1677E+01  0.5745E+01
  -8.310  0.1687E+01  0.5762E+01
  -8.300  0.1696E+01  0.5779E+01
  -8.290  0.1706E+01  0.5796E+01
  -8.280  0.1721E+01  0.5813E+01
  -8.270  0.1737E+01  0.5830E+01
  -8.260  0.1752E+01  0.5848E+01
  -8.250  0.1765E+01  0.5865E+01
  -8.240  0.1778E+01  0.5883E+01
  -8.230  0.1789E+01  0.5901E+01
  -8.220  0.1806E+01  0.5919E+01
  -8.210  0.1824E+01  0.5937E+01
  -8.200  0.1839E+01  0.5955E+01
  -8.190  0.1854E+01  0.5974E+01
  -8.180  0.1867E+01  0.5992E+01
  -8.170  0.1884E+01  0.6011E+01
  -8.160  0.1904E+01  0.6030E+01
  -8.150  0.1927E+01  0.6049E+01
  -8.140  0.1946E+01  0.6069E+01
  -8.130  0.1964E+01  0.6088E+01
  -8.120  0.1981E+01  0.6108E+01
  -8.110  0.2005E+01  0.6128E+01
  -8.100  0.2032E+01  0.6148E+01
  -8.090  0.2056E+01  0.6168E+01
  -8.080  0.2078E+01  0.6189E+01
  -8.070  0.2099E+01  0.6210E+01
  -8.060  0.2125E+01  0.6231E+01
  -8.050  0.2154E+01  0.6252E+01
  -8.040  0.2187E+01  0.6274E+01
  -8.030  0.2214E+01  0.6296E+01
  -8.020  0.2240E+01  0.6318E+01
  -8.010  0.2277E+01  0.6341E+01
  -8.000  0.2313E+01  0.6364E+01
  -7.990  0.2358E+01  0.6387E+01
  -7.980  0.2395E+01  0.6411E+01
  -7.970  0.2429E+01  0.6435E+01
  -7.960  0.2477E+01  0.6460E+01
  -7.950  0.2526E+01  0.6485E+01
  -7.940  0.2574E+01  0.6510E+01
  -7.930  0.2617E+01  0.6536E+01
  -7.920  0.2678E+01  0.6563E+01
  -7.910  0.2749E+01  0.6590E+01
  -7.900  0.2823E+01  0.6618E+01
  -7.890  0.2890E+01  0.6646E+01
  -7.880  0.2980E+01  0.6676E+01
  -7.870  0.3071E+01  0.6706E+01
  -7.860  0.3165E+01  0.6737E+01
  -7.850  0.3280E+01  0.6769E+01
  -7.840  0.3410E+01  0.6803E+01
  -7.830  0.3540E+01  0.6837E+01
  -7.820  0.3755E+01  0.6874E+01
  -7.810  0.3990E+01  0.6912E+01
  -7.800  0.4354E+01  0.6954E+01
  -7.790  0.4845E+01  0.6999E+01
  -7.780  0.6730E+01  0.7054E+01
  -7.770  0.5702E+01  0.7112E+01
  -7.760  0.5276E+01  0.7170E+01
  -7.750  0.4414E+01  0.7217E+01
  -7.740  0.4046E+01  0.7260E+01
  -7.730  0.3988E+01  0.7301E+01
  -7.720  0.3728E+01  0.7339E+01
  -7.710  0.3535E+01  0.7375E+01
  -7.700  0.3347E+01  0.7410E+01
  -7.690  0.3277E+01  0.7442E+01
  -7.680  0.3103E+01  0.7474E+01
  -7.670  0.3097E+01  0.7505E+01
  -7.660  0.3006E+01  0.7536E+01
  -7.650  0.2932E+01  0.7565E+01
  -7.640  0.2775E+01  0.7594E+01
  -7.630  0.2747E+01  0.7622E+01
  -7.620  0.2627E+01  0.7648E+01
  -7.610  0.2656E+01  0.7675E+01
  -7.600  0.2581E+01  0.7701E+01
  -7.590  0.2567E+01  0.7727E+01
  -7.580  0.2431E+01  0.7752E+01
  -7.570  0.2405E+01  0.7777E+01
  -7.560  0.2441E+01  0.7800E+01
  -7.550  0.2326E+01  0.7824E+01
  -7.540  0.2297E+01  0.7847E+01
  -7.530  0.2195E+01  0.7870E+01
  -7.520  0.2329E+01  0.7892E+01
  -7.510  0.2254E+01  0.7915E+01
  -7.500  0.2009E+01  0.7936E+01
  -7.490  0.2079E+01  0.7958E+01
  -7.480  0.2173E+01  0.7979E+01
  -7.470  0.8694E+00  0.7992E+01
  -7.460  0.0000E+00  0.8000E+01
  -7.450  0.0000E+00  0.8000E+01
  -7.440  0.0000E+00  0.8000E+01
  -7.430  0.0000E+00  0.8000E+01
  -7.420  0.0000E+00  0.8000E+01
  -7.410  0.0000E+00  0.8000E+01
  -7.400  0.0000E+00  0.8000E+01
  -7.390  0.0000E+00  0.8000E+01
  -7.380  0.0000E+00  0.8000E+01
  -7.370  0.0000E+00  0.8000E+01
  -7.360  0.0000E+00  0.8000E+01
  -7.350  0.0000E+00  0.8000E+01
  -7.340  0.0000E+00  0.8000E+01
  -7.330  0.0000E+00  0.8000E+01
  -7.320  0.0000E+00  0.8000E+01
  -7.310  0.0000E+00  0.8000E+01
  -7.300  0.0000E+00  0.8000E+01
  -7.290  0.0000E+00  0.8000E+01
  -7.280  0.0000E+00  0.8000E+01
  -7.270  0.0000E+00  0.8000E+01
  -7.260  0.0000E+00  0.8000E+01
  -7.250  0.0000E+00  0.8000E+01
  -7.240  0.0000E+00  0.8000E+01
  -7.230  0.0000E+00  0.8000E+01
  -7.220  0.0000E+00  0.8000E+01
  -7.210  0.0000E+00  0.8000E+01
  -7.200  0.0000E+00  0.8000E+01
  -7.190  0.0000E+00  0.8000E+01
  -7.180  0.0000E+00  0.8000E+01
  -7.170  0.0000E+00  0.8000E+01
  -7.160  0.0000E+00  0.8000E+01
  -7.150  0.0000E+00  0.8000E+01
  -7.140  0.0000E+00  0.8000E+01
  -7.130  0.0000E+00  0.8000E+01
  -7.120  0.0000E+00  0.8000E+01
  -7.110  0.0000E+00  0.8000E+01
  -7.100  0.0000E+00  0.8000E+01
  -7.090  0.0000E+00  0.8000E+01
  -7.080  0.0000E+00  0.8000E+01
  -7.070  0.0000E+00  0.8000E+01
  -7.060  0.0000E+00  0.8000E+01
  -7.050  0.0000E+00  0.8000E+01
  -7.040  0.0000E+00  0.8000E+01
  -7.030  0.0000E+00  0.8000E+01
  -7.020  0.0000E+00  0.8000E+01
  -7.010  0.0000E+00  0.8000E+01
  -7.000  0.0000E+00  0.8000E+01
  -6.990  0.0000E+00  0.8000E+01
  -6.980  0.0000E+00  0.8000E+01
  -6.970  0.0000E+00  0.8000E+01
  -6.960  0.0000E+00  0.8000E+01
  -6.950  0.0000E+00  0.8000E+01
  -6.940  0.0000E+00  0.8000E+01
  -6.930  0.0000E+00  0.8000E+01
  -6.920  0.0000E+00  0.8000E+01
  -6.910  0.0000E+00  0.8000E+01
  -6.900  0.0000E+00  0.8000E+01
  -6.890  0.0000E+00  0.8000E+01
  -6.880  0.0000E+00  0.8000E+01
  -6.870  0.0000E+00  0.8000E+01
  -6.860  0.0000E+00  0.8000E+01
  -6.850  0.0000E+00  0.8000E+01
  -6.840  0.0000E+00  0.8000E+01
  -6.830  0.0000E+00  0.8000E+01
  -6.820  0.0000E+00  0.8000E+01
  -6.810  0.0000E+00  0.8000E+01
  -6.800  0.0000E+00  0.8000E+01
  -6.790  0.0000E+00  0.8000E+01
  -6.780  0.0000E+00  0.8000E+01
  -6.770  0.0000E+00  0.8000E+01
  -6.760  0.0000E+00  0.8000E+01
  -6.750  0.0000E+00  0.8000E+01
  -6.740  0.0000E+00  0.8000E+01
  -6.730  0.0000E+00  0.8000E+01
  -6.720  0.0000E+00  0.8000E+01
  -6.710  0.0000E+00  0.8000E+01
  -6.700  0.0000E+00  0.8000E+01
  -6.690  0.0000E+00  0.8000E+01
  -6.680  0.0000E+00  0.8000E+01
  -6.670  0.0000E+00  0.8000E+01
  -6.660  0.0000E+00  0.8000E+01
  -6.650  0.0000E+00  0.8000E+01
  -6.640  0.0000E+00  0.8000E+01
  -6.630  0.0000E+00  0.8000E+01
  -6.620  0.0000E+00  0.8000E+01
  -6.610  0.0000E+00  0.8000E+01
  -6.600  0.0000E+00  0.8000E+01
  -6.590  0.0000E+00  0.8000E+01
  -6.580  0.0000E+00  0.8000E+01
  -6.570  0.0000E+00  0.8000E+01
  -6.560  0.0000E+00  0.8000E+01
  -6.550  0.0000E+00  0.8000E+01
  -6.540  0.0000E+00  0.8000E+01
  -6.530  0.0000E+00  0.8000E+01
  -6.520  0.0000E+00  0.8000E+01
  -6.510  0.0000E+00  0.8000E+01
  -6.500  0.0000E+00  0.8000E+01
  -6.490  0.0000E+00  0.8000E+01
  -6.480  0.0000E+00  0.8000E+01
  -6.470  0.0000E+00  0.8000E+01
  -6.460  0.0000E+00  0.8000E+01
  -6.450  0.0000E+00  0.8000E+01
  -6.440  0.0000E+00  0.8000E+01
  -6.430  0.0000E+00  0.8000E+01
  -6.420  0.0000E+00  0.8000E+01
  -6.410  0.0000E+00  0.8000E+01
  -6.400  0.0000E+00  0.8000E+01
  -6.390  0.0000E+00  0.8000E+01
  -6.380  0.0000E+00  0.8000E+01
  -6.370  0.0000E+00  0.8000E+01
  -6.360  0.0000E+00  0.8000E+01
  -6.350  0.0000E+00  0.8000E+01
  -6.340  0.0000E+00  0.8000E+01
  -6.330  0.0000E+00  0.8000E+01
  -6.320  0.0000E+00  0.8000E+01
  -6.310  0.0000E+00  0.8000E+01
  -6.300  0.0000E+00  0.8000E+01
  -6.290  0.0000E+00  0.8000E+01
  -6.280  0.0000E+00  0.8000E+01
  -6.270  0.0000E+00  0.8000E+01
  -6.260  0.0000E+00  0.8000E+01
  -6.250  0.0000E+00  0.8000E+01
  -6.240  0.0000E+00  0.8000E+01
  -6.230  0.0000E+00  0.8000E+01
  -6.220  0.0000E+00  0.8000E+01
  -6.210  0.0000E+00  0.8000E+01
  -6.200  0.0000E+00  0.8000E+01
  -6.190  0.0000E+00  0.8000E+01
  -6.180  0.0000E+00  0.8000E+01
  -6.170  0.0000E+00  0.8000E+01
  -6.160  0.0000E+00  0.8000E+01
  -6.150  0.0000E+00  0.8000E+01
  -6.140  0.0000E+00  0.8000E+01
  -6.130  0.0000E+00  0.8000E+01
  -6.120  0.0000E+00  0.8000E+01
  -6.110  0.0000E+00  0.8000E+01
  -6.100  0.0000E+00  0.8000E+01
  -6.090  0.0000E+00  0.8000E+01
  -6.080  0.0000E+00  0.8000E+01
  -6.070  0.0000E+00  0.8000E+01
  -6.060  0.0000E+00  0.8000E+01
  -6.050  0.0000E+00  0.8000E+01
  -6.040  0.0000E+00  0.8000E+01
  -6.030  0.0000E+00  0.8000E+01
  -6.020  0.0000E+00  0.8000E+01
  -6.010  0.0000E+00  0.8000E+01
  -6.000  0.0000E+00  0.8000E+01
  -5.990  0.0000E+00  0.8000E+01
  -5.980  0.0000E+00  0.8000E+01
  -5.970  0.0000E+00  0.8000E+01
  -5.960  0.0000E+00  0.8000E+01
  -5.950  0.0000E+00  0.8000E+01
  -5.940  0.0000E+00  0.8000E+01
  -5.930  0.0000E+00  0.8000E+01
  -5.920  0.0000E+00  0.8000E+01
  -5.910  0.0000E+00  0.8000E+01
  -5.900  0.0000E+00  0.8000E+01
  -5.890  0.0000E+00  0.8000E+01
  -5.880  0.0000E+00  0.8000E+01
  -5.870  0.0000E+00  0.8000E+01
  -5.860  0.0000E+00  0.8000E+01
  -5.850  0.0000E+00  0.8000E+01
  -5.840  0.0000E+00  0.8000E+01
  -5.830  0.0000E+00  0.8000E+01
  -5.820  0.0000E+00  0.8000E+01
  -5.810  0.0000E+00  0.8000E+01
  -5.800  0.0000E+00  0.8000E+01
  -5.790  0.0000E+00  0.8000E+01
  -5.780  0.0000E+00  0.8000E+01
  -5.770  0.0000E+00  0.8000E+01
  -5.760  0.0000E+00  0.8000E+01
  -5.750  0.0000E+00  0.8000E+01
  -5.740  0.0000E+00  0.8000E+01
  -5.730  0.0000E+00  0.8000E+01
  -5.720  0.0000E+00  0.8000E+01
  -5.710  0.0000E+00  0.8000E+01
  -5.700  0.0000E+00  0.8000E+01
  -5.690  0.0000E+00  0.8000E+01
  -5.680  0.0000E+00  0.8000E+01
  -5.670  0.0000E+00  0.8000E+01
  -5.660  0.0000E+00  0.8000E+01
  -5.650  0.0000E+00  0.8000E+01
  -5.640  0.0000E+00  0.8000E+01
  -5.630  0.0000E+00  0.8000E+01
  -5.620  0.0000E+00  0.8000E+01
  -5.610  0.0000E+00  0.8000E+01
  -5.600  0.0000E+00  0.8000E+01
  -5.590  0.0000E+00  0.8000E+01
  -5.580  0.0000E+00  0.8000E+01
  -5.570  0.0000E+00  0.8000E+01
  -5.560  0.0000E+00  0.8000E+01
  -5.550  0.0000E+00  0.8000E+01
  -5.540  0.0000E+00  0.8000E+01
  -5.530  0.0000E+00  0.8000E+01
  -5.520  0.0000E+00  0.8000E+01
  -5.510  0.0000E+00  0.8000E+01
  -5.500  0.0000E+00  0.8000E+01
  -5.490  0.0000E+00  0.8000E+01
  -5.480  0.0000E+00  0.8000E+01
  -5.470  0.0000E+00  0.8000E+01
  -5.460  0.0000E+00  0.8000E+01
  -5.450  0.0000E+00  0.8000E+01
  -5.440  0.0000E+00  0.8000E+01
  -5.430  0.0000E+00  0.8000E+01
  -5.420  0.0000E+00  0.8000E+01
  -5.410  0.0000E+00  0.8000E+01
  -5.400  0.0000E+00  0.8000E+01
  -5.390  0.0000E+00  0.8000E+01
  -5.380  0.0000E+00  0.8000E+01
  -5.370  0.0000E+00  0.8000E+01
  -5.360  0.0000E+00  0.8000E+01
  -5.350  0.0000E+00  0.8000E+01
  -5.340  0.0000E+00  0.8000E+01
  -5.330  0.0000E+00  0.8000E+01
  -5.320  0.0000E+00  0.8000E+01
  -5.310  0.0000E+00  0.8000E+01
  -5.300  0.0000E+00  0.8000E+01
  -5.290  0.0000E+00  0.8000E+01
  -5.280  0.0000E+00  0.8000E+01
  -5.270  0.0000E+00  0.8000E+01
  -5.260  0.0000E+00  0.8000E+01
  -5.250  0.0000E+00  0.8000E+01
  -5.240  0.0000E+00  0.8000E+01
  -5.230  0.0000E+00  0.8000E+01
  -5.220  0.0000E+00  0.8000E+01
  -5.210  0.0000E+00  0.8000E+01
  -5.200  0.0000E+00  0.8000E+01
  -5.190  0.0000E+00  0.8000E+01
  -5.180  0.0000E+00  0.8000E+01
  -5.170  0.0000E+00  0.8000E+01
  -5.160  0.0000E+00  0.8000E+01
  -5.150  0.0000E+00  0.8000E+01
  -5.140  0.0000E+00  0.8000E+01
  -5.130  0.0000E+00  0.8000E+01
  -5.120  0.0000E+00  0.8000E+01
  -5.110  0.0000E+00  0.8000E+01
  -5.100  0.0000E+00  0.8000E+01
  -5.090  0.0000E+00  0.8000E+01
  -5.080  0.0000E+00  0.8000E+01
  -5.070  0.0000E+00  0.8000E+01
  -5.060  0.0000E+00  0.8000E+01
  -5.050  0.0000E+00  0.8000E+01
  -5.040  0.0000E+00  0.8000E+01
  -5.030  0.0000E+00  0.8000E+01
  -5.020  0.0000E+00  0.8000E+01
  -5.010  0.0000E+00  0.8000E+01
  -5.000  0.0000E+00  0.8000E+01
  -4.990  0.0000E+00  0.8000E+01
  -4.980  0.0000E+00  0.8000E+01
  -4.970  0.0000E+00  0.8000E+01
  -4.960  0.0000E+00  0.8000E+01
  -4.950  0.0000E+00  0.8000E+01
  -4.940  0.0000E+00  0.8000E+01
  -4.930  0.0000E+00  0.8000E+01
  -4.920  0.0000E+00  0.8000E+01
  -4.910  0.0000E+00  0.8000E+01
  -4.900  0.0000E+00  0.8000E+01
  -4.890  0.0000E+00  0.8000E+01
  -4.880  0.0000E+00  0.8000E+01
  -4.870  0.0000E+00  0.8000E+01
  -4.860  0.0000E+00  0.8000E+01
  -4.850  0.0000E+00  0.8000E+01
  -4.840  0.0000E+00  0.8000E+01
  -4.830  0.0000E+00  0.8000E+01
  -4.820  0.0000E+00  0.8000E+01
  -4.810  0.0000E+00  0.8000E+01
  -4.800  0.0000E+00  0.8000E+01
  -4.790  0.0000E+00  0.8000E+01
  -4.780  0.0000E+00  0.8000E+01
  -4.770  0.0000E+00  0.8000E+01
  -4.760  0.0000E+00  0.8000E+01
  -4.750  0.0000E+00  0.8000E+01
  -4.740  0.0000E+00  0.8000E+01
  -4.730  0.0000E+00  0.8000E+01
  -4.720  0.0000E+00  0.8000E+01
  -4.710  0.0000E+00  0.8000E+01
  -4.700  0.0000E+00  0.8000E+01
  -4.690  0.0000E+00  0.8000E+01
  -4.680  0.0000E+00  0.8000E+01
  -4.670  0.0000E+00  0.8000E+01
  -4.660  0.0000E+00  0.8000E+01
  -4.650  0.0000E+00  0.8000E+01
  -4.640  0.0000E+00  0.8000E+01
  -4.630  0.0000E+00  0.8000E+01
  -4.620  0.0000E+00  0.8000E+01
  -4.610  0.0000E+00  0.8000E+01
  -4.600  0.0000E+00  0.8000E+01
  -4.590  0.0000E+00  0.8000E+01
  -4.580  0.0000E+00  0.8000E+01
  -4.570  0.0000E+00  0.8000E+01
  -4.560  0.0000E+00  0.8000E+01
  -4.550  0.0000E+00  0.8000E+01
  -4.540  0.0000E+00  0.8000E+01
  -4.530  0.0000E+00  0.8000E+01
  -4.520  0.0000E+00  0.8000E+01
  -4.510  0.0000E+00  0.8000E+01
  -4.500  0.0000E+00  0.8000E+01
  -4.490  0.0000E+00  0.8000E+01
  -4.480  0.0000E+00  0.8000E+01
  -4.470  0.0000E+00  0.8000E+01
  -4.460  0.0000E+00  0.8000E+01
  -4.450  0.0000E+00  0.8000E+01
  -4.440  0.0000E+00  0.8000E+01
  -4.430  0.0000E+00  0.8000E+01
  -4.420  0.0000E+00  0.8000E+01
  -4.410  0.0000E+00  0.8000E+01
  -4.400  0.0000E+00  0.8000E+01
  -4.390  0.0000E+00  0.8000E+01
  -4.380  0.0000E+00  0.8000E+01
  -4.370  0.0000E+00  0.8000E+01
  -4.360  0.0000E+00  0.8000E+01
  -4.350  0.0000E+00  0.8000E+01
  -4.340  0.0000E+00  0.8000E+01
  -4.330  0.0000E+00  0.8000E+01
  -4.320  0.0000E+00  0.8000E+01
  -4.310  0.0000E+00  0.8000E+01
  -4.300  0.0000E+00  0.8000E+01
  -4.290  0.0000E+00  0.8000E+01
  -4.280  0.0000E+00  0.8000E+01
  -4.270  0.0000E+00  0.8000E+01
  -4.260  0.0000E+00  0.8000E+01
  -4.250  0.0000E+00  0.8000E+01
  -4.240  0.0000E+00  0.8000E+01
  -4.230  0.0000E+00  0.8000E+01
  -4.220  0.0000E+00  0.8000E+01
  -4.210  0.0000E+00  0.8000E+01
  -4.200  0.0000E+00  0.8000E+01
  -4.190  0.0000E+00  0.8000E+01
  -4.180  0.0000E+00  0.8000E+01
  -4.170  0.0000E+00  0.8000E+01
  -4.160  0.0000E+00  0.8000E+01
  -4.150  0.0000E+00  0.8000E+01
  -4.140  0.0000E+00  0.8000E+01
  -4.130  0.0000E+00  0.8000E+01
  -4.120  0.0000E+00  0.8000E+01
  -4.110  0.0000E+00  0.8000E+01
  -4.100  0.0000E+00  0.8000E+01
  -4.090  0.0000E+00  0.8000E+01
  -4.080  0.0000E+00  0.8000E+01
  -4.070  0.0000E+00  0.8000E+01
  -4.060  0.0000E+00  0.8000E+01
  -4.050  0.0000E+00  0.8000E+01
  -4.040  0.0000E+00  0.8000E+01
  -4.030  0.0000E+00  0.8000E+01
  -4.020  0.0000E+00  0.8000E+01
  -4.010  0.0000E+00  0.8000E+01
  -4.000  0.0000E+00  0.8000E+01
  -3.990  0.0000E+00  0.8000E+01
  -3.980  0.0000E+00  0.8000E+01
  -3.970  0.0000E+00  0.8000E+01
  -3.960  0.0000E+00  0.8000E+01
  -3.950  0.0000E+00  0.8000E+01
  -3.940  0.0000E+00  0.8000E+01
  -3.930  0.0000E+00  0.8000E+01
  -3.920  0.0000E+00  0.8000E+01
  -3.910  0.0000E+00  0.8000E+01
  -3.900  0.0000E+00  0.8000E+01
  -3.890  0.0000E+00  0.8000E+01
  -3.880  0.0000E+00  0.8000E+01
  -3.870  0.0000E+00  0.8000E+01
  -3.860  0.0000E+00  0.8000E+01
  -3.850  0.0000E+00  0.8000E+01
  -3.840  0.0000E+00  0.8000E+01
  -3.830  0.0000E+00  0.8000E+01
  -3.820  0.0000E+00  0.8000E+01
  -3.810  0.0000E+00  0.8000E+01
  -3.800  0.0000E+00  0.8000E+01
  -3.790  0.0000E+00  0.8000E+01
  -3.780  0.0000E+00  0.8000E+01
  -3.770  0.0000E+00  0.8000E+01
  -3.760  0.0000E+00  0.8000E+01
  -3.750  0.0000E+00  0.8000E+01
  -3.740  0.0000E+00  0.8000E+01
  -3.730  0.0000E+00  0.8000E+01
  -3.720  0.0000E+00  0.8000E+01
  -3.710  0.0000E+00  0.8000E+01
  -3.700  0.0000E+00  0.8000E+01
  -3.690  0.0000E+00  0.8000E+01
  -3.680  0.0000E+00  0.8000E+01
  -3.670  0.0000E+00  0.8000E+01
  -3.660  0.0000E+00  0.8000E+01
  -3.650  0.0000E+00  0.8000E+01
  -3.640  0.0000E+00  0.8000E+01
  -3.630  0.0000E+00  0.8000E+01
  -3.620  0.0000E+00  0.8000E+01
  -3.610  0.0000E+00  0.8000E+01
  -3.600  0.0000E+00  0.8000E+01
  -3.590  0.0000E+00  0.8000E+01
  -3.580  0.0000E+00  0.8000E+01
  -3.570  0.0000E+00  0.8000E+01
  -3.560  0.0000E+00  0.8000E+01
  -3.550  0.0000E+00  0.8000E+01
  -3.540  0.0000E+00  0.8000E+01
  -3.530  0.0000E+00  0.8000E+01
  -3.520  0.0000E+00  0.8000E+01
  -3.510  0.0000E+00  0.8000E+01
  -3.500  0.0000E+00  0.8000E+01
  -3.490  0.0000E+00  0.8000E+01
  -3.480  0.0000E+00  0.8000E+01
  -3.470  0.0000E+00  0.8000E+01
  -3.460  0.0000E+00  0.8000E+01
  -3.450  0.0000E+00  0.8000E+01
  -3.440  0.0000E+00  0.8000E+01
  -3.430  0.0000E+00  0.8000E+01
  -3.420  0.0000E+00  0.8000E+01
  -3.410  0.0000E+00  0.8000E+01
  -3.400  0.0000E+00  0.8000E+01
  -3.390  0.0000E+00  0.8000E+01
  -3.380  0.0000E+00  0.8000E+01
  -3.370  0.0000E+00  0.8000E+01
  -3.360  0.0000E+00  0.8000E+01
  -3.350  0.0000E+00  0.8000E+01
  -3.340  0.0000E+00  0.8000E+01
  -3.330  0.0000E+00  0.8000E+01
  -3.320  0.0000E+00  0.8000E+01
  -3.310  0.0000E+00  0.8000E+01
  -3.300  0.0000E+00  0.8000E+01
  -3.290  0.0000E+00  0.8000E+01
  -3.280  0.0000E+00  0.8000E+01
  -3.270  0.0000E+00  0.8000E+01
  -3.260  0.0000E+00  0.8000E+01
  -3.250  0.0000E+00  0.8000E+01
  -3.240  0.0000E+00  0.8000E+01
  -3.230  0.0000E+00  0.8000E+01
  -3.220  0.0000E+00  0.8000E+01
  -3.210  0.0000E+00  0.8000E+01
  -3.200  0.0000E+00  0.8000E+01
  -3.190  0.0000E+00  0.8000E+01
  -3.180  0.0000E+00  0.8000E+01
  -3.170  0.0000E+00  0.8000E+01
  -3.160  0.0000E+00  0.8000E+01
  -3.150  0.0000E+00  0.8000E+01
  -3.140  0.0000E+00  0.8000E+01
  -3.130  0.0000E+00  0.8000E+01
  -3.120  0.0000E+00  0.8000E+01
  -3.110  0.8147E+00  0.8002E+01
  -3.100  0.1387E+01  0.8016E+01
  -3.090  0.3908E+01  0.8036E+01
  -3.080  0.3039E+01  0.8066E+01
  -3.070  0.2987E+01  0.8096E+01
  -3.060  0.2932E+01  0.8126E+01
  -3.050  0.3069E+01  0.8157E+01
  -3.040  0.3092E+01  0.8187E+01
  -3.030  0.3102E+01  0.8218E+01
  -3.020  0.3115E+01  0.8249E+01
  -3.010  0.3106E+01  0.8280E+01
  -3.000  0.3125E+01  0.8311E+01
  -2.990  0.3184E+01  0.8343E+01
  -2.980  0.3174E+01  0.8375E+01
  -2.970  0.3286E+01  0.8407E+01
  -2.960  0.3194E+01  0.8439E+01
  -2.950  0.3256E+01  0.8472E+01
  -2.940  0.3312E+01  0.8504E+01
  -2.930  0.3331E+01  0.8538E+01
  -2.920  0.3382E+01  0.8572E+01
  -2.910  0.3341E+01  0.8605E+01
  -2.900  0.3398E+01  0.8639E+01
  -2.890  0.3460E+01  0.8673E+01
  -2.880  0.3528E+01  0.8708E+01
  -2.870  0.3525E+01  0.8743E+01
  -2.860  0.3569E+01  0.8779E+01
  -2.850  0.3587E+01  0.8814E+01
  -2.840  0.3649E+01  0.8851E+01
  -2.830  0.3707E+01  0.8887E+01
  -2.820  0.3795E+01  0.8925E+01
  -2.810  0.3794E+01  0.8963E+01
  -2.800  0.3862E+01  0.9001E+01
  -2.790  0.3922E+01  0.9040E+01
  -2.780  0.4001E+01  0.9080E+01
  -2.770  0.4086E+01  0.9120E+01
  -2.760  0.4191E+01  0.9161E+01
  -2.750  0.4304E+01  0.9204E+01
  -2.740  0.4358E+01  0.9247E+01
  -2.730  0.4479E+01  0.9291E+01
  -2.720  0.4642E+01  0.9337E+01
  -2.710  0.4828E+01  0.9384E+01
  -2.700  0.5102E+01  0.9433E+01
  -2.690  0.5305E+01  0.9485E+01
  -2.680  0.5765E+01  0.9541E+01
  -2.670  0.6522E+01  0.9601E+01
  -2.660  0.7094E+01  0.9673E+01
  -2.650  0.7226E+01  0.9743E+01
  -2.640  0.6513E+01  0.9815E+01
  -2.630  0.5493E+01  0.9873E+01
  -2.620  0.5016E+01  0.9926E+01
  -2.610  0.4615E+01  0.9974E+01
  -2.600  0.4371E+01  0.1002E+02
  -2.590  0.4051E+01  0.1006E+02
  -2.580  0.3963E+01  0.1010E+02
  -2.570  0.3725E+01  0.1014E+02
  -2.560  0.3595E+01  0.1018E+02
  -2.550  0.3458E+01  0.1021E+02
  -2.540  0.3289E+01  0.1025E+02
  -2.530  0.3172E+01  0.1028E+02
  -2.520  0.3104E+01  0.1031E+02
  -2.510  0.2985E+01  0.1034E+02
  -2.500  0.2939E+01  0.1037E+02
  -2.490  0.2791E+01  0.1040E+02
  -2.480  0.2654E+01  0.1043E+02
  -2.470  0.2554E+01  0.1045E+02
  -2.460  0.2366E+01  0.1048E+02
  -2.450  0.2174E+01  0.1050E+02
  -2.440  0.2012E+01  0.1052E+02
  -2.430  0.1882E+01  0.1054E+02
  -2.420  0.1851E+01  0.1056E+02
  -2.410  0.1827E+01  0.1058E+02
  -2.400  0.1805E+01  0.1060E+02
  -2.390  0.1786E+01  0.1062E+02
  -2.380  0.1761E+01  0.1063E+02
  -2.370  0.1736E+01  0.1065E+02
  -2.360  0.1712E+01  0.1067E+02
  -2.350  0.1691E+01  0.1069E+02
  -2.340  0.1674E+01  0.1070E+02
  -2.330  0.1664E+01  0.1072E+02
  -2.320  0.1648E+01  0.1074E+02
  -2.310  0.1634E+01  0.1075E+02
  -2.300  0.1614E+01  0.1077E+02
  -2.290  0.1597E+01  0.1078E+02
  -2.280  0.1582E+01  0.1080E+02
  -2.270  0.1570E+01  0.1082E+02
  -2.260  0.1558E+01  0.1083E+02
  -2.250  0.1551E+01  0.1085E+02
  -2.240  0.1544E+01  0.1086E+02
  -2.230  0.1539E+01  0.1088E+02
  -2.220  0.1528E+01  0.1089E+02
  -2.210  0.1517E+01  0.1091E+02
  -2.200  0.1507E+01  0.1092E+02
  -2.190  0.1498E+01  0.1094E+02
  -2.180  0.1492E+01  0.1095E+02
  -2.170  0.1491E+01  0.1097E+02
  -2.160  0.1499E+01  0.1098E+02
  -2.150  0.1503E+01  0.1100E+02
  -2.140  0.1648E+01  0.1101E+02
  -2.130  0.1803E+01  0.1103E+02
  -2.120  0.2104E+01  0.1105E+02
  -2.110  0.2176E+01  0.1107E+02
  -2.100  0.2162E+01  0.1109E+02
  -2.090  0.2196E+01  0.1112E+02
  -2.080  0.2213E+01  0.1114E+02
  -2.070  0.2262E+01  0.1116E+02
  -2.060  0.2288E+01  0.1118E+02
  -2.050  0.2638E+01  0.1121E+02
  -2.040  0.2823E+01  0.1124E+02
  -2.030  0.3095E+01  0.1126E+02
  -2.020  0.3270E+01  0.1130E+02
  -2.010  0.3510E+01  0.1133E+02
  -2.000  0.3675E+01  0.1137E+02
  -1.990  0.3834E+01  0.1141E+02
  -1.980  0.4039E+01  0.1145E+02
  -1.970  0.4196E+01  0.1149E+02
  -1.960  0.4437E+01  0.1153E+02
  -1.950  0.4815E+01  0.1158E+02
  -1.940  0.5334E+01  0.1163E+02
  -1.930  0.6008E+01  0.1168E+02
  -1.920  0.8182E+01  0.1175E+02
  -1.910  0.9934E+01  0.1185E+02
  -1.900  0.4312E+01  0.1191E+02
  -1.890  0.5714E+01  0.1196E+02
  -1.880  0.8017E+01  0.1203E+02
  -1.870  0.6228E+01  0.1211E+02
  -1.860  0.3114E+01  0.1215E+02
  -1.850  0.2149E+01  0.1218E+02
  -1.840  0.2267E+01  0.1220E+02
  -1.830  0.2336E+01  0.1222E+02
  -1.820  0.2290E+01  0.1225E+02
  -1.810  0.2314E+01  0.1227E+02
  -1.800  0.2283E+01  0.1229E+02
  -1.790  0.2335E+01  0.1232E+02
  -1.780  0.2338E+01  0.1234E+02
  -1.770  0.2405E+01  0.1236E+02
  -1.760  0.2424E+01  0.1239E+02
  -1.750  0.2485E+01  0.1241E+02
  -1.740  0.2426E+01  0.1244E+02
  -1.730  0.2453E+01  0.1246E+02
  -1.720  0.2434E+01  0.1249E+02
  -1.710  0.2456E+01  0.1251E+02
  -1.700  0.2510E+01  0.1253E+02
  -1.690  0.2571E+01  0.1256E+02
  -1.680  0.2622E+01  0.1259E+02
  -1.670  0.2619E+01  0.1261E+02
  -1.660  0.2630E+01  0.1264E+02
  -1.650  0.2594E+01  0.1266E+02
  -1.640  0.2613E+01  0.1269E+02
  -1.630  0.2656E+01  0.1272E+02
  -1.620  0.2704E+01  0.1274E+02
  -1.610  0.2742E+01  0.1277E+02
  -1.600  0.2785E+01  0.1280E+02
  -1.590  0.2828E+01  0.1283E+02
  -1.580  0.2899E+01  0.1286E+02
  -1.570  0.2945E+01  0.1288E+02
  -1.560  0.2988E+01  0.1291E+02
  -1.550  0.3054E+01  0.1294E+02
  -1.540  0.3137E+01  0.1298E+02
  -1.530  0.3250E+01  0.1301E+02
  -1.520  0.3327E+01  0.1304E+02
  -1.510  0.3257E+01  0.1307E+02
  -1.500  0.3099E+01  0.1311E+02
  -1.490  0.2778E+01  0.1314E+02
  -1.480  0.2693E+01  0.1316E+02
  -1.470  0.2596E+01  0.1319E+02
  -1.460  0.2541E+01  0.1322E+02
  -1.450  0.2557E+01  0.1324E+02
  -1.440  0.2604E+01  0.1327E+02
  -1.430  0.2664E+01  0.1329E+02
  -1.420  0.2795E+01  0.1332E+02
  -1.410  0.2924E+01  0.1335E+02
  -1.400  0.3084E+01  0.1338E+02
  -1.390  0.3292E+01  0.1341E+02
  -1.380  0.3513E+01  0.1345E+02
  -1.370  0.3617E+01  0.1348E+02
  -1.360  0.3591E+01  0.1352E+02
  -1.350  0.3533E+01  0.1355E+02
  -1.340  0.3539E+01  0.1359E+02
  -1.330  0.3565E+01  0.1362E+02
  -1.320  0.3651E+01  0.1366E+02
  -1.310  0.3672E+01  0.1370E+02
  -1.300  0.3736E+01  0.1373E+02
  -1.290  0.3796E+01  0.1377E+02
  -1.280  0.3876E+01  0.1381E+02
  -1.270  0.3931E+01  0.1385E+02
  -1.260  0.3976E+01  0.1389E+02
  -1.250  0.4053E+01  0.1393E+02
  -1.240  0.4127E+01  0.1397E+02
  -1.230  0.4228E+01  0.1401E+02
  -1.220  0.4342E+01  0.1405E+02
  -1.210  0.4510E+01  0.1410E+02
  -1.200  0.4684E+01  0.1414E+02
  -1.190  0.4837E+01  0.1419E+02
  -1.180  0.5536E+01  0.1424E+02
  -1.170  0.5357E+01  0.1430E+02
  -1.160  0.6334E+01  0.1436E+02
  -1.150  0.5238E+01  0.1441E+02
  -1.140  0.5011E+01  0.1446E+02
  -1.130  0.4770E+01  0.1451E+02
  -1.120  0.4725E+01  0.1456E+02
  -1.110  0.4547E+01  0.1460E+02
  -1.100  0.4450E+01  0.1465E+02
  -1.090  0.4349E+01  0.1469E+02
  -1.080  0.4245E+01  0.1474E+02
  -1.070  0.4167E+01  0.1478E+02
  -1.060  0.4888E+01  0.1482E+02
  -1.050  0.4232E+01  0.1486E+02
  -1.040  0.4720E+01  0.1491E+02
  -1.030  0.5414E+01  0.1496E+02
  -1.020  0.6690E+01  0.1502E+02
  -1.010  0.7411E+01  0.1509E+02
  -1.000  0.7607E+01  0.1517E+02
  -0.990  0.6910E+01  0.1524E+02
  -0.980  0.6240E+01  0.1530E+02
  -0.970  0.6053E+01  0.1536E+02
  -0.960  0.5932E+01  0.1542E+02
  -0.950  0.6447E+01  0.1549E+02
  -0.940  0.7261E+01  0.1555E+02
  -0.930  0.8399E+01  0.1563E+02
  -0.920  0.8902E+01  0.1572E+02
  -0.910  0.9286E+01  0.1581E+02
  -0.900  0.9121E+01  0.1591E+02
  -0.890  0.8825E+01  0.1600E+02
  -0.880  0.8467E+01  0.1608E+02
  -0.870  0.8313E+01  0.1617E+02
  -0.860  0.8268E+01  0.1625E+02
  -0.850  0.8357E+01  0.1633E+02
  -0.840  0.8594E+01  0.1642E+02
  -0.830  0.8922E+01  0.1650E+02
  -0.820  0.9345E+01  0.1659E+02
  -0.810  0.9674E+01  0.1669E+02
  -0.800  0.9468E+01  0.1679E+02
  -0.790  0.9260E+01  0.1688E+02
  -0.780  0.9307E+01  0.1697E+02
  -0.770  0.8731E+01  0.1706E+02
  -0.760  0.8261E+01  0.1715E+02
  -0.750  0.8252E+01  0.1723E+02
  -0.740  0.8532E+01  0.1731E+02
  -0.730  0.8231E+01  0.1740E+02
  -0.720  0.7385E+01  0.1748E+02
  -0.710  0.7464E+01  0.1755E+02
  -0.700  0.7640E+01  0.1762E+02
  -0.690  0.7909E+01  0.1770E+02
  -0.680  0.8006E+01  0.1778E+02
  -0.670  0.7979E+01  0.1786E+02
  -0.660  0.9068E+01  0.1795E+02
  -0.650  0.9004E+01  0.1804E+02
  -0.640  0.8223E+01  0.1812E+02
  -0.630  0.6758E+01  0.1820E+02
  -0.620  0.5768E+01  0.1827E+02
  -0.610  0.5209E+01  0.1832E+02
  -0.600  0.4927E+01  0.1837E+02
  -0.590  0.4752E+01  0.1842E+02
  -0.580  0.5322E+01  0.1847E+02
  -0.570  0.4825E+01  0.1852E+02
  -0.560  0.4375E+01  0.1856E+02
  -0.550  0.4280E+01  0.1860E+02
  -0.540  0.4219E+01  0.1865E+02
  -0.530  0.4121E+01  0.1869E+02
  -0.520  0.4054E+01  0.1873E+02
  -0.510  0.4132E+01  0.1877E+02
  -0.500  0.3916E+01  0.1881E+02
  -0.490  0.3871E+01  0.1885E+02
  -0.480  0.3846E+01  0.1889E+02
  -0.470  0.3743E+01  0.1893E+02
  -0.460  0.3832E+01  0.1896E+02
  -0.450  0.3665E+01  0.1900E+02
  -0.440  0.3632E+01  0.1904E+02
  -0.430  0.3608E+01  0.1907E+02
  -0.420  0.3533E+01  0.1911E+02
  -0.410  0.3521E+01  0.1915E+02
  -0.400  0.3454E+01  0.1918E+02
  -0.390  0.3445E+01  0.1921E+02
  -0.380  0.3376E+01  0.1925E+02
  -0.370  0.3374E+01  0.1928E+02
  -0.360  0.3340E+01  0.1932E+02
  -0.350  0.3311E+01  0.1935E+02
  -0.340  0.3280E+01  0.1938E+02
  -0.330  0.3271E+01  0.1941E+02
  -0.320  0.3208E+01  0.1945E+02
  -0.310  0.3194E+01  0.1948E+02
  -0.300  0.3195E+01  0.1951E+02
  -0.290  0.3134E+01  0.1954E+02
  -0.280  0.3149E+01  0.1957E+02
  -0.270  0.3088E+01  0.1960E+02
  -0.260  0.3127E+01  0.1964E+02
  -0.250  0.3193E+01  0.1967E+02
  -0.240  0.3145E+01  0.1970E+02
  -0.230  0.3163E+01  0.1973E+02
  -0.220  0.3251E+01  0.1976E+02
  -0.210  0.3410E+01  0.1980E+02
  -0.200  0.3159E+01  0.1983E+02
  -0.190  0.3332E+01  0.1986E+02
  -0.180  0.3847E+01  0.1990E+02
  -0.170  0.3745E+01  0.1994E+02
  -0.160  0.4622E+01  0.1998E+02
  -0.150  0.3777E+01  0.2002E+02
  -0.140  0.3110E+01  0.2005E+02
  -0.130  0.2980E+01  0.2008E+02
  -0.120  0.2655E+01  0.2011E+02
  -0.110  0.2735E+01  0.2014E+02
  -0.100  0.2961E+01  0.2017E+02
  -0.090  0.3178E+01  0.2020E+02
  -0.080  0.3636E+01  0.2023E+02
  -0.070  0.3944E+01  0.2027E+02
  -0.060  0.4259E+01  0.2031E+02
  -0.050  0.4381E+01  0.2035E+02
  -0.040  0.4522E+01  0.2040E+02
  -0.030  0.4636E+01  0.2044E+02
  -0.020  0.4874E+01  0.2049E+02
  -0.010  0.4989E+01  0.2054E+02
   0.000  0.5229E+01  0.2059E+02
   0.010  0.5548E+01  0.2064E+02
   0.020  0.5806E+01  0.2070E+02
   0.030  0.5983E+01  0.2076E+02
   0.040  0.5709E+01  0.2082E+02
   0.050  0.5646E+01  0.2088E+02
   0.060  0.5703E+01  0.2093E+02
   0.070  0.5997E+01  0.2099E+02
   0.080  0.6353E+01  0.2105E+02
   0.090  0.6377E+01  0.2112E+02
   0.100  0.6330E+01  0.2118E+02
   0.110  0.6204E+01  0.2124E+02
   0.120  0.6158E+01  0.2131E+02
   0.130  0.6143E+01  0.2137E+02
   0.140  0.6154E+01  0.2143E+02
   0.150  0.6242E+01  0.2149E+02
   0.160  0.6303E+01  0.2155E+02
   0.170  0.6413E+01  0.2162E+02
   0.180  0.6505E+01  0.2168E+02
   0.190  0.6589E+01  0.2175E+02
   0.200  0.6688E+01  0.2181E+02
   0.210  0.6828E+01  0.2188E+02
   0.220  0.7011E+01  0.2195E+02
   0.230  0.7224E+01  0.2202E+02
   0.240  0.7430E+01  0.2209E+02
   0.250  0.7728E+01  0.2217E+02
   0.260  0.8127E+01  0.2225E+02
   0.270  0.8853E+01  0.2233E+02
   0.280  0.9345E+01  0.2243E+02
   0.290  0.9255E+01  0.2252E+02
   0.300  0.9159E+01  0.2261E+02
   0.310  0.9290E+01  0.2270E+02
   0.320  0.9419E+01  0.2280E+02
   0.330  0.9538E+01  0.2289E+02
   0.340  0.1039E+02  0.2299E+02
   0.350  0.9030E+01  0.2309E+02
   0.360  0.8532E+01  0.2317E+02
   0.370  0.7959E+01  0.2326E+02
   0.380  0.6933E+01  0.2333E+02
   0.390  0.6635E+01  0.2340E+02
   0.400  0.6527E+01  0.2346E+02
   0.410  0.6598E+01  0.2353E+02
   0.420  0.5798E+01  0.2359E+02
   0.430  0.5313E+01  0.2365E+02
   0.440  0.4850E+01  0.2370E+02
   0.450  0.4844E+01  0.2374E+02
   0.460  0.4998E+01  0.2379E+02
   0.470  0.5263E+01  0.2385E+02
   0.480  0.4584E+01  0.2390E+02
   0.490  0.4161E+01  0.2394E+02
   0.500  0.3791E+01  0.2398E+02
   0.510  0.3817E+01  0.2402E+02
   0.520  0.4453E+01  0.2406E+02
   0.530  0.4486E+01  0.2410E+02
   0.540  0.4058E+01  0.2415E+02
   0.550  0.3078E+01  0.2418E+02
   0.560  0.2787E+01  0.2421E+02
   0.570  0.3372E+01  0.2424E+02
   0.580  0.2746E+01  0.2427E+02
   0.590  0.2195E+01  0.2430E+02
   0.600  0.1345E+01  0.2432E+02
   0.610  0.7417E+00  0.2433E+02
   0.620  0.7188E+00  0.2433E+02
   0.630  0.7060E+00  0.2434E+02
   0.640  0.6932E+00  0.2435E+02
   0.650  0.6870E+00  0.2436E+02
   0.660  0.6848E+00  0.2436E+02
   0.670  0.6892E+00  0.2437E+02
   0.680  0.6817E+00  0.2438E+02
   0.690  0.6726E+00  0.2438E+02
   0.700  0.6686E+00  0.2439E+02
   0.710  0.6646E+00  0.2440E+02
   0.720  0.6508E+00  0.2440E+02
   0.730  0.6399E+00  0.2441E+02
   0.740  0.6256E+00  0.2442E+02
   0.750  0.6756E+00  0.2442E+02
   0.760  0.8060E+00  0.2443E+02
   0.770  0.9475E+00  0.2444E+02
   0.780  0.1127E+01  0.2445E+02
   0.790  0.1308E+01  0.2446E+02
   0.800  0.1481E+01  0.2447E+02
   0.810  0.1876E+01  0.2449E+02
   0.820  0.2204E+01  0.2451E+02
   0.830  0.2306E+01  0.2453E+02
   0.840  0.2422E+01  0.2456E+02
   0.850  0.2448E+01  0.2458E+02
   0.860  0.2520E+01  0.2461E+02
   0.870  0.2712E+01  0.2463E+02
   0.880  0.2803E+01  0.2466E+02
   0.890  0.2984E+01  0.2469E+02
   0.900  0.2925E+01  0.2472E+02
   0.910  0.2942E+01  0.2475E+02
   0.920  0.2947E+01  0.2478E+02
   0.930  0.2923E+01  0.2481E+02
   0.940  0.3181E+01  0.2484E+02
   0.950  0.3457E+01  0.2487E+02
   0.960  0.3480E+01  0.2491E+02
   0.970  0.3701E+01  0.2494E+02
   0.980  0.3957E+01  0.2498E+02
   0.990  0.4132E+01  0.2502E+02
   1.000  0.4258E+01  0.2506E+02
   1.010  0.4445E+01  0.2511E+02
   1.020  0.4602E+01  0.2515E+02
   1.030  0.4821E+01  0.2520E+02
   1.040  0.4738E+01  0.2525E+02
   1.050  0.4723E+01  0.2529E+02
   1.060  0.4706E+01  0.2534E+02
   1.070  0.4652E+01  0.2539E+02
   1.080  0.4510E+01  0.2543E+02
   1.090  0.4325E+01  0.2548E+02
   1.100  0.4219E+01  0.2552E+02
   1.110  0.4170E+01  0.2556E+02
   1.120  0.4175E+01  0.2560E+02
   1.130  0.4182E+01  0.2565E+02
   1.140  0.4189E+01  0.2569E+02
   1.150  0.4194E+01  0.2573E+02
   1.160  0.4204E+01  0.2577E+02
   1.170  0.4213E+01  0.2581E+02
   1.180  0.4236E+01  0.2586E+02
   1.190  0.4270E+01  0.2590E+02
   1.200  0.4278E+01  0.2594E+02
   1.210  0.4182E+01  0.2598E+02
   1.220  0.4089E+01  0.2602E+02
   1.230  0.3980E+01  0.2606E+02
   1.240  0.3829E+01  0.2610E+02
   1.250  0.3853E+01  0.2614E+02
   1.260  0.3922E+01  0.2618E+02
   1.270  0.4013E+01  0.2622E+02
   1.280  0.4131E+01  0.2626E+02
   1.290  0.3979E+01  0.2630E+02
   1.300  0.3826E+01  0.2634E+02
   1.310  0.3710E+01  0.2638E+02
   1.320  0.3626E+01  0.2642E+02
   1.330  0.3582E+01  0.2645E+02
   1.340  0.3562E+01  0.2649E+02
   1.350  0.3492E+01  0.2652E+02
   1.360  0.3485E+01  0.2656E+02
   1.370  0.3457E+01  0.2659E+02
   1.380  0.3442E+01  0.2663E+02
   1.390  0.3433E+01  0.2666E+02
   1.400  0.3453E+01  0.2670E+02
   1.410  0.3516E+01  0.2673E+02
   1.420  0.3561E+01  0.2677E+02
   1.430  0.3622E+01  0.2680E+02
   1.440  0.3746E+01  0.2684E+02
   1.450  0.3950E+01  0.2688E+02
   1.460  0.4030E+01  0.2692E+02
   1.470  0.4107E+01  0.2696E+02
   1.480  0.4264E+01  0.2700E+02
   1.490  0.4559E+01  0.2704E+02
   1.500  0.4602E+01  0.2709E+02
   1.510  0.4677E+01  0.2714E+02
   1.520  0.4680E+01  0.2718E+02
   1.530  0.4635E+01  0.2723E+02
   1.540  0.4023E+01  0.2727E+02
   1.550  0.3645E+01  0.2731E+02
   1.560  0.3162E+01  0.2735E+02
   1.570  0.3265E+01  0.2738E+02
   1.580  0.3308E+01  0.2741E+02
   1.590  0.3476E+01  0.2744E+02
   1.600  0.3677E+01  0.2748E+02
   1.610  0.3835E+01  0.2752E+02
   1.620  0.4237E+01  0.2756E+02
   1.630  0.4393E+01  0.2760E+02
   1.640  0.3768E+01  0.2764E+02
   1.650  0.3437E+01  0.2768E+02
   1.660  0.3207E+01  0.2771E+02
   1.670  0.2865E+01  0.2774E+02
   1.680  0.2628E+01  0.2777E+02
   1.690  0.2703E+01  0.2780E+02
   1.700  0.2840E+01  0.2782E+02
   1.710  0.2957E+01  0.2785E+02
   1.720  0.3036E+01  0.2788E+02
   1.730  0.3258E+01  0.2791E+02
   1.740  0.3476E+01  0.2795E+02
   1.750  0.3794E+01  0.2798E+02
   1.760  0.3775E+01  0.2802E+02
   1.770  0.3827E+01  0.2806E+02
   1.780  0.3560E+01  0.2810E+02
   1.790  0.3523E+01  0.2813E+02
   1.800  0.3539E+01  0.2817E+02
   1.810  0.3609E+01  0.2820E+02
   1.820  0.3842E+01  0.2824E+02
   1.830  0.4120E+01  0.2828E+02
   1.840  0.4116E+01  0.2832E+02
   1.850  0.4039E+01  0.2836E+02
   1.860  0.3834E+01  0.2840E+02
   1.870  0.3732E+01  0.2844E+02
   1.880  0.3571E+01  0.2848E+02
   1.890  0.3470E+01  0.2851E+02
   1.900  0.3380E+01  0.2854E+02
   1.910  0.3231E+01  0.2858E+02
   1.920  0.3156E+01  0.2861E+02
   1.930  0.2923E+01  0.2864E+02
   1.940  0.2690E+01  0.2867E+02
   1.950  0.2379E+01  0.2869E+02
   1.960  0.2348E+01  0.2872E+02
   1.970  0.2280E+01  0.2874E+02
   1.980  0.2318E+01  0.2876E+02
   1.990  0.2240E+01  0.2879E+02
   2.000  0.2185E+01  0.2881E+02
   2.010  0.1839E+01  0.2883E+02
   2.020  0.1649E+01  0.2885E+02
   2.030  0.1468E+01  0.2886E+02
   2.040  0.1460E+01  0.2888E+02
   2.050  0.1461E+01  0.2889E+02
   2.060  0.1462E+01  0.2891E+02
   2.070  0.1462E+01  0.2892E+02
   2.080  0.1465E+01  0.2894E+02
   2.090  0.1460E+01  0.2895E+02
   2.100  0.1460E+01  0.2896E+02
   2.110  0.1461E+01  0.2898E+02
   2.120  0.1463E+01  0.2899E+02
   2.130  0.1465E+01  0.2901E+02
   2.140  0.1468E+01  0.2902E+02
   2.150  0.1472E+01  0.2904E+02
   2.160  0.1476E+01  0.2905E+02
   2.170  0.1482E+01  0.2907E+02
   2.180  0.1487E+01  0.2908E+02
   2.190  0.1491E+01  0.2910E+02
   2.200  0.1497E+01  0.2911E+02
   2.210  0.1504E+01  0.2913E+02
   2.220  0.1513E+01  0.2914E+02
   2.230  0.1520E+01  0.2916E+02
   2.240  0.1526E+01  0.2917E+02
   2.250  0.1532E+01  0.2919E+02
   2.260  0.1538E+01  0.2920E+02
   2.270  0.1546E+01  0.2922E+02
   2.280  0.1554E+01  0.2923E+02
   2.290  0.1561E+01  0.2925E+02
   2.300  0.1569E+01  0.2927E+02
   2.310  0.1572E+01  0.2928E+02
   2.320  0.1579E+01  0.2930E+02
   2.330  0.1588E+01  0.2931E+02
   2.340  0.1599E+01  0.2933E+02
   2.350  0.1613E+01  0.2934E+02
   2.360  0.1639E+01  0.2936E+02
   2.370  0.1661E+01  0.2938E+02
   2.380  0.1688E+01  0.2939E+02
   2.390  0.1713E+01  0.2941E+02
   2.400  0.1737E+01  0.2943E+02
   2.410  0.1763E+01  0.2945E+02
   2.420  0.1793E+01  0.2946E+02
   2.430  0.1822E+01  0.2948E+02
   2.440  0.1847E+01  0.2950E+02
   2.450  0.1876E+01  0.2952E+02
   2.460  0.1922E+01  0.2954E+02
   2.470  0.1967E+01  0.2956E+02
   2.480  0.2013E+01  0.2958E+02
   2.490  0.2120E+01  0.2960E+02
   2.500  0.2154E+01  0.2962E+02
   2.510  0.2193E+01  0.2964E+02
   2.520  0.2216E+01  0.2966E+02
   2.530  0.2235E+01  0.2969E+02
   2.540  0.2272E+01  0.2971E+02
   2.550  0.2311E+01  0.2973E+02
   2.560  0.2338E+01  0.2975E+02
   2.570  0.2374E+01  0.2978E+02
   2.580  0.2429E+01  0.2980E+02
   2.590  0.2499E+01  0.2983E+02
   2.600  0.2613E+01  0.2985E+02
   2.610  0.2713E+01  0.2988E+02
   2.620  0.2826E+01  0.2991E+02
   2.630  0.2880E+01  0.2993E+02
   2.640  0.2897E+01  0.2996E+02
   2.650  0.2921E+01  0.2999E+02
   2.660  0.2932E+01  0.3002E+02
   2.670  0.2952E+01  0.3005E+02
   2.680  0.2970E+01  0.3008E+02
   2.690  0.3003E+01  0.3011E+02
   2.700  0.3310E+01  0.3014E+02
   2.710  0.3624E+01  0.3018E+02
   2.720  0.3671E+01  0.3021E+02
   2.730  0.3066E+01  0.3025E+02
   2.740  0.2880E+01  0.3028E+02
   2.750  0.2523E+01  0.3030E+02
   2.760  0.2438E+01  0.3033E+02
   2.770  0.2442E+01  0.3035E+02
   2.780  0.2310E+01  0.3038E+02
   2.790  0.2393E+01  0.3040E+02
   2.800  0.2211E+01  0.3042E+02
   2.810  0.2294E+01  0.3045E+02
   2.820  0.2172E+01  0.3047E+02
   2.830  0.2170E+01  0.3049E+02
   2.840  0.2284E+01  0.3051E+02
   2.850  0.2175E+01  0.3053E+02
   2.860  0.2156E+01  0.3056E+02
   2.870  0.2176E+01  0.3058E+02
   2.880  0.2207E+01  0.3060E+02
   2.890  0.2255E+01  0.3062E+02
   2.900  0.2315E+01  0.3065E+02
   2.910  0.2646E+01  0.3067E+02
   2.920  0.2477E+01  0.3070E+02
   2.930  0.2507E+01  0.3072E+02
   2.940  0.2207E+01  0.3075E+02
   2.950  0.2338E+01  0.3077E+02
   2.960  0.2412E+01  0.3079E+02
   2.970  0.2472E+01  0.3082E+02
   2.980  0.2510E+01  0.3084E+02
   2.990  0.2546E+01  0.3087E+02
   3.000  0.2781E+01  0.3090E+02
   3.010  0.2993E+01  0.3092E+02
   3.020  0.3041E+01  0.3095E+02
   3.030  0.2736E+01  0.3098E+02
   3.040  0.2606E+01  0.3101E+02
   3.050  0.2442E+01  0.3104E+02
   3.060  0.2405E+01  0.3106E+02
   3.070  0.2371E+01  0.3108E+02
   3.080  0.2360E+01  0.3111E+02
   3.090  0.2342E+01  0.3113E+02
   3.100  0.2367E+01  0.3115E+02
   3.110  0.2326E+01  0.3118E+02
   3.120  0.2390E+01  0.3120E+02
   3.130  0.2313E+01  0.3123E+02
   3.140  0.2338E+01  0.3125E+02
   3.150  0.2346E+01  0.3127E+02
   3.160  0.2585E+01  0.3130E+02
   3.170  0.3031E+01  0.3133E+02
   3.180  0.3021E+01  0.3136E+02
   3.190  0.2990E+01  0.3139E+02
   3.200  0.2956E+01  0.3142E+02
   3.210  0.2957E+01  0.3145E+02
   3.220  0.2894E+01  0.3147E+02
   3.230  0.2980E+01  0.3150E+02
   3.240  0.3065E+01  0.3153E+02
   3.250  0.3186E+01  0.3156E+02
   3.260  0.3180E+01  0.3160E+02
   3.270  0.3207E+01  0.3163E+02
   3.280  0.3300E+01  0.3166E+02
   3.290  0.3253E+01  0.3169E+02
   3.300  0.3171E+01  0.3173E+02
   3.310  0.3216E+01  0.3176E+02
   3.320  0.3571E+01  0.3179E+02
   3.330  0.4214E+01  0.3183E+02
   3.340  0.4447E+01  0.3187E+02
   3.350  0.4568E+01  0.3192E+02
   3.360  0.4686E+01  0.3197E+02
   3.370  0.5220E+01  0.3201E+02
   3.380  0.5617E+01  0.3207E+02
   3.390  0.5879E+01  0.3213E+02
   3.400  0.5700E+01  0.3218E+02
   3.410  0.5806E+01  0.3224E+02
   3.420  0.6016E+01  0.3230E+02
   3.430  0.6260E+01  0.3236E+02
   3.440  0.6463E+01  0.3243E+02
   3.450  0.6852E+01  0.3249E+02
   3.460  0.7115E+01  0.3256E+02
   3.470  0.7619E+01  0.3264E+02
   3.480  0.8040E+01  0.3271E+02
   3.490  0.8369E+01  0.3280E+02
   3.500  0.8551E+01  0.3288E+02
   3.510  0.9141E+01  0.3297E+02
   3.520  0.9788E+01  0.3306E+02
   3.530  0.1017E+02  0.3316E+02
   3.540  0.1050E+02  0.3327E+02
   3.550  0.1029E+02  0.3337E+02
   3.560  0.9719E+01  0.3347E+02
   3.570  0.9582E+01  0.3357E+02
   3.580  0.9579E+01  0.3366E+02
   3.590  0.9624E+01  0.3376E+02
   3.600  0.9913E+01  0.3386E+02
   3.610  0.1043E+02  0.3396E+02
   3.620  0.1144E+02  0.3407E+02
   3.630  0.1125E+02  0.3418E+02
   3.640  0.1110E+02  0.3429E+02
   3.650  0.1081E+02  0.3440E+02
   3.660  0.1005E+02  0.3451E+02
   3.670  0.9646E+01  0.3461E+02
   3.680  0.9372E+01  0.3470E+02
   3.690  0.9103E+01  0.3479E+02
   3.700  0.9065E+01  0.3488E+02
   3.710  0.8804E+01  0.3497E+02
   3.720  0.8733E+01  0.3506E+02
   3.730  0.8205E+01  0.3515E+02
   3.740  0.7667E+01  0.3523E+02
   3.750  0.7502E+01  0.3530E+02
   3.760  0.7409E+01  0.3538E+02
   3.770  0.6661E+01  0.3545E+02
   3.780  0.5178E+01  0.3551E+02
   3.790  0.3821E+01  0.3555E+02
   3.800  0.2578E+01  0.3558E+02
   3.810  0.2307E+01  0.3561E+02
   3.820  0.1928E+01  0.3563E+02
   3.830  0.1076E+01  0.3565E+02
   3.840  0.9726E+00  0.3566E+02
   3.850  0.9660E+00  0.3567E+02
   3.860  0.9681E+00  0.3568E+02
   3.870  0.9540E+00  0.3569E+02
   3.880  0.9917E+00  0.3570E+02
   3.890  0.9761E+00  0.3571E+02
   3.900  0.9868E+00  0.3572E+02
   3.910  0.9695E+00  0.3572E+02
   3.920  0.9521E+00  0.3573E+02
   3.930  0.9423E+00  0.3574E+02
   3.940  0.9399E+00  0.3575E+02
   3.950  0.9548E+00  0.3576E+02
   3.960  0.9598E+00  0.3577E+02
   3.970  0.9810E+00  0.3578E+02
   3.980  0.9801E+00  0.3579E+02
   3.990  0.9568E+00  0.3580E+02
   4.000  0.9288E+00  0.3581E+02
   4.010  0.9105E+00  0.3582E+02
   4.020  0.9012E+00  0.3583E+02
   4.030  0.9086E+00  0.3584E+02
   4.040  0.9329E+00  0.3585E+02
   4.050  0.9035E+00  0.3586E+02
   4.060  0.9232E+00  0.3587E+02
   4.070  0.9020E+00  0.3587E+02
   4.080  0.9068E+00  0.3588E+02
   4.090  0.9237E+00  0.3589E+02
   4.100  0.9374E+00  0.3590E+02
   4.110  0.9211E+00  0.3591E+02
   4.120  0.9115E+00  0.3592E+02
   4.130  0.8614E+00  0.3593E+02
   4.140  0.8617E+00  0.3594E+02
   4.150  0.8732E+00  0.3595E+02
   4.160  0.8684E+00  0.3596E+02
   4.170  0.8380E+00  0.3596E+02
   4.180  0.9107E+00  0.3597E+02
   4.190  0.7342E+00  0.3598E+02
   4.200  0.5719E+00  0.3599E+02
   4.210  0.3903E+00  0.3600E+02
   4.220  0.2017E+00  0.3600E+02
   4.230  0.0000E+00  0.3600E+02
   4.240  0.0000E+00  0.3600E+02
   4.250  0.0000E+00  0.3600E+02
   4.260  0.0000E+00  0.3600E+02
   4.270  0.0000E+00  0.3600E+02
   4.280  0.0000E+00  0.3600E+02
   4.290  0.0000E+00  0.3600E+02
   4.300  0.0000E+00  0.3600E+02
   4.310  0.0000E+00  0.3600E+02
   4.320  0.0000E+00  0.3600E+02
   4.330  0.0000E+00  0.3600E+02
   4.340  0.0000E+00  0.3600E+02
   4.350  0.0000E+00  0.3600E+02
   4.360  0.0000E+00  0.3600E+02
   4.370  0.0000E+00  0.3600E+02
   4.380  0.0000E+00  0.3600E+02
   4.390  0.0000E+00  0.3600E+02
   4.400  0.0000E+00  0.3600E+02
   4.410  0.0000E+00  0.3600E+02
   4.420  0.0000E+00  0.3600E+02
   4.430  0.0000E+00  0.3600E+02
   4.440  0.0000E+00  0.3600E+02
   4.450  0.0000E+00  0.3600E+02
   4.460  0.0000E+00  0.3600E+02
   4.470  0.0000E+00  0.3600E+02
   4.480  0.0000E+00  0.3600E+02
   4.490  0.0000E+00  0.3600E+02
   4.500  0.0000E+00  0.3600E+02
   4.510  0.0000E+00  0.3600E+02
   4.520  0.0000E+00  0.3600E+02
   4.530  0.0000E+00  0.3600E+02
   4.540  0.0000E+00  0.3600E+02
   4.550  0.0000E+00  0.3600E+02
   4.560  0.0000E+00  0.3600E+02
   4.570  0.0000E+00  0.3600E+02
   4.580  0.0000E+00  0.3600E+02
   4.590  0.0000E+00  0.3600E+02
   4.600  0.0000E+00  0.3600E+02
   4.610  0.0000E+00  0.3600E+02
   4.620  0.0000E+00  0.3600E+02
   4.630  0.0000E+00  0.3600E+02
   4.640  0.0000E+00  0.3600E+02
   4.650  0.0000E+00  0.3600E+02
   4.660  0.0000E+00  0.3600E+02
   4.670  0.0000E+00  0.3600E+02
   4.680  0.0000E+00  0.3600E+02
   4.690  0.0000E+00  0.3600E+02
   4.700  0.0000E+00  0.3600E+02
   4.710  0.0000E+00  0.3600E+02
   4.720  0.0000E+00  0.3600E+02
   4.730  0.0000E+00  0.3600E+02
   4.740  0.0000E+00  0.3600E+02
   4.750  0.0000E+00  0.3600E+02
   4.760  0.0000E+00  0.3600E+02
   4.770  0.0000E+00  0.3600E+02
   4.780  0.0000E+00  0.3600E+02
   4.790  0.0000E+00  0.3600E+02
   4.800  0.0000E+00  0.3600E+02
   4.810  0.0000E+00  0.3600E+02
   4.820  0.0000E+00  0.3600E+02
   4.830  0.0000E+00  0.3600E+02
   4.840  0.0000E+00  0.3600E+02
   4.850  0.0000E+00  0.3600E+02
   4.860  0.0000E+00  0.3600E+02
   4.870  0.0000E+00  0.3600E+02
   4.880  0.0000E+00  0.3600E+02
   4.890  0.0000E+00  0.3600E+02
   4.900  0.0000E+00  0.3600E+02
   4.910  0.0000E+00  0.3600E+02
   4.920  0.0000E+00  0.3600E+02
   4.930  0.0000E+00  0.3600E+02
   4.940  0.0000E+00  0.3600E+02
   4.950  0.0000E+00  0.3600E+02
   4.960  0.0000E+00  0.3600E+02
   4.970  0.0000E+00  0.3600E+02
   4.980  0.0000E+00  0.3600E+02
   4.990  0.0000E+00  0.3600E+02
   5.000  0.0000E+00  0.3600E+02
   5.010  0.0000E+00  0.3600E+02
   5.020  0.0000E+00  0.3600E+02
   5.030  0.0000E+00  0.3600E+02
   5.040  0.0000E+00  0.3600E+02
   5.050  0.0000E+00  0.3600E+02
   5.060  0.0000E+00  0.3600E+02
   5.070  0.0000E+00  0.3600E+02
   5.080  0.0000E+00  0.3600E+02
   5.090  0.0000E+00  0.3600E+02
   5.100  0.0000E+00  0.3600E+02
   5.110  0.0000E+00  0.3600E+02
   5.120  0.0000E+00  0.3600E+02
   5.130  0.0000E+00  0.3600E+02
   5.140  0.0000E+00  0.3600E+02
   5.150  0.0000E+00  0.3600E+02
   5.160  0.0000E+00  0.3600E+02
   5.170  0.0000E+00  0.3600E+02
   5.180  0.0000E+00  0.3600E+02
   5.190  0.0000E+00  0.3600E+02
   5.200  0.0000E+00  0.3600E+02
   5.210  0.0000E+00  0.3600E+02
   5.220  0.0000E+00  0.3600E+02
   5.230  0.0000E+00  0.3600E+02
   5.240  0.0000E+00  0.3600E+02
   5.250  0.0000E+00  0.3600E+02
   5.260  0.0000E+00  0.3600E+02
   5.270  0.0000E+00  0.3600E+02
   5.280  0.0000E+00  0.3600E+02
   5.290  0.0000E+00  0.3600E+02
   5.300  0.0000E+00  0.3600E+02
   5.310  0.0000E+00  0.3600E+02
   5.320  0.0000E+00  0.3600E+02
   5.330  0.0000E+00  0.3600E+02
   5.340  0.0000E+00  0.3600E+02
   5.350  0.0000E+00  0.3600E+02
   5.360  0.0000E+00  0.3600E+02
   5.370  0.0000E+00  0.3600E+02
   5.380  0.0000E+00  0.3600E+02
   5.390  0.0000E+00  0.3600E+02
   5.400  0.0000E+00  0.3600E+02
   5.410  0.0000E+00  0.3600E+02
   5.420  0.0000E+00  0.3600E+02
   5.430  0.0000E+00  0.3600E+02
   5.440  0.0000E+00  0.3600E+02
   5.450  0.0000E+00  0.3600E+02
   5.460  0.0000E+00  0.3600E+02
   5.470  0.0000E+00  0.3600E+02
   5.480  0.0000E+00  0.3600E+02
   5.490  0.0000E+00  0.3600E+02
   5.500  0.0000E+00  0.3600E+02
   5.510  0.0000E+00  0.3600E+02
   5.520  0.0000E+00  0.3600E+02
   5.530  0.0000E+00  0.3600E+02
   5.540  0.0000E+00  0.3600E+02
   5.550  0.0000E+00  0.3600E+02
   5.560  0.0000E+00  0.3600E+02
   5.570  0.0000E+00  0.3600E+02
   5.580  0.0000E+00  0.3600E+02
   5.590  0.5690E-04  0.3600E+02
   5.600  0.3085E-02  0.3600E+02
   5.610  0.1344E-01  0.3600E+02
   5.620  0.2060E-01  0.3600E+02
   5.630  0.2868E-01  0.3600E+02
   5.640  0.3811E-01  0.3600E+02
   5.650  0.4803E-01  0.3600E+02
   5.660  0.5597E-01  0.3600E+02
   5.670  0.6421E-01  0.3600E+02
   5.680  0.7300E-01  0.3600E+02
   5.690  0.8234E-01  0.3600E+02
   5.700  0.9222E-01  0.3600E+02
   5.710  0.1018E+00  0.3601E+02
   5.720  0.1110E+00  0.3601E+02
   5.730  0.1199E+00  0.3601E+02
   5.740  0.1304E+00  0.3601E+02
   5.750  0.1744E+00  0.3601E+02
   5.760  0.1865E+00  0.3601E+02
   5.770  0.1963E+00  0.3601E+02
   5.780  0.2056E+00  0.3602E+02
   5.790  0.2516E+00  0.3602E+02
   5.800  0.3427E+00  0.3602E+02
   5.810  0.4286E+00  0.3603E+02
   5.820  0.5345E+00  0.3603E+02
   5.830  0.6614E+00  0.3604E+02
   5.840  0.9086E+00  0.3604E+02
   5.850  0.8981E+00  0.3605E+02
   5.860  0.9413E+00  0.3606E+02
   5.870  0.9927E+00  0.3607E+02
   5.880  0.9437E+00  0.3608E+02
   5.890  0.9561E+00  0.3609E+02
   5.900  0.9802E+00  0.3610E+02
   5.910  0.9931E+00  0.3611E+02
   5.920  0.1004E+01  0.3612E+02
   5.930  0.9892E+00  0.3613E+02
   5.940  0.1169E+01  0.3614E+02
   5.950  0.1352E+01  0.3616E+02
   5.960  0.1484E+01  0.3617E+02
   5.970  0.1638E+01  0.3619E+02
   5.980  0.1712E+01  0.3620E+02
   5.990  0.1832E+01  0.3622E+02
   6.000  0.2027E+01  0.3624E+02
   6.010  0.2311E+01  0.3626E+02
   6.020  0.2275E+01  0.3628E+02
   6.030  0.2499E+01  0.3631E+02
   6.040  0.2850E+01  0.3634E+02
   6.050  0.2820E+01  0.3636E+02
   6.060  0.2908E+01  0.3639E+02
   6.070  0.3084E+01  0.3642E+02
   6.080  0.3091E+01  0.3645E+02
   6.090  0.3178E+01  0.3649E+02
   6.100  0.3289E+01  0.3652E+02
   6.110  0.3377E+01  0.3655E+02
   6.120  0.3515E+01  0.3659E+02
   6.130  0.3652E+01  0.3662E+02
   6.140  0.3945E+01  0.3666E+02
   6.150  0.4282E+01  0.3670E+02
   6.160  0.4468E+01  0.3674E+02
   6.170  0.4243E+01  0.3679E+02
   6.180  0.4148E+01  0.3683E+02
   6.190  0.4130E+01  0.3687E+02
   6.200  0.4266E+01  0.3691E+02
   6.210  0.4346E+01  0.3696E+02
   6.220  0.4322E+01  0.3700E+02
   6.230  0.3994E+01  0.3704E+02
   6.240  0.3552E+01  0.3708E+02
   6.250  0.3384E+01  0.3711E+02
   6.260  0.3272E+01  0.3715E+02
   6.270  0.3175E+01  0.3718E+02
   6.280  0.3072E+01  0.3721E+02
   6.290  0.2971E+01  0.3724E+02
   6.300  0.2894E+01  0.3727E+02
   6.310  0.2832E+01  0.3730E+02
   6.320  0.2750E+01  0.3733E+02
   6.330  0.2668E+01  0.3735E+02
   6.340  0.2598E+01  0.3738E+02
   6.350  0.2550E+01  0.3741E+02
   6.360  0.2517E+01  0.3743E+02
   6.370  0.2483E+01  0.3746E+02
   6.380  0.2444E+01  0.3748E+02
   6.390  0.2404E+01  0.3751E+02
   6.400  0.2364E+01  0.3753E+02
   6.410  0.2333E+01  0.3755E+02
   6.420  0.2315E+01  0.3758E+02
   6.430  0.2291E+01  0.3760E+02
   6.440  0.2261E+01  0.3762E+02
   6.450  0.2226E+01  0.3764E+02
   6.460  0.2195E+01  0.3767E+02
   6.470  0.2168E+01  0.3769E+02
   6.480  0.2143E+01  0.3771E+02
   6.490  0.2122E+01  0.3773E+02
   6.500  0.2104E+01  0.3775E+02
   6.510  0.2087E+01  0.3777E+02
   6.520  0.2067E+01  0.3779E+02
   6.530  0.2047E+01  0.3781E+02
   6.540  0.2034E+01  0.3784E+02
   6.550  0.2016E+01  0.3786E+02
   6.560  0.1993E+01  0.3788E+02
   6.570  0.1980E+01  0.3790E+02
   6.580  0.1970E+01  0.3791E+02
   6.590  0.1959E+01  0.3793E+02
   6.600  0.1945E+01  0.3795E+02
   6.610  0.1930E+01  0.3797E+02
   6.620  0.1920E+01  0.3799E+02
   6.630  0.1908E+01  0.3801E+02
   6.640  0.1895E+01  0.3803E+02
   6.650  0.1883E+01  0.3805E+02
   6.660  0.1871E+01  0.3807E+02
   6.670  0.1862E+01  0.3809E+02
   6.680  0.1853E+01  0.3811E+02
   6.690  0.1840E+01  0.3812E+02
   6.700  0.1829E+01  0.3814E+02
   6.710  0.1822E+01  0.3816E+02
   6.720  0.1816E+01  0.3818E+02
   6.730  0.1809E+01  0.3820E+02
   6.740  0.1797E+01  0.3822E+02
   6.750  0.1790E+01  0.3823E+02
   6.760  0.1788E+01  0.3825E+02
   6.770  0.1783E+01  0.3827E+02
   6.780  0.1779E+01  0.3829E+02
   6.790  0.1771E+01  0.3830E+02
   6.800  0.1764E+01  0.3832E+02
   6.810  0.1758E+01  0.3834E+02
   6.820  0.1753E+01  0.3836E+02
   6.830  0.1746E+01  0.3837E+02
   6.840  0.1739E+01  0.3839E+02
   6.850  0.1733E+01  0.3841E+02
   6.860  0.1730E+01  0.3843E+02
   6.870  0.1727E+01  0.3844E+02
   6.880  0.1724E+01  0.3846E+02
   6.890  0.1718E+01  0.3848E+02
   6.900  0.1712E+01  0.3850E+02
   6.910  0.1712E+01  0.3851E+02
   6.920  0.1713E+01  0.3853E+02
   6.930  0.1717E+01  0.3855E+02
   6.940  0.1715E+01  0.3856E+02
   6.950  0.1713E+01  0.3858E+02
   6.960  0.1712E+01  0.3860E+02
   6.970  0.1709E+01  0.3862E+02
   6.980  0.1707E+01  0.3863E+02
   6.990  0.1704E+01  0.3865E+02
   7.000  0.1701E+01  0.3867E+02
   7.010  0.1700E+01  0.3868E+02
   7.020  0.1700E+01  0.3870E+02
   7.030  0.1702E+01  0.3872E+02
   7.040  0.1706E+01  0.3873E+02
   7.050  0.1707E+01  0.3875E+02
   7.060  0.1708E+01  0.3877E+02
   7.070  0.1708E+01  0.3879E+02
   7.080  0.1710E+01  0.3880E+02
   7.090  0.1716E+01  0.3882E+02
   7.100  0.1723E+01  0.3884E+02
   7.110  0.1728E+01  0.3885E+02
   7.120  0.1735E+01  0.3887E+02
   7.130  0.1744E+01  0.3889E+02
   7.140  0.1751E+01  0.3891E+02
   7.150  0.1759E+01  0.3892E+02
   7.160  0.1765E+01  0.3894E+02
   7.170  0.1772E+01  0.3896E+02
   7.180  0.1780E+01  0.3898E+02
   7.190  0.1790E+01  0.3900E+02
   7.200  0.1804E+01  0.3901E+02
   7.210  0.1819E+01  0.3903E+02
   7.220  0.1834E+01  0.3905E+02
   7.230  0.1850E+01  0.3907E+02
   7.240  0.1872E+01  0.3909E+02
   7.250  0.1905E+01  0.3911E+02
   7.260  0.1944E+01  0.3912E+02
   7.270  0.1990E+01  0.3914E+02
   7.280  0.2055E+01  0.3916E+02
   7.290  0.2119E+01  0.3919E+02
   7.300  0.2186E+01  0.3921E+02
   7.310  0.2233E+01  0.3923E+02
   7.320  0.2263E+01  0.3925E+02
   7.330  0.2194E+01  0.3927E+02
   7.340  0.2116E+01  0.3930E+02
   7.350  0.2115E+01  0.3932E+02
   7.360  0.2132E+01  0.3934E+02
   7.370  0.2180E+01  0.3936E+02
   7.380  0.2268E+01  0.3938E+02
   7.390  0.2320E+01  0.3940E+02
   7.400  0.2307E+01  0.3943E+02
   7.410  0.2267E+01  0.3945E+02
   7.420  0.2195E+01  0.3947E+02
   7.430  0.2079E+01  0.3949E+02
   7.440  0.1997E+01  0.3951E+02
   7.450  0.1957E+01  0.3953E+02
   7.460  0.1757E+01  0.3955E+02
   7.470  0.1694E+01  0.3957E+02
   7.480  0.1629E+01  0.3959E+02
   7.490  0.1581E+01  0.3960E+02
   7.500  0.1537E+01  0.3962E+02
   7.510  0.1490E+01  0.3963E+02
   7.520  0.1436E+01  0.3965E+02
   7.530  0.1405E+01  0.3966E+02
   7.540  0.1373E+01  0.3968E+02
   7.550  0.1320E+01  0.3969E+02
   7.560  0.1285E+01  0.3970E+02
   7.570  0.1265E+01  0.3972E+02
   7.580  0.1260E+01  0.3973E+02
   7.590  0.1202E+01  0.3974E+02
   7.600  0.1127E+01  0.3975E+02
   7.610  0.1096E+01  0.3976E+02
   7.620  0.1062E+01  0.3977E+02
   7.630  0.1033E+01  0.3978E+02
   7.640  0.1022E+01  0.3979E+02
   7.650  0.9992E+00  0.3980E+02
   7.660  0.9800E+00  0.3981E+02
   7.670  0.9563E+00  0.3982E+02
   7.680  0.9323E+00  0.3983E+02
   7.690  0.9131E+00  0.3984E+02
   7.700  0.8852E+00  0.3985E+02
   7.710  0.8674E+00  0.3986E+02
   7.720  0.8412E+00  0.3987E+02
   7.730  0.8094E+00  0.3988E+02
   7.740  0.7857E+00  0.3989E+02
   7.750  0.7661E+00  0.3989E+02
   7.760  0.7482E+00  0.3990E+02
   7.770  0.7436E+00  0.3991E+02
   7.780  0.7751E+00  0.3992E+02
   7.790  0.7149E+00  0.3992E+02
   7.800  0.6216E+00  0.3993E+02
   7.810  0.5836E+00  0.3994E+02
   7.820  0.5630E+00  0.3994E+02
   7.830  0.5525E+00  0.3995E+02
   7.840  0.5594E+00  0.3995E+02
   7.850  0.5618E+00  0.3996E+02
   7.860  0.5688E+00  0.3996E+02
   7.870  0.5416E+00  0.3997E+02
   7.880  0.4913E+00  0.3997E+02
   7.890  0.4595E+00  0.3998E+02
   7.900  0.4224E+00  0.3998E+02
   7.910  0.3789E+00  0.3999E+02
   7.920  0.3361E+00  0.3999E+02
   7.930  0.2707E+00  0.3999E+02
   7.940  0.2676E+00  0.4000E+02
   7.950  0.1368E+00  0.4000E+02
   7.960  0.1152E-01  0.4000E+02
   7.970  0.0000E+00  0.4000E+02
   7.980  0.0000E+00  0.4000E+02
   7.990  0.0000E+00  0.4000E+02
   8.000  0.0000E+00  0.4000E+02
   8.010  0.0000E+00  0.4000E+02
   8.020  0.0000E+00  0.4000E+02
   8.030  0.0000E+00  0.4000E+02
   8.040  0.0000E+00  0.4000E+02
   8.050  0.0000E+00  0.4000E+02
   8.060  0.2788E-01  0.4000E+02
   8.070  0.9577E-01  0.4000E+02
   8.080  0.1679E+00  0.4000E+02
   8.090  0.2300E+00  0.4000E+02
   8.100  0.2738E+00  0.4001E+02
   8.110  0.3544E+00  0.4001E+02
   8.120  0.4104E+00  0.4001E+02
   8.130  0.4649E+00  0.4002E+02
   8.140  0.5325E+00  0.4002E+02
   8.150  0.6393E+00  0.4003E+02
   8.160  0.7532E+00  0.4004E+02
   8.170  0.8865E+00  0.4004E+02
   8.180  0.1037E+01  0.4005E+02
   8.190  0.1245E+01  0.4006E+02
   8.200  0.1546E+01  0.4008E+02
   8.210  0.1967E+01  0.4010E+02
   8.220  0.2132E+01  0.4012E+02
   8.230  0.2324E+01  0.4014E+02
   8.240  0.2443E+01  0.4016E+02
   8.250  0.2668E+01  0.4019E+02
   8.260  0.2892E+01  0.4022E+02
   8.270  0.3132E+01  0.4025E+02
   8.280  0.3369E+01  0.4028E+02
   8.290  0.3592E+01  0.4031E+02
   8.300  0.3831E+01  0.4035E+02
   8.310  0.4004E+01  0.4039E+02
   8.320  0.4158E+01  0.4043E+02
   8.330  0.4307E+01  0.4047E+02
   8.340  0.4376E+01  0.4052E+02
   8.350  0.4471E+01  0.4056E+02
   8.360  0.4564E+01  0.4061E+02
   8.370  0.4639E+01  0.4065E+02
   8.380  0.4729E+01  0.4070E+02
   8.390  0.4970E+01  0.4075E+02
   8.400  0.5348E+01  0.4080E+02
   8.410  0.5808E+01  0.4086E+02
   8.420  0.6104E+01  0.4091E+02
   8.430  0.6400E+01  0.4098E+02
   8.440  0.6656E+01  0.4104E+02
   8.450  0.6765E+01  0.4111E+02
   8.460  0.7025E+01  0.4118E+02
   8.470  0.7204E+01  0.4125E+02
   8.480  0.6685E+01  0.4132E+02
   8.490  0.6443E+01  0.4139E+02
   8.500  0.6170E+01  0.4145E+02
   8.510  0.6084E+01  0.4151E+02
   8.520  0.6024E+01  0.4157E+02
   8.530  0.5883E+01  0.4163E+02
   8.540  0.5771E+01  0.4169E+02
   8.550  0.5750E+01  0.4175E+02
   8.560  0.5755E+01  0.4180E+02
   8.570  0.5850E+01  0.4186E+02
   8.580  0.6720E+01  0.4192E+02
   8.590  0.6566E+01  0.4199E+02
   8.600  0.6512E+01  0.4206E+02
   8.610  0.6552E+01  0.4212E+02
   8.620  0.6481E+01  0.4219E+02
   8.630  0.6402E+01  0.4225E+02
   8.640  0.6220E+01  0.4231E+02
   8.650  0.6111E+01  0.4238E+02
   8.660  0.6229E+01  0.4244E+02
   8.670  0.6220E+01  0.4250E+02
   8.680  0.5979E+01  0.4256E+02
   8.690  0.5575E+01  0.4262E+02
   8.700  0.5155E+01  0.4267E+02
   8.710  0.4587E+01  0.4272E+02
   8.720  0.4217E+01  0.4276E+02
   8.730  0.4151E+01  0.4281E+02
   8.740  0.4375E+01  0.4285E+02
   8.750  0.4258E+01  0.4289E+02
   8.760  0.4035E+01  0.4293E+02
   8.770  0.3822E+01  0.4297E+02
   8.780  0.3672E+01  0.4301E+02
   8.790  0.3519E+01  0.4305E+02
   8.800  0.3257E+01  0.4308E+02
   8.810  0.3014E+01  0.4311E+02
   8.820  0.2821E+01  0.4314E+02
   8.830  0.2666E+01  0.4317E+02
   8.840  0.2403E+01  0.4319E+02
   8.850  0.1822E+01  0.4321E+02
   8.860  0.1338E+01  0.4323E+02
   8.870  0.1227E+01  0.4324E+02
   8.880  0.1248E+01  0.4326E+02
   8.890  0.1407E+01  0.4327E+02
   8.900  0.1558E+01  0.4328E+02
   8.910  0.1593E+01  0.4330E+02
   8.920  0.1669E+01  0.4332E+02
   8.930  0.1760E+01  0.4333E+02
   8.940  0.1817E+01  0.4335E+02
   8.950  0.1848E+01  0.4337E+02
   8.960  0.1875E+01  0.4339E+02
   8.970  0.1881E+01  0.4341E+02
   8.980  0.1866E+01  0.4343E+02
   8.990  0.1865E+01  0.4344E+02
   9.000  0.1900E+01  0.4346E+02
   9.010  0.1947E+01  0.4348E+02
   9.020  0.1990E+01  0.4350E+02
   9.030  0.2005E+01  0.4352E+02
   9.040  0.2022E+01  0.4354E+02
   9.050  0.2051E+01  0.4356E+02
   9.060  0.2088E+01  0.4358E+02
   9.070  0.2136E+01  0.4360E+02
   9.080  0.2208E+01  0.4363E+02
   9.090  0.2264E+01  0.4365E+02
   9.100  0.2322E+01  0.4367E+02
   9.110  0.2402E+01  0.4369E+02
   9.120  0.2654E+01  0.4372E+02
   9.130  0.2883E+01  0.4375E+02
   9.140  0.3049E+01  0.4378E+02
   9.150  0.3155E+01  0.4381E+02
   9.160  0.3279E+01  0.4384E+02
   9.170  0.3443E+01  0.4387E+02
   9.180  0.3607E+01  0.4391E+02
   9.190  0.3826E+01  0.4395E+02
   9.200  0.4129E+01  0.4399E+02
   9.210  0.4367E+01  0.4403E+02
   9.220  0.4600E+01  0.4407E+02
   9.230  0.4902E+01  0.4412E+02
   9.240  0.5141E+01  0.4417E+02
   9.250  0.5349E+01  0.4422E+02
   9.260  0.5579E+01  0.4428E+02
   9.270  0.5947E+01  0.4434E+02
   9.280  0.6204E+01  0.4440E+02
   9.290  0.6238E+01  0.4446E+02
   9.300  0.6318E+01  0.4452E+02
   9.310  0.6350E+01  0.4459E+02
   9.320  0.6446E+01  0.4465E+02
   9.330  0.6446E+01  0.4471E+02
   9.340  0.6458E+01  0.4478E+02
   9.350  0.6497E+01  0.4484E+02
   9.360  0.6532E+01  0.4491E+02
   9.370  0.6686E+01  0.4497E+02
   9.380  0.6677E+01  0.4504E+02
   9.390  0.6656E+01  0.4511E+02
   9.400  0.6634E+01  0.4517E+02
   9.410  0.7217E+01  0.4524E+02
   9.420  0.7956E+01  0.4532E+02
   9.430  0.9207E+01  0.4540E+02
   9.440  0.1012E+02  0.4550E+02
   9.450  0.1009E+02  0.4560E+02
   9.460  0.9780E+01  0.4570E+02
   9.470  0.1004E+02  0.4580E+02
   9.480  0.1147E+02  0.4591E+02
   9.490  0.8732E+01  0.4601E+02
   9.500  0.8385E+01  0.4609E+02
   9.510  0.8123E+01  0.4617E+02
   9.520  0.8011E+01  0.4626E+02
   9.530  0.5851E+01  0.4633E+02
   9.540  0.5557E+01  0.4639E+02
   9.550  0.5311E+01  0.4644E+02
   9.560  0.5167E+01  0.4649E+02
   9.570  0.5122E+01  0.4655E+02
   9.580  0.4858E+01  0.4660E+02
   9.590  0.4687E+01  0.4664E+02
   9.600  0.4548E+01  0.4669E+02
   9.610  0.4430E+01  0.4673E+02
   9.620  0.4349E+01  0.4678E+02
   9.630  0.4327E+01  0.4682E+02
   9.640  0.4390E+01  0.4686E+02
   9.650  0.4562E+01  0.4691E+02
   9.660  0.4720E+01  0.4696E+02
   9.670  0.4944E+01  0.4700E+02
   9.680  0.5262E+01  0.4706E+02
   9.690  0.5702E+01  0.4711E+02
   9.700  0.6053E+01  0.4717E+02
   9.710  0.6235E+01  0.4723E+02
   9.720  0.6636E+01  0.4729E+02
   9.730  0.6931E+01  0.4736E+02
   9.740  0.7176E+01  0.4743E+02
   9.750  0.7351E+01  0.4751E+02
   9.760  0.7536E+01  0.4758E+02
   9.770  0.7712E+01  0.4766E+02
   9.780  0.7685E+01  0.4773E+02
   9.790  0.7758E+01  0.4781E+02
   9.800  0.7847E+01  0.4789E+02
   9.810  0.7891E+01  0.4797E+02
   9.820  0.7874E+01  0.4805E+02
   9.830  0.7518E+01  0.4812E+02
   9.840  0.7415E+01  0.4820E+02
   9.850  0.7245E+01  0.4827E+02
   9.860  0.7141E+01  0.4834E+02
   9.870  0.6874E+01  0.4842E+02
   9.880  0.6538E+01  0.4848E+02
   9.890  0.6344E+01  0.4855E+02
   9.900  0.6137E+01  0.4861E+02
   9.910  0.5952E+01  0.4867E+02
   9.920  0.5845E+01  0.4873E+02
   9.930  0.5806E+01  0.4879E+02
   9.940  0.5645E+01  0.4884E+02
   9.950  0.5593E+01  0.4890E+02
   9.960  0.5598E+01  0.4896E+02
   9.970  0.5706E+01  0.4901E+02
   9.980  0.5634E+01  0.4907E+02
   9.990  0.5466E+01  0.4913E+02
  10.000  0.5301E+01  0.4918E+02
  10.010  0.5212E+01  0.4923E+02
  10.020  0.5218E+01  0.4928E+02
  10.030  0.5251E+01  0.4934E+02
  10.040  0.5374E+01  0.4939E+02
  10.050  0.5481E+01  0.4944E+02
  10.060  0.5486E+01  0.4950E+02
  10.070  0.5296E+01  0.4955E+02
  10.080  0.5214E+01  0.4960E+02
  10.090  0.5022E+01  0.4966E+02
  10.100  0.4819E+01  0.4971E+02
  10.110  0.4741E+01  0.4975E+02
  10.120  0.5302E+01  0.4980E+02
  10.130  0.3514E+01  0.4985E+02
  10.140  0.3241E+01  0.4988E+02
  10.150  0.3010E+01  0.4991E+02
  10.160  0.2902E+01  0.4994E+02
  10.170  0.2832E+01  0.4997E+02
  10.180  0.2736E+01  0.5000E+02
  10.190  0.2661E+01  0.5003E+02
  10.200  0.2621E+01  0.5005E+02
  10.210  0.2588E+01  0.5008E+02
  10.220  0.2560E+01  0.5010E+02
  10.230  0.2532E+01  0.5013E+02
  10.240  0.2565E+01  0.5015E+02
  10.250  0.2620E+01  0.5018E+02
  10.260  0.2698E+01  0.5021E+02
  10.270  0.2788E+01  0.5023E+02
  10.280  0.2869E+01  0.5026E+02
  10.290  0.2948E+01  0.5029E+02
  10.300  0.3078E+01  0.5032E+02
  10.310  0.3226E+01  0.5035E+02
  10.320  0.3351E+01  0.5039E+02
  10.330  0.3457E+01  0.5042E+02
  10.340  0.3546E+01  0.5046E+02
  10.350  0.3616E+01  0.5049E+02
  10.360  0.3695E+01  0.5053E+02
  10.370  0.3813E+01  0.5057E+02
  10.380  0.3931E+01  0.5060E+02
  10.390  0.4056E+01  0.5064E+02
  10.400  0.4144E+01  0.5068E+02
  10.410  0.4208E+01  0.5073E+02
  10.420  0.4185E+01  0.5077E+02
  10.430  0.4294E+01  0.5081E+02
  10.440  0.4574E+01  0.5086E+02
  10.450  0.4882E+01  0.5090E+02
  10.460  0.5264E+01  0.5095E+02
  10.470  0.5744E+01  0.5101E+02
  10.480  0.5765E+01  0.5107E+02
  10.490  0.5608E+01  0.5112E+02
  10.500  0.5519E+01  0.5118E+02
  10.510  0.5501E+01  0.5124E+02
  10.520  0.5536E+01  0.5129E+02
  10.530  0.5574E+01  0.5135E+02
  10.540  0.5657E+01  0.5140E+02
  10.550  0.5737E+01  0.5146E+02
  10.560  0.5774E+01  0.5152E+02
  10.570  0.5807E+01  0.5157E+02
  10.580  0.5891E+01  0.5163E+02
  10.590  0.5998E+01  0.5169E+02
  10.600  0.5879E+01  0.5175E+02
  10.610  0.5673E+01  0.5181E+02
  10.620  0.5609E+01  0.5187E+02
  10.630  0.5664E+01  0.5192E+02
  10.640  0.5670E+01  0.5198E+02
  10.650  0.5608E+01  0.5204E+02
  10.660  0.5509E+01  0.5209E+02
  10.670  0.5473E+01  0.5215E+02
  10.680  0.5208E+01  0.5220E+02
  10.690  0.5162E+01  0.5225E+02
  10.700  0.5185E+01  0.5230E+02
  10.710  0.5145E+01  0.5236E+02
  10.720  0.5152E+01  0.5241E+02
  10.730  0.5136E+01  0.5246E+02
  10.740  0.5124E+01  0.5251E+02
  10.750  0.5092E+01  0.5256E+02
  10.760  0.5066E+01  0.5261E+02
  10.770  0.5076E+01  0.5266E+02
  10.780  0.5055E+01  0.5271E+02
  10.790  0.4976E+01  0.5276E+02
  10.800  0.4950E+01  0.5281E+02
  10.810  0.4975E+01  0.5286E+02
  10.820  0.5062E+01  0.5291E+02
  10.830  0.5144E+01  0.5296E+02
  10.840  0.5362E+01  0.5302E+02
  10.850  0.5603E+01  0.5307E+02
  10.860  0.6169E+01  0.5313E+02
  10.870  0.5904E+01  0.5319E+02
  10.880  0.5984E+01  0.5325E+02
  10.890  0.6105E+01  0.5331E+02
  10.900  0.6260E+01  0.5337E+02
  10.910  0.6335E+01  0.5344E+02
  10.920  0.6424E+01  0.5350E+02
  10.930  0.6448E+01  0.5356E+02
  10.940  0.6354E+01  0.5363E+02
  10.950  0.6222E+01  0.5369E+02
  10.960  0.6048E+01  0.5375E+02
  10.970  0.5769E+01  0.5381E+02
  10.980  0.5519E+01  0.5387E+02
  10.990  0.5104E+01  0.5392E+02
  11.000  0.4783E+01  0.5397E+02
  11.010  0.4560E+01  0.5402E+02
  11.020  0.4237E+01  0.5406E+02
  11.030  0.4027E+01  0.5410E+02
  11.040  0.3921E+01  0.5414E+02
  11.050  0.3925E+01  0.5418E+02
  11.060  0.3589E+01  0.5422E+02
  11.070  0.3397E+01  0.5425E+02
  11.080  0.3247E+01  0.5429E+02
  11.090  0.3130E+01  0.5432E+02
  11.100  0.3098E+01  0.5435E+02
  11.110  0.3117E+01  0.5438E+02
  11.120  0.3457E+01  0.5441E+02
  11.130  0.3799E+01  0.5445E+02
  11.140  0.3979E+01  0.5449E+02
  11.150  0.4266E+01  0.5453E+02
  11.160  0.4753E+01  0.5458E+02
  11.170  0.5029E+01  0.5462E+02
  11.180  0.4990E+01  0.5468E+02
  11.190  0.4760E+01  0.5472E+02
  11.200  0.4558E+01  0.5477E+02
  11.210  0.4289E+01  0.5482E+02
  11.220  0.4097E+01  0.5486E+02
  11.230  0.3976E+01  0.5490E+02
  11.240  0.4059E+01  0.5494E+02
  11.250  0.4412E+01  0.5498E+02
  11.260  0.4817E+01  0.5503E+02
  11.270  0.5467E+01  0.5508E+02
  11.280  0.6644E+01  0.5514E+02
  11.290  0.7965E+01  0.5521E+02
  11.300  0.7783E+01  0.5529E+02
  11.310  0.7920E+01  0.5537E+02
  11.320  0.7201E+01  0.5544E+02
  11.330  0.7264E+01  0.5552E+02
  11.340  0.6915E+01  0.5559E+02
  11.350  0.6700E+01  0.5566E+02
  11.360  0.6708E+01  0.5572E+02
  11.370  0.6581E+01  0.5579E+02
  11.380  0.6314E+01  0.5585E+02
  11.390  0.6127E+01  0.5592E+02
  11.400  0.6013E+01  0.5598E+02
  11.410  0.5949E+01  0.5604E+02
  11.420  0.5765E+01  0.5610E+02
  11.430  0.5483E+01  0.5615E+02
  11.440  0.5189E+01  0.5621E+02
  11.450  0.4913E+01  0.5626E+02
  11.460  0.4667E+01  0.5630E+02
  11.470  0.4349E+01  0.5635E+02
  11.480  0.4187E+01  0.5639E+02
  11.490  0.4057E+01  0.5643E+02
  11.500  0.3788E+01  0.5647E+02
  11.510  0.3635E+01  0.5651E+02
  11.520  0.3513E+01  0.5655E+02
  11.530  0.3421E+01  0.5658E+02
  11.540  0.3312E+01  0.5661E+02
  11.550  0.3254E+01  0.5665E+02
  11.560  0.3222E+01  0.5668E+02
  11.570  0.3182E+01  0.5671E+02
  11.580  0.3165E+01  0.5674E+02
  11.590  0.3132E+01  0.5677E+02
  11.600  0.3091E+01  0.5680E+02
  11.610  0.3070E+01  0.5684E+02
  11.620  0.3035E+01  0.5687E+02
  11.630  0.3005E+01  0.5690E+02
  11.640  0.3002E+01  0.5693E+02
  11.650  0.3024E+01  0.5696E+02
  11.660  0.3052E+01  0.5699E+02
  11.670  0.3076E+01  0.5702E+02
  11.680  0.3164E+01  0.5705E+02
  11.690  0.3191E+01  0.5708E+02
  11.700  0.3201E+01  0.5711E+02
  11.710  0.3249E+01  0.5715E+02
  11.720  0.3380E+01  0.5718E+02
  11.730  0.3410E+01  0.5721E+02
  11.740  0.3411E+01  0.5725E+02
  11.750  0.3450E+01  0.5728E+02
  11.760  0.3429E+01  0.5732E+02
  11.770  0.3423E+01  0.5735E+02
  11.780  0.3403E+01  0.5738E+02
  11.790  0.3388E+01  0.5742E+02
  11.800  0.3405E+01  0.5745E+02
  11.810  0.3420E+01  0.5749E+02
  11.820  0.3416E+01  0.5752E+02
  11.830  0.3410E+01  0.5755E+02
  11.840  0.3397E+01  0.5759E+02
  11.850  0.3416E+01  0.5762E+02
  11.860  0.3414E+01  0.5766E+02
  11.870  0.3486E+01  0.5769E+02
  11.880  0.3460E+01  0.5773E+02
  11.890  0.3492E+01  0.5776E+02
  11.900  0.3559E+01  0.5780E+02
  11.910  0.3684E+01  0.5783E+02
  11.920  0.3873E+01  0.5787E+02
  11.930  0.4017E+01  0.5791E+02
  11.940  0.4083E+01  0.5795E+02
  11.950  0.4260E+01  0.5799E+02
  11.960  0.4415E+01  0.5804E+02
  11.970  0.3935E+01  0.5808E+02
  11.980  0.3882E+01  0.5812E+02
  11.990  0.3818E+01  0.5815E+02
  12.000  0.3838E+01  0.5819E+02
  12.010  0.3882E+01  0.5823E+02
  12.020  0.3926E+01  0.5827E+02
  12.030  0.4113E+01  0.5831E+02
  12.040  0.4486E+01  0.5835E+02
  12.050  0.4549E+01  0.5840E+02
  12.060  0.4773E+01  0.5845E+02
  12.070  0.4933E+01  0.5849E+02
  12.080  0.5175E+01  0.5854E+02
  12.090  0.5358E+01  0.5860E+02
  12.100  0.5720E+01  0.5865E+02
  12.110  0.6452E+01  0.5871E+02
  12.120  0.7083E+01  0.5878E+02
  12.130  0.7481E+01  0.5885E+02
  12.140  0.7634E+01  0.5893E+02
  12.150  0.7650E+01  0.5901E+02
  12.160  0.6128E+01  0.5908E+02
  12.170  0.5333E+01  0.5913E+02
  12.180  0.4871E+01  0.5918E+02
  12.190  0.4923E+01  0.5923E+02
  12.200  0.4199E+01  0.5928E+02
  12.210  0.3798E+01  0.5932E+02
  12.220  0.3461E+01  0.5936E+02
  12.230  0.3179E+01  0.5939E+02
  12.240  0.2923E+01  0.5942E+02
  12.250  0.2730E+01  0.5945E+02
  12.260  0.2598E+01  0.5947E+02
  12.270  0.2508E+01  0.5950E+02
  12.280  0.2470E+01  0.5952E+02
  12.290  0.2468E+01  0.5955E+02
  12.300  0.2309E+01  0.5957E+02
  12.310  0.2209E+01  0.5960E+02
  12.320  0.2130E+01  0.5962E+02
  12.330  0.1991E+01  0.5964E+02
  12.340  0.1903E+01  0.5966E+02
  12.350  0.1861E+01  0.5968E+02
  12.360  0.1797E+01  0.5969E+02
  12.370  0.1730E+01  0.5971E+02
  12.380  0.1713E+01  0.5973E+02
  12.390  0.1721E+01  0.5975E+02
  12.400  0.1744E+01  0.5976E+02
  12.410  0.1767E+01  0.5978E+02
  12.420  0.1876E+01  0.5980E+02
  12.430  0.1990E+01  0.5982E+02
  12.440  0.2017E+01  0.5984E+02
  12.450  0.1990E+01  0.5986E+02
  12.460  0.2044E+01  0.5988E+02
  12.470  0.2089E+01  0.5990E+02
  12.480  0.2172E+01  0.5992E+02
  12.490  0.2289E+01  0.5994E+02
  12.500  0.2319E+01  0.5997E+02
  12.510  0.2323E+01  0.5999E+02
  12.520  0.2344E+01  0.6001E+02
  12.530  0.2348E+01  0.6004E+02
  12.540  0.2337E+01  0.6006E+02
  12.550  0.2356E+01  0.6008E+02
  12.560  0.2374E+01  0.6011E+02
  12.570  0.2331E+01  0.6013E+02
  12.580  0.2378E+01  0.6015E+02
  12.590  0.2504E+01  0.6018E+02
  12.600  0.2677E+01  0.6020E+02
  12.610  0.2854E+01  0.6023E+02
  12.620  0.3058E+01  0.6026E+02
  12.630  0.3228E+01  0.6029E+02
  12.640  0.3401E+01  0.6033E+02
  12.650  0.3748E+01  0.6036E+02
  12.660  0.3767E+01  0.6040E+02
  12.670  0.3873E+01  0.6044E+02
  12.680  0.4022E+01  0.6048E+02
  12.690  0.4213E+01  0.6052E+02
  12.700  0.4427E+01  0.6056E+02
  12.710  0.4640E+01  0.6061E+02
  12.720  0.4777E+01  0.6065E+02
  12.730  0.5150E+01  0.6070E+02
  12.740  0.5354E+01  0.6076E+02
  12.750  0.5462E+01  0.6081E+02
  12.760  0.5648E+01  0.6086E+02
  12.770  0.5694E+01  0.6092E+02
  12.780  0.5707E+01  0.6098E+02
  12.790  0.5735E+01  0.6104E+02
  12.800  0.5719E+01  0.6109E+02
  12.810  0.5728E+01  0.6115E+02
  12.820  0.5738E+01  0.6121E+02
  12.830  0.5763E+01  0.6127E+02
  12.840  0.5879E+01  0.6132E+02
  12.850  0.5826E+01  0.6138E+02
  12.860  0.5855E+01  0.6144E+02
  12.870  0.5912E+01  0.6150E+02
  12.880  0.6016E+01  0.6156E+02
  12.890  0.6107E+01  0.6162E+02
  12.900  0.6227E+01  0.6168E+02
  12.910  0.6379E+01  0.6174E+02
  12.920  0.6614E+01  0.6181E+02
  12.930  0.6760E+01  0.6188E+02
  12.940  0.6363E+01  0.6194E+02
  12.950  0.6157E+01  0.6200E+02
  12.960  0.6086E+01  0.6207E+02
  12.970  0.6074E+01  0.6213E+02
  12.980  0.5994E+01  0.6219E+02
  12.990  0.5762E+01  0.6225E+02
  13.000  0.5602E+01  0.6230E+02
  13.010  0.5499E+01  0.6236E+02
  13.020  0.5499E+01  0.6241E+02
  13.030  0.5367E+01  0.6247E+02
  13.040  0.5255E+01  0.6252E+02
  13.050  0.5148E+01  0.6257E+02
  13.060  0.4901E+01  0.6262E+02
  13.070  0.4682E+01  0.6267E+02
  13.080  0.4495E+01  0.6272E+02
  13.090  0.4287E+01  0.6276E+02
  13.100  0.4122E+01  0.6280E+02
  13.110  0.3983E+01  0.6284E+02
  13.120  0.3834E+01  0.6288E+02
  13.130  0.3703E+01  0.6292E+02
  13.140  0.3601E+01  0.6296E+02
  13.150  0.3440E+01  0.6299E+02
  13.160  0.3289E+01  0.6303E+02
  13.170  0.3205E+01  0.6306E+02
  13.180  0.3523E+01  0.6309E+02
  13.190  0.3126E+01  0.6312E+02
  13.200  0.3087E+01  0.6315E+02
  13.210  0.3077E+01  0.6318E+02
  13.220  0.3062E+01  0.6322E+02
  13.230  0.3011E+01  0.6325E+02
  13.240  0.3300E+01  0.6328E+02
  13.250  0.3596E+01  0.6331E+02
  13.260  0.3674E+01  0.6335E+02
  13.270  0.3797E+01  0.6339E+02
  13.280  0.3950E+01  0.6343E+02
  13.290  0.3923E+01  0.6346E+02
  13.300  0.4038E+01  0.6350E+02
  13.310  0.4053E+01  0.6355E+02
  13.320  0.4061E+01  0.6359E+02
  13.330  0.4024E+01  0.6363E+02
  13.340  0.3973E+01  0.6367E+02
  13.350  0.3985E+01  0.6371E+02
  13.360  0.3952E+01  0.6375E+02
  13.370  0.3980E+01  0.6379E+02
  13.380  0.4052E+01  0.6383E+02
  13.390  0.4071E+01  0.6387E+02
  13.400  0.4089E+01  0.6391E+02
  13.410  0.4138E+01  0.6395E+02
  13.420  0.4220E+01  0.6399E+02
  13.430  0.4313E+01  0.6403E+02
  13.440  0.4436E+01  0.6408E+02
  13.450  0.4461E+01  0.6412E+02
  13.460  0.4429E+01  0.6417E+02
  13.470  0.4362E+01  0.6421E+02
  13.480  0.4321E+01  0.6425E+02
  13.490  0.4343E+01  0.6430E+02
  13.500  0.4358E+01  0.6434E+02
  13.510  0.4389E+01  0.6438E+02
  13.520  0.4488E+01  0.6443E+02
  13.530  0.4587E+01  0.6447E+02
  13.540  0.4765E+01  0.6452E+02
  13.550  0.4845E+01  0.6457E+02
  13.560  0.5083E+01  0.6462E+02
  13.570  0.5138E+01  0.6467E+02
  13.580  0.5143E+01  0.6472E+02
  13.590  0.5266E+01  0.6477E+02
  13.600  0.5263E+01  0.6483E+02
  13.610  0.5215E+01  0.6488E+02
  13.620  0.5115E+01  0.6493E+02
  13.630  0.5022E+01  0.6498E+02
  13.640  0.4981E+01  0.6503E+02
  13.650  0.4975E+01  0.6508E+02
  13.660  0.4941E+01  0.6513E+02
  13.670  0.4882E+01  0.6518E+02
  13.680  0.5021E+01  0.6523E+02
  13.690  0.4794E+01  0.6528E+02
  13.700  0.4702E+01  0.6532E+02
  13.710  0.4738E+01  0.6537E+02
  13.720  0.5036E+01  0.6542E+02
  13.730  0.4606E+01  0.6547E+02
  13.740  0.4414E+01  0.6551E+02
  13.750  0.4544E+01  0.6556E+02
  13.760  0.4659E+01  0.6560E+02
  13.770  0.4863E+01  0.6565E+02
  13.780  0.4828E+01  0.6570E+02
  13.790  0.4818E+01  0.6575E+02
  13.800  0.4766E+01  0.6580E+02
  13.810  0.4715E+01  0.6584E+02
  13.820  0.4712E+01  0.6589E+02
  13.830  0.4707E+01  0.6594E+02
  13.840  0.4750E+01  0.6598E+02
  13.850  0.4859E+01  0.6603E+02
  13.860  0.5018E+01  0.6608E+02
  13.870  0.4963E+01  0.6613E+02
  13.880  0.4827E+01  0.6618E+02
  13.890  0.4806E+01  0.6623E+02
  13.900  0.4797E+01  0.6628E+02
  13.910  0.4783E+01  0.6633E+02
  13.920  0.4754E+01  0.6637E+02
  13.930  0.4742E+01  0.6642E+02
  13.940  0.4773E+01  0.6647E+02
  13.950  0.4759E+01  0.6652E+02
  13.960  0.4839E+01  0.6656E+02
  13.970  0.4925E+01  0.6661E+02
  13.980  0.4995E+01  0.6666E+02
  13.990  0.5138E+01  0.6671E+02
  14.000  0.5286E+01  0.6676E+02
  14.010  0.5457E+01  0.6682E+02
  14.020  0.5794E+01  0.6687E+02
  14.030  0.6224E+01  0.6693E+02
  14.040  0.5891E+01  0.6699E+02
  14.050  0.5895E+01  0.6705E+02
  14.060  0.5906E+01  0.6711E+02
  14.070  0.5764E+01  0.6717E+02
  14.080  0.5555E+01  0.6723E+02
  14.090  0.5406E+01  0.6728E+02
  14.100  0.5282E+01  0.6734E+02
  14.110  0.5185E+01  0.6739E+02
  14.120  0.4966E+01  0.6744E+02
  14.130  0.4760E+01  0.6749E+02
  14.140  0.4611E+01  0.6753E+02
  14.150  0.4531E+01  0.6758E+02
  14.160  0.4507E+01  0.6762E+02
  14.170  0.4568E+01  0.6767E+02
  14.180  0.4655E+01  0.6772E+02
  14.190  0.4629E+01  0.6776E+02
  14.200  0.4626E+01  0.6781E+02
  14.210  0.4566E+01  0.6786E+02
  14.220  0.4491E+01  0.6790E+02
  14.230  0.4458E+01  0.6795E+02
  14.240  0.4461E+01  0.6799E+02
  14.250  0.4484E+01  0.6804E+02
  14.260  0.4522E+01  0.6808E+02
  14.270  0.4573E+01  0.6813E+02
  14.280  0.4656E+01  0.6817E+02
  14.290  0.4767E+01  0.6822E+02
  14.300  0.4871E+01  0.6827E+02
  14.310  0.5030E+01  0.6832E+02
  14.320  0.5110E+01  0.6837E+02
  14.330  0.5193E+01  0.6842E+02
  14.340  0.5230E+01  0.6847E+02
  14.350  0.5281E+01  0.6852E+02
  14.360  0.5236E+01  0.6858E+02
  14.370  0.5207E+01  0.6863E+02
  14.380  0.5227E+01  0.6868E+02
  14.390  0.5242E+01  0.6873E+02
  14.400  0.5293E+01  0.6879E+02
  14.410  0.5331E+01  0.6884E+02
  14.420  0.5411E+01  0.6889E+02
  14.430  0.5456E+01  0.6895E+02
  14.440  0.5322E+01  0.6900E+02
  14.450  0.5254E+01  0.6905E+02
  14.460  0.5246E+01  0.6911E+02
  14.470  0.5249E+01  0.6916E+02
  14.480  0.5319E+01  0.6921E+02
  14.490  0.5408E+01  0.6927E+02
  14.500  0.5428E+01  0.6932E+02
  14.510  0.5585E+01  0.6937E+02
  14.520  0.5827E+01  0.6943E+02
  14.530  0.5993E+01  0.6949E+02
  14.540  0.5901E+01  0.6955E+02
  14.550  0.6022E+01  0.6961E+02
  14.560  0.6143E+01  0.6967E+02
  14.570  0.6242E+01  0.6973E+02
  14.580  0.6303E+01  0.6980E+02
  14.590  0.6508E+01  0.6986E+02
  14.600  0.6773E+01  0.6993E+02
  14.610  0.7261E+01  0.7000E+02
  14.620  0.8100E+01  0.7007E+02
  14.630  0.8151E+01  0.7015E+02
  14.640  0.8574E+01  0.7024E+02
  14.650  0.8668E+01  0.7032E+02
  14.660  0.8699E+01  0.7041E+02
  14.670  0.8710E+01  0.7050E+02
  14.680  0.9318E+01  0.7059E+02
  14.690  0.8843E+01  0.7068E+02
  14.700  0.8586E+01  0.7076E+02
  14.710  0.8611E+01  0.7085E+02
  14.720  0.8851E+01  0.7094E+02
  14.730  0.9197E+01  0.7103E+02
  14.740  0.9037E+01  0.7112E+02
  14.750  0.8810E+01  0.7121E+02
  14.760  0.8157E+01  0.7129E+02
  14.770  0.7847E+01  0.7137E+02
  14.780  0.6600E+01  0.7145E+02
  14.790  0.6122E+01  0.7151E+02
  14.800  0.6017E+01  0.7157E+02
  14.810  0.6077E+01  0.7163E+02
  14.820  0.6117E+01  0.7169E+02
  14.830  0.6187E+01  0.7175E+02
  14.840  0.6199E+01  0.7181E+02
  14.850  0.6304E+01  0.7188E+02
  14.860  0.6829E+01  0.7194E+02
  14.870  0.6632E+01  0.7201E+02
  14.880  0.6552E+01  0.7208E+02
  14.890  0.6441E+01  0.7214E+02
  14.900  0.6511E+01  0.7220E+02
  14.910  0.6541E+01  0.7227E+02
  14.920  0.6772E+01  0.7234E+02
  14.930  0.6737E+01  0.7240E+02
  14.940  0.6691E+01  0.7247E+02
  14.950  0.5846E+01  0.7254E+02
  14.960  0.5310E+01  0.7259E+02
  14.970  0.5072E+01  0.7264E+02
  14.980  0.4938E+01  0.7269E+02
  14.990  0.4841E+01  0.7274E+02
  15.000  0.4673E+01  0.7279E+02
