#  E (eV)   dos(E)     Int dos(E) EFermi =   -1.633 eV
 -15.000  0.5812E+01  0.3457E+01
 -14.990  0.5386E+01  0.3514E+01
 -14.980  0.5287E+01  0.3567E+01
 -14.970  0.4977E+01  0.3618E+01
 -14.960  0.4775E+01  0.3668E+01
 -14.950  0.4693E+01  0.3715E+01
 -14.940  0.4444E+01  0.3760E+01
 -14.930  0.4240E+01  0.3805E+01
 -14.920  0.4386E+01  0.3848E+01
 -14.910  0.4636E+01  0.3889E+01
 -14.900  0.2101E+01  0.3922E+01
 -14.890  0.2214E+01  0.3943E+01
 -14.880  0.2060E+01  0.3964E+01
 -14.870  0.1939E+01  0.3985E+01
 -14.860  0.0000E+00  0.4000E+01
 -14.850  0.0000E+00  0.4000E+01
 -14.840  0.0000E+00  0.4000E+01
 -14.830  0.0000E+00  0.4000E+01
 -14.820  0.0000E+00  0.4000E+01
 -14.810  0.0000E+00  0.4000E+01
 -14.800  0.0000E+00  0.4000E+01
 -14.790  0.0000E+00  0.4000E+01
 -14.780  0.0000E+00  0.4000E+01
 -14.770  0.0000E+00  0.4000E+01
 -14.760  0.0000E+00  0.4000E+01
 -14.750  0.0000E+00  0.4000E+01
 -14.740  0.0000E+00  0.4000E+01
 -14.730  0.0000E+00  0.4000E+01
 -14.720  0.0000E+00  0.4000E+01
 -14.710  0.0000E+00  0.4000E+01
 -14.700  0.0000E+00  0.4000E+01
 -14.690  0.0000E+00  0.4000E+01
 -14.680  0.0000E+00  0.4000E+01
 -14.670  0.0000E+00  0.4000E+01
 -14.660  0.0000E+00  0.4000E+01
 -14.650  0.0000E+00  0.4000E+01
 -14.640  0.0000E+00  0.4000E+01
 -14.630  0.0000E+00  0.4000E+01
 -14.620  0.0000E+00  0.4000E+01
 -14.610  0.0000E+00  0.4000E+01
 -14.600  0.0000E+00  0.4000E+01
 -14.590  0.0000E+00  0.4000E+01
 -14.580  0.0000E+00  0.4000E+01
 -14.570  0.0000E+00  0.4000E+01
 -14.560  0.0000E+00  0.4000E+01
 -14.550  0.0000E+00  0.4000E+01
 -14.540  0.0000E+00  0.4000E+01
 -14.530  0.0000E+00  0.4000E+01
 -14.520  0.0000E+00  0.4000E+01
 -14.510  0.0000E+00  0.4000E+01
 -14.500  0.0000E+00  0.4000E+01
 -14.490  0.0000E+00  0.4000E+01
 -14.480  0.0000E+00  0.4000E+01
 -14.470  0.0000E+00  0.4000E+01
 -14.460  0.0000E+00  0.4000E+01
 -14.450  0.0000E+00  0.4000E+01
 -14.440  0.0000E+00  0.4000E+01
 -14.430  0.0000E+00  0.4000E+01
 -14.420  0.0000E+00  0.4000E+01
 -14.410  0.0000E+00  0.4000E+01
 -14.400  0.0000E+00  0.4000E+01
 -14.390  0.0000E+00  0.4000E+01
 -14.380  0.0000E+00  0.4000E+01
 -14.370  0.0000E+00  0.4000E+01
 -14.360  0.0000E+00  0.4000E+01
 -14.350  0.0000E+00  0.4000E+01
 -14.340  0.0000E+00  0.4000E+01
 -14.330  0.0000E+00  0.4000E+01
 -14.320  0.0000E+00  0.4000E+01
 -14.310  0.0000E+00  0.4000E+01
 -14.300  0.0000E+00  0.4000E+01
 -14.290  0.0000E+00  0.4000E+01
 -14.280  0.0000E+00  0.4000E+01
 -14.270  0.0000E+00  0.4000E+01
 -14.260  0.0000E+00  0.4000E+01
 -14.250  0.0000E+00  0.4000E+01
 -14.240  0.0000E+00  0.4000E+01
 -14.230  0.0000E+00  0.4000E+01
 -14.220  0.0000E+00  0.4000E+01
 -14.210  0.0000E+00  0.4000E+01
 -14.200  0.0000E+00  0.4000E+01
 -14.190  0.0000E+00  0.4000E+01
 -14.180  0.0000E+00  0.4000E+01
 -14.170  0.0000E+00  0.4000E+01
 -14.160  0.0000E+00  0.4000E+01
 -14.150  0.0000E+00  0.4000E+01
 -14.140  0.0000E+00  0.4000E+01
 -14.130  0.0000E+00  0.4000E+01
 -14.120  0.0000E+00  0.4000E+01
 -14.110  0.0000E+00  0.4000E+01
 -14.100  0.0000E+00  0.4000E+01
 -14.090  0.0000E+00  0.4000E+01
 -14.080  0.0000E+00  0.4000E+01
 -14.070  0.0000E+00  0.4000E+01
 -14.060  0.0000E+00  0.4000E+01
 -14.050  0.0000E+00  0.4000E+01
 -14.040  0.0000E+00  0.4000E+01
 -14.030  0.0000E+00  0.4000E+01
 -14.020  0.0000E+00  0.4000E+01
 -14.010  0.0000E+00  0.4000E+01
 -14.000  0.0000E+00  0.4000E+01
 -13.990  0.0000E+00  0.4000E+01
 -13.980  0.0000E+00  0.4000E+01
 -13.970  0.0000E+00  0.4000E+01
 -13.960  0.0000E+00  0.4000E+01
 -13.950  0.0000E+00  0.4000E+01
 -13.940  0.0000E+00  0.4000E+01
 -13.930  0.0000E+00  0.4000E+01
 -13.920  0.0000E+00  0.4000E+01
 -13.910  0.0000E+00  0.4000E+01
 -13.900  0.0000E+00  0.4000E+01
 -13.890  0.0000E+00  0.4000E+01
 -13.880  0.0000E+00  0.4000E+01
 -13.870  0.0000E+00  0.4000E+01
 -13.860  0.0000E+00  0.4000E+01
 -13.850  0.0000E+00  0.4000E+01
 -13.840  0.0000E+00  0.4000E+01
 -13.830  0.0000E+00  0.4000E+01
 -13.820  0.0000E+00  0.4000E+01
 -13.810  0.0000E+00  0.4000E+01
 -13.800  0.0000E+00  0.4000E+01
 -13.790  0.0000E+00  0.4000E+01
 -13.780  0.0000E+00  0.4000E+01
 -13.770  0.0000E+00  0.4000E+01
 -13.760  0.0000E+00  0.4000E+01
 -13.750  0.0000E+00  0.4000E+01
 -13.740  0.0000E+00  0.4000E+01
 -13.730  0.0000E+00  0.4000E+01
 -13.720  0.0000E+00  0.4000E+01
 -13.710  0.0000E+00  0.4000E+01
 -13.700  0.0000E+00  0.4000E+01
 -13.690  0.0000E+00  0.4000E+01
 -13.680  0.0000E+00  0.4000E+01
 -13.670  0.0000E+00  0.4000E+01
 -13.660  0.0000E+00  0.4000E+01
 -13.650  0.0000E+00  0.4000E+01
 -13.640  0.0000E+00  0.4000E+01
 -13.630  0.0000E+00  0.4000E+01
 -13.620  0.0000E+00  0.4000E+01
 -13.610  0.0000E+00  0.4000E+01
 -13.600  0.0000E+00  0.4000E+01
 -13.590  0.0000E+00  0.4000E+01
 -13.580  0.0000E+00  0.4000E+01
 -13.570  0.0000E+00  0.4000E+01
 -13.560  0.0000E+00  0.4000E+01
 -13.550  0.0000E+00  0.4000E+01
 -13.540  0.0000E+00  0.4000E+01
 -13.530  0.0000E+00  0.4000E+01
 -13.520  0.0000E+00  0.4000E+01
 -13.510  0.0000E+00  0.4000E+01
 -13.500  0.0000E+00  0.4000E+01
 -13.490  0.0000E+00  0.4000E+01
 -13.480  0.0000E+00  0.4000E+01
 -13.470  0.0000E+00  0.4000E+01
 -13.460  0.0000E+00  0.4000E+01
 -13.450  0.0000E+00  0.4000E+01
 -13.440  0.0000E+00  0.4000E+01
 -13.430  0.0000E+00  0.4000E+01
 -13.420  0.0000E+00  0.4000E+01
 -13.410  0.0000E+00  0.4000E+01
 -13.400  0.0000E+00  0.4000E+01
 -13.390  0.0000E+00  0.4000E+01
 -13.380  0.0000E+00  0.4000E+01
 -13.370  0.0000E+00  0.4000E+01
 -13.360  0.0000E+00  0.4000E+01
 -13.350  0.0000E+00  0.4000E+01
 -13.340  0.0000E+00  0.4000E+01
 -13.330  0.0000E+00  0.4000E+01
 -13.320  0.0000E+00  0.4000E+01
 -13.310  0.0000E+00  0.4000E+01
 -13.300  0.0000E+00  0.4000E+01
 -13.290  0.0000E+00  0.4000E+01
 -13.280  0.0000E+00  0.4000E+01
 -13.270  0.0000E+00  0.4000E+01
 -13.260  0.0000E+00  0.4000E+01
 -13.250  0.0000E+00  0.4000E+01
 -13.240  0.0000E+00  0.4000E+01
 -13.230  0.0000E+00  0.4000E+01
 -13.220  0.0000E+00  0.4000E+01
 -13.210  0.0000E+00  0.4000E+01
 -13.200  0.0000E+00  0.4000E+01
 -13.190  0.0000E+00  0.4000E+01
 -13.180  0.0000E+00  0.4000E+01
 -13.170  0.0000E+00  0.4000E+01
 -13.160  0.0000E+00  0.4000E+01
 -13.150  0.0000E+00  0.4000E+01
 -13.140  0.0000E+00  0.4000E+01
 -13.130  0.0000E+00  0.4000E+01
 -13.120  0.0000E+00  0.4000E+01
 -13.110  0.0000E+00  0.4000E+01
 -13.100  0.0000E+00  0.4000E+01
 -13.090  0.0000E+00  0.4000E+01
 -13.080  0.0000E+00  0.4000E+01
 -13.070  0.0000E+00  0.4000E+01
 -13.060  0.0000E+00  0.4000E+01
 -13.050  0.0000E+00  0.4000E+01
 -13.040  0.0000E+00  0.4000E+01
 -13.030  0.0000E+00  0.4000E+01
 -13.020  0.0000E+00  0.4000E+01
 -13.010  0.0000E+00  0.4000E+01
 -13.000  0.0000E+00  0.4000E+01
 -12.990  0.0000E+00  0.4000E+01
 -12.980  0.0000E+00  0.4000E+01
 -12.970  0.0000E+00  0.4000E+01
 -12.960  0.0000E+00  0.4000E+01
 -12.950  0.0000E+00  0.4000E+01
 -12.940  0.0000E+00  0.4000E+01
 -12.930  0.0000E+00  0.4000E+01
 -12.920  0.0000E+00  0.4000E+01
 -12.910  0.0000E+00  0.4000E+01
 -12.900  0.0000E+00  0.4000E+01
 -12.890  0.0000E+00  0.4000E+01
 -12.880  0.0000E+00  0.4000E+01
 -12.870  0.0000E+00  0.4000E+01
 -12.860  0.0000E+00  0.4000E+01
 -12.850  0.0000E+00  0.4000E+01
 -12.840  0.0000E+00  0.4000E+01
 -12.830  0.0000E+00  0.4000E+01
 -12.820  0.0000E+00  0.4000E+01
 -12.810  0.0000E+00  0.4000E+01
 -12.800  0.0000E+00  0.4000E+01
 -12.790  0.0000E+00  0.4000E+01
 -12.780  0.0000E+00  0.4000E+01
 -12.770  0.0000E+00  0.4000E+01
 -12.760  0.0000E+00  0.4000E+01
 -12.750  0.0000E+00  0.4000E+01
 -12.740  0.0000E+00  0.4000E+01
 -12.730  0.0000E+00  0.4000E+01
 -12.720  0.0000E+00  0.4000E+01
 -12.710  0.0000E+00  0.4000E+01
 -12.700  0.0000E+00  0.4000E+01
 -12.690  0.0000E+00  0.4000E+01
 -12.680  0.0000E+00  0.4000E+01
 -12.670  0.0000E+00  0.4000E+01
 -12.660  0.0000E+00  0.4000E+01
 -12.650  0.0000E+00  0.4000E+01
 -12.640  0.0000E+00  0.4000E+01
 -12.630  0.0000E+00  0.4000E+01
 -12.620  0.0000E+00  0.4000E+01
 -12.610  0.0000E+00  0.4000E+01
 -12.600  0.0000E+00  0.4000E+01
 -12.590  0.0000E+00  0.4000E+01
 -12.580  0.0000E+00  0.4000E+01
 -12.570  0.0000E+00  0.4000E+01
 -12.560  0.0000E+00  0.4000E+01
 -12.550  0.0000E+00  0.4000E+01
 -12.540  0.0000E+00  0.4000E+01
 -12.530  0.0000E+00  0.4000E+01
 -12.520  0.0000E+00  0.4000E+01
 -12.510  0.0000E+00  0.4000E+01
 -12.500  0.0000E+00  0.4000E+01
 -12.490  0.0000E+00  0.4000E+01
 -12.480  0.0000E+00  0.4000E+01
 -12.470  0.0000E+00  0.4000E+01
 -12.460  0.0000E+00  0.4000E+01
 -12.450  0.0000E+00  0.4000E+01
 -12.440  0.0000E+00  0.4000E+01
 -12.430  0.0000E+00  0.4000E+01
 -12.420  0.0000E+00  0.4000E+01
 -12.410  0.0000E+00  0.4000E+01
 -12.400  0.0000E+00  0.4000E+01
 -12.390  0.0000E+00  0.4000E+01
 -12.380  0.0000E+00  0.4000E+01
 -12.370  0.0000E+00  0.4000E+01
 -12.360  0.0000E+00  0.4000E+01
 -12.350  0.0000E+00  0.4000E+01
 -12.340  0.0000E+00  0.4000E+01
 -12.330  0.0000E+00  0.4000E+01
 -12.320  0.0000E+00  0.4000E+01
 -12.310  0.0000E+00  0.4000E+01
 -12.300  0.0000E+00  0.4000E+01
 -12.290  0.0000E+00  0.4000E+01
 -12.280  0.0000E+00  0.4000E+01
 -12.270  0.0000E+00  0.4000E+01
 -12.260  0.0000E+00  0.4000E+01
 -12.250  0.0000E+00  0.4000E+01
 -12.240  0.0000E+00  0.4000E+01
 -12.230  0.0000E+00  0.4000E+01
 -12.220  0.0000E+00  0.4000E+01
 -12.210  0.0000E+00  0.4000E+01
 -12.200  0.0000E+00  0.4000E+01
 -12.190  0.0000E+00  0.4000E+01
 -12.180  0.0000E+00  0.4000E+01
 -12.170  0.0000E+00  0.4000E+01
 -12.160  0.0000E+00  0.4000E+01
 -12.150  0.0000E+00  0.4000E+01
 -12.140  0.0000E+00  0.4000E+01
 -12.130  0.0000E+00  0.4000E+01
 -12.120  0.0000E+00  0.4000E+01
 -12.110  0.0000E+00  0.4000E+01
 -12.100  0.0000E+00  0.4000E+01
 -12.090  0.0000E+00  0.4000E+01
 -12.080  0.0000E+00  0.4000E+01
 -12.070  0.0000E+00  0.4000E+01
 -12.060  0.0000E+00  0.4000E+01
 -12.050  0.0000E+00  0.4000E+01
 -12.040  0.0000E+00  0.4000E+01
 -12.030  0.0000E+00  0.4000E+01
 -12.020  0.0000E+00  0.4000E+01
 -12.010  0.0000E+00  0.4000E+01
 -12.000  0.0000E+00  0.4000E+01
 -11.990  0.0000E+00  0.4000E+01
 -11.980  0.0000E+00  0.4000E+01
 -11.970  0.0000E+00  0.4000E+01
 -11.960  0.0000E+00  0.4000E+01
 -11.950  0.0000E+00  0.4000E+01
 -11.940  0.0000E+00  0.4000E+01
 -11.930  0.0000E+00  0.4000E+01
 -11.920  0.0000E+00  0.4000E+01
 -11.910  0.0000E+00  0.4000E+01
 -11.900  0.0000E+00  0.4000E+01
 -11.890  0.0000E+00  0.4000E+01
 -11.880  0.0000E+00  0.4000E+01
 -11.870  0.0000E+00  0.4000E+01
 -11.860  0.0000E+00  0.4000E+01
 -11.850  0.0000E+00  0.4000E+01
 -11.840  0.0000E+00  0.4000E+01
 -11.830  0.0000E+00  0.4000E+01
 -11.820  0.0000E+00  0.4000E+01
 -11.810  0.0000E+00  0.4000E+01
 -11.800  0.0000E+00  0.4000E+01
 -11.790  0.0000E+00  0.4000E+01
 -11.780  0.0000E+00  0.4000E+01
 -11.770  0.0000E+00  0.4000E+01
 -11.760  0.0000E+00  0.4000E+01
 -11.750  0.0000E+00  0.4000E+01
 -11.740  0.0000E+00  0.4000E+01
 -11.730  0.0000E+00  0.4000E+01
 -11.720  0.0000E+00  0.4000E+01
 -11.710  0.0000E+00  0.4000E+01
 -11.700  0.0000E+00  0.4000E+01
 -11.690  0.0000E+00  0.4000E+01
 -11.680  0.0000E+00  0.4000E+01
 -11.670  0.0000E+00  0.4000E+01
 -11.660  0.0000E+00  0.4000E+01
 -11.650  0.0000E+00  0.4000E+01
 -11.640  0.0000E+00  0.4000E+01
 -11.630  0.0000E+00  0.4000E+01
 -11.620  0.0000E+00  0.4000E+01
 -11.610  0.0000E+00  0.4000E+01
 -11.600  0.0000E+00  0.4000E+01
 -11.590  0.0000E+00  0.4000E+01
 -11.580  0.0000E+00  0.4000E+01
 -11.570  0.0000E+00  0.4000E+01
 -11.560  0.0000E+00  0.4000E+01
 -11.550  0.0000E+00  0.4000E+01
 -11.540  0.0000E+00  0.4000E+01
 -11.530  0.0000E+00  0.4000E+01
 -11.520  0.0000E+00  0.4000E+01
 -11.510  0.0000E+00  0.4000E+01
 -11.500  0.0000E+00  0.4000E+01
 -11.490  0.0000E+00  0.4000E+01
 -11.480  0.0000E+00  0.4000E+01
 -11.470  0.0000E+00  0.4000E+01
 -11.460  0.0000E+00  0.4000E+01
 -11.450  0.0000E+00  0.4000E+01
 -11.440  0.0000E+00  0.4000E+01
 -11.430  0.0000E+00  0.4000E+01
 -11.420  0.0000E+00  0.4000E+01
 -11.410  0.0000E+00  0.4000E+01
 -11.400  0.0000E+00  0.4000E+01
 -11.390  0.0000E+00  0.4000E+01
 -11.380  0.0000E+00  0.4000E+01
 -11.370  0.0000E+00  0.4000E+01
 -11.360  0.0000E+00  0.4000E+01
 -11.350  0.0000E+00  0.4000E+01
 -11.340  0.0000E+00  0.4000E+01
 -11.330  0.0000E+00  0.4000E+01
 -11.320  0.0000E+00  0.4000E+01
 -11.310  0.0000E+00  0.4000E+01
 -11.300  0.0000E+00  0.4000E+01
 -11.290  0.0000E+00  0.4000E+01
 -11.280  0.0000E+00  0.4000E+01
 -11.270  0.0000E+00  0.4000E+01
 -11.260  0.0000E+00  0.4000E+01
 -11.250  0.0000E+00  0.4000E+01
 -11.240  0.0000E+00  0.4000E+01
 -11.230  0.0000E+00  0.4000E+01
 -11.220  0.0000E+00  0.4000E+01
 -11.210  0.0000E+00  0.4000E+01
 -11.200  0.0000E+00  0.4000E+01
 -11.190  0.0000E+00  0.4000E+01
 -11.180  0.0000E+00  0.4000E+01
 -11.170  0.0000E+00  0.4000E+01
 -11.160  0.0000E+00  0.4000E+01
 -11.150  0.0000E+00  0.4000E+01
 -11.140  0.0000E+00  0.4000E+01
 -11.130  0.0000E+00  0.4000E+01
 -11.120  0.0000E+00  0.4000E+01
 -11.110  0.0000E+00  0.4000E+01
 -11.100  0.0000E+00  0.4000E+01
 -11.090  0.0000E+00  0.4000E+01
 -11.080  0.0000E+00  0.4000E+01
 -11.070  0.0000E+00  0.4000E+01
 -11.060  0.0000E+00  0.4000E+01
 -11.050  0.0000E+00  0.4000E+01
 -11.040  0.0000E+00  0.4000E+01
 -11.030  0.0000E+00  0.4000E+01
 -11.020  0.0000E+00  0.4000E+01
 -11.010  0.0000E+00  0.4000E+01
 -11.000  0.0000E+00  0.4000E+01
 -10.990  0.0000E+00  0.4000E+01
 -10.980  0.0000E+00  0.4000E+01
 -10.970  0.0000E+00  0.4000E+01
 -10.960  0.0000E+00  0.4000E+01
 -10.950  0.0000E+00  0.4000E+01
 -10.940  0.0000E+00  0.4000E+01
 -10.930  0.0000E+00  0.4000E+01
 -10.920  0.0000E+00  0.4000E+01
 -10.910  0.0000E+00  0.4000E+01
 -10.900  0.0000E+00  0.4000E+01
 -10.890  0.0000E+00  0.4000E+01
 -10.880  0.0000E+00  0.4000E+01
 -10.870  0.0000E+00  0.4000E+01
 -10.860  0.0000E+00  0.4000E+01
 -10.850  0.0000E+00  0.4000E+01
 -10.840  0.0000E+00  0.4000E+01
 -10.830  0.0000E+00  0.4000E+01
 -10.820  0.0000E+00  0.4000E+01
 -10.810  0.0000E+00  0.4000E+01
 -10.800  0.0000E+00  0.4000E+01
 -10.790  0.0000E+00  0.4000E+01
 -10.780  0.0000E+00  0.4000E+01
 -10.770  0.0000E+00  0.4000E+01
 -10.760  0.0000E+00  0.4000E+01
 -10.750  0.0000E+00  0.4000E+01
 -10.740  0.0000E+00  0.4000E+01
 -10.730  0.0000E+00  0.4000E+01
 -10.720  0.0000E+00  0.4000E+01
 -10.710  0.0000E+00  0.4000E+01
 -10.700  0.0000E+00  0.4000E+01
 -10.690  0.0000E+00  0.4000E+01
 -10.680  0.0000E+00  0.4000E+01
 -10.670  0.0000E+00  0.4000E+01
 -10.660  0.0000E+00  0.4000E+01
 -10.650  0.0000E+00  0.4000E+01
 -10.640  0.0000E+00  0.4000E+01
 -10.630  0.0000E+00  0.4000E+01
 -10.620  0.0000E+00  0.4000E+01
 -10.610  0.0000E+00  0.4000E+01
 -10.600  0.0000E+00  0.4000E+01
 -10.590  0.0000E+00  0.4000E+01
 -10.580  0.0000E+00  0.4000E+01
 -10.570  0.0000E+00  0.4000E+01
 -10.560  0.0000E+00  0.4000E+01
 -10.550  0.0000E+00  0.4000E+01
 -10.540  0.0000E+00  0.4000E+01
 -10.530  0.0000E+00  0.4000E+01
 -10.520  0.0000E+00  0.4000E+01
 -10.510  0.0000E+00  0.4000E+01
 -10.500  0.0000E+00  0.4000E+01
 -10.490  0.0000E+00  0.4000E+01
 -10.480  0.0000E+00  0.4000E+01
 -10.470  0.0000E+00  0.4000E+01
 -10.460  0.0000E+00  0.4000E+01
 -10.450  0.0000E+00  0.4000E+01
 -10.440  0.0000E+00  0.4000E+01
 -10.430  0.0000E+00  0.4000E+01
 -10.420  0.0000E+00  0.4000E+01
 -10.410  0.0000E+00  0.4000E+01
 -10.400  0.0000E+00  0.4000E+01
 -10.390  0.0000E+00  0.4000E+01
 -10.380  0.0000E+00  0.4000E+01
 -10.370  0.0000E+00  0.4000E+01
 -10.360  0.0000E+00  0.4000E+01
 -10.350  0.0000E+00  0.4000E+01
 -10.340  0.0000E+00  0.4000E+01
 -10.330  0.0000E+00  0.4000E+01
 -10.320  0.0000E+00  0.4000E+01
 -10.310  0.0000E+00  0.4000E+01
 -10.300  0.0000E+00  0.4000E+01
 -10.290  0.0000E+00  0.4000E+01
 -10.280  0.0000E+00  0.4000E+01
 -10.270  0.0000E+00  0.4000E+01
 -10.260  0.0000E+00  0.4000E+01
 -10.250  0.0000E+00  0.4000E+01
 -10.240  0.0000E+00  0.4000E+01
 -10.230  0.0000E+00  0.4000E+01
 -10.220  0.0000E+00  0.4000E+01
 -10.210  0.0000E+00  0.4000E+01
 -10.200  0.0000E+00  0.4000E+01
 -10.190  0.0000E+00  0.4000E+01
 -10.180  0.0000E+00  0.4000E+01
 -10.170  0.0000E+00  0.4000E+01
 -10.160  0.0000E+00  0.4000E+01
 -10.150  0.0000E+00  0.4000E+01
 -10.140  0.0000E+00  0.4000E+01
 -10.130  0.0000E+00  0.4000E+01
 -10.120  0.0000E+00  0.4000E+01
 -10.110  0.0000E+00  0.4000E+01
 -10.100  0.0000E+00  0.4000E+01
 -10.090  0.0000E+00  0.4000E+01
 -10.080  0.0000E+00  0.4000E+01
 -10.070  0.0000E+00  0.4000E+01
 -10.060  0.0000E+00  0.4000E+01
 -10.050  0.0000E+00  0.4000E+01
 -10.040  0.0000E+00  0.4000E+01
 -10.030  0.0000E+00  0.4000E+01
 -10.020  0.0000E+00  0.4000E+01
 -10.010  0.0000E+00  0.4000E+01
 -10.000  0.0000E+00  0.4000E+01
  -9.990  0.0000E+00  0.4000E+01
  -9.980  0.0000E+00  0.4000E+01
  -9.970  0.0000E+00  0.4000E+01
  -9.960  0.0000E+00  0.4000E+01
  -9.950  0.0000E+00  0.4000E+01
  -9.940  0.0000E+00  0.4000E+01
  -9.930  0.0000E+00  0.4000E+01
  -9.920  0.0000E+00  0.4000E+01
  -9.910  0.0000E+00  0.4000E+01
  -9.900  0.0000E+00  0.4000E+01
  -9.890  0.0000E+00  0.4000E+01
  -9.880  0.0000E+00  0.4000E+01
  -9.870  0.0000E+00  0.4000E+01
  -9.860  0.0000E+00  0.4000E+01
  -9.850  0.0000E+00  0.4000E+01
  -9.840  0.0000E+00  0.4000E+01
  -9.830  0.0000E+00  0.4000E+01
  -9.820  0.0000E+00  0.4000E+01
  -9.810  0.0000E+00  0.4000E+01
  -9.800  0.0000E+00  0.4000E+01
  -9.790  0.0000E+00  0.4000E+01
  -9.780  0.0000E+00  0.4000E+01
  -9.770  0.0000E+00  0.4000E+01
  -9.760  0.0000E+00  0.4000E+01
  -9.750  0.0000E+00  0.4000E+01
  -9.740  0.0000E+00  0.4000E+01
  -9.730  0.0000E+00  0.4000E+01
  -9.720  0.0000E+00  0.4000E+01
  -9.710  0.0000E+00  0.4000E+01
  -9.700  0.0000E+00  0.4000E+01
  -9.690  0.0000E+00  0.4000E+01
  -9.680  0.0000E+00  0.4000E+01
  -9.670  0.0000E+00  0.4000E+01
  -9.660  0.0000E+00  0.4000E+01
  -9.650  0.0000E+00  0.4000E+01
  -9.640  0.0000E+00  0.4000E+01
  -9.630  0.0000E+00  0.4000E+01
  -9.620  0.0000E+00  0.4000E+01
  -9.610  0.0000E+00  0.4000E+01
  -9.600  0.0000E+00  0.4000E+01
  -9.590  0.0000E+00  0.4000E+01
  -9.580  0.0000E+00  0.4000E+01
  -9.570  0.0000E+00  0.4000E+01
  -9.560  0.0000E+00  0.4000E+01
  -9.550  0.0000E+00  0.4000E+01
  -9.540  0.0000E+00  0.4000E+01
  -9.530  0.0000E+00  0.4000E+01
  -9.520  0.0000E+00  0.4000E+01
  -9.510  0.0000E+00  0.4000E+01
  -9.500  0.0000E+00  0.4000E+01
  -9.490  0.0000E+00  0.4000E+01
  -9.480  0.0000E+00  0.4000E+01
  -9.470  0.0000E+00  0.4000E+01
  -9.460  0.0000E+00  0.4000E+01
  -9.450  0.0000E+00  0.4000E+01
  -9.440  0.0000E+00  0.4000E+01
  -9.430  0.0000E+00  0.4000E+01
  -9.420  0.0000E+00  0.4000E+01
  -9.410  0.0000E+00  0.4000E+01
  -9.400  0.0000E+00  0.4000E+01
  -9.390  0.0000E+00  0.4000E+01
  -9.380  0.0000E+00  0.4000E+01
  -9.370  0.0000E+00  0.4000E+01
  -9.360  0.0000E+00  0.4000E+01
  -9.350  0.0000E+00  0.4000E+01
  -9.340  0.0000E+00  0.4000E+01
  -9.330  0.0000E+00  0.4000E+01
  -9.320  0.0000E+00  0.4000E+01
  -9.310  0.0000E+00  0.4000E+01
  -9.300  0.0000E+00  0.4000E+01
  -9.290  0.0000E+00  0.4000E+01
  -9.280  0.0000E+00  0.4000E+01
  -9.270  0.0000E+00  0.4000E+01
  -9.260  0.0000E+00  0.4000E+01
  -9.250  0.0000E+00  0.4000E+01
  -9.240  0.0000E+00  0.4000E+01
  -9.230  0.0000E+00  0.4000E+01
  -9.220  0.0000E+00  0.4000E+01
  -9.210  0.0000E+00  0.4000E+01
  -9.200  0.0000E+00  0.4000E+01
  -9.190  0.0000E+00  0.4000E+01
  -9.180  0.0000E+00  0.4000E+01
  -9.170  0.0000E+00  0.4000E+01
  -9.160  0.0000E+00  0.4000E+01
  -9.150  0.0000E+00  0.4000E+01
  -9.140  0.0000E+00  0.4000E+01
  -9.130  0.0000E+00  0.4000E+01
  -9.120  0.0000E+00  0.4000E+01
  -9.110  0.0000E+00  0.4000E+01
  -9.100  0.0000E+00  0.4000E+01
  -9.090  0.0000E+00  0.4000E+01
  -9.080  0.0000E+00  0.4000E+01
  -9.070  0.0000E+00  0.4000E+01
  -9.060  0.0000E+00  0.4000E+01
  -9.050  0.0000E+00  0.4000E+01
  -9.040  0.0000E+00  0.4000E+01
  -9.030  0.7820E-01  0.4000E+01
  -9.020  0.1129E+01  0.4007E+01
  -9.010  0.1181E+01  0.4019E+01
  -9.000  0.1165E+01  0.4032E+01
  -8.990  0.1200E+01  0.4043E+01
  -8.980  0.1408E+01  0.4056E+01
  -8.970  0.1213E+01  0.4069E+01
  -8.960  0.1289E+01  0.4081E+01
  -8.950  0.1269E+01  0.4094E+01
  -8.940  0.1323E+01  0.4107E+01
  -8.930  0.1334E+01  0.4120E+01
  -8.920  0.1240E+01  0.4133E+01
  -8.910  0.1298E+01  0.4145E+01
  -8.900  0.1363E+01  0.4159E+01
  -8.890  0.1358E+01  0.4172E+01
  -8.880  0.1324E+01  0.4186E+01
  -8.870  0.1327E+01  0.4199E+01
  -8.860  0.1388E+01  0.4213E+01
  -8.850  0.1384E+01  0.4226E+01
  -8.840  0.1430E+01  0.4240E+01
  -8.830  0.1410E+01  0.4255E+01
  -8.820  0.1405E+01  0.4269E+01
  -8.810  0.1444E+01  0.4283E+01
  -8.800  0.1447E+01  0.4298E+01
  -8.790  0.1480E+01  0.4312E+01
  -8.780  0.1539E+01  0.4327E+01
  -8.770  0.1532E+01  0.4343E+01
  -8.760  0.1541E+01  0.4358E+01
  -8.750  0.1554E+01  0.4373E+01
  -8.740  0.1571E+01  0.4389E+01
  -8.730  0.1633E+01  0.4405E+01
  -8.720  0.1680E+01  0.4422E+01
  -8.710  0.1663E+01  0.4438E+01
  -8.700  0.1719E+01  0.4455E+01
  -8.690  0.1745E+01  0.4473E+01
  -8.680  0.1799E+01  0.4490E+01
  -8.670  0.1866E+01  0.4509E+01
  -8.660  0.1909E+01  0.4527E+01
  -8.650  0.1983E+01  0.4547E+01
  -8.640  0.2043E+01  0.4567E+01
  -8.630  0.2144E+01  0.4588E+01
  -8.620  0.2263E+01  0.4610E+01
  -8.610  0.2404E+01  0.4633E+01
  -8.600  0.2600E+01  0.4658E+01
  -8.590  0.4212E+01  0.4690E+01
  -8.580  0.4811E+01  0.4734E+01
  -8.570  0.4803E+01  0.4789E+01
  -8.560  0.4152E+01  0.4833E+01
  -8.550  0.3848E+01  0.4873E+01
  -8.540  0.3597E+01  0.4911E+01
  -8.530  0.2680E+01  0.4944E+01
  -8.520  0.2553E+01  0.4970E+01
  -8.510  0.2599E+01  0.4996E+01
  -8.500  0.2568E+01  0.5022E+01
  -8.490  0.2458E+01  0.5047E+01
  -8.480  0.2429E+01  0.5071E+01
  -8.470  0.2466E+01  0.5096E+01
  -8.460  0.2439E+01  0.5120E+01
  -8.450  0.2434E+01  0.5145E+01
  -8.440  0.2365E+01  0.5169E+01
  -8.430  0.2385E+01  0.5193E+01
  -8.420  0.2395E+01  0.5217E+01
  -8.410  0.2360E+01  0.5240E+01
  -8.400  0.2399E+01  0.5264E+01
  -8.390  0.2380E+01  0.5288E+01
  -8.380  0.2367E+01  0.5312E+01
  -8.370  0.2357E+01  0.5336E+01
  -8.360  0.2343E+01  0.5359E+01
  -8.350  0.2852E+01  0.5383E+01
  -8.340  0.3249E+01  0.5415E+01
  -8.330  0.3242E+01  0.5447E+01
  -8.320  0.3112E+01  0.5478E+01
  -8.310  0.3239E+01  0.5510E+01
  -8.300  0.3162E+01  0.5542E+01
  -8.290  0.3267E+01  0.5574E+01
  -8.280  0.3236E+01  0.5606E+01
  -8.270  0.3281E+01  0.5639E+01
  -8.260  0.3361E+01  0.5672E+01
  -8.250  0.3334E+01  0.5706E+01
  -8.240  0.3373E+01  0.5739E+01
  -8.230  0.3455E+01  0.5773E+01
  -8.220  0.3494E+01  0.5808E+01
  -8.210  0.3531E+01  0.5843E+01
  -8.200  0.3655E+01  0.5879E+01
  -8.190  0.3692E+01  0.5916E+01
  -8.180  0.3778E+01  0.5953E+01
  -8.170  0.3893E+01  0.5992E+01
  -8.160  0.4034E+01  0.6031E+01
  -8.150  0.4210E+01  0.6072E+01
  -8.140  0.4437E+01  0.6115E+01
  -8.130  0.4874E+01  0.6163E+01
  -8.120  0.5633E+01  0.6215E+01
  -8.110  0.5022E+01  0.6272E+01
  -8.100  0.4826E+01  0.6322E+01
  -8.090  0.4509E+01  0.6368E+01
  -8.080  0.4515E+01  0.6415E+01
  -8.070  0.3869E+01  0.6457E+01
  -8.060  0.3948E+01  0.6496E+01
  -8.050  0.4185E+01  0.6537E+01
  -8.040  0.4461E+01  0.6580E+01
  -8.030  0.4774E+01  0.6626E+01
  -8.020  0.5531E+01  0.6677E+01
  -8.010  0.8093E+01  0.6742E+01
  -8.000  0.6767E+01  0.6819E+01
  -7.990  0.5788E+01  0.6879E+01
  -7.980  0.2054E+01  0.6921E+01
  -7.970  0.9245E+00  0.6931E+01
  -7.960  0.9042E+00  0.6940E+01
  -7.950  0.8835E+00  0.6949E+01
  -7.940  0.8587E+00  0.6958E+01
  -7.930  0.8467E+00  0.6966E+01
  -7.920  0.8343E+00  0.6975E+01
  -7.910  0.8216E+00  0.6983E+01
  -7.900  0.8100E+00  0.6991E+01
  -7.890  0.7955E+00  0.6999E+01
  -7.880  0.7769E+00  0.7007E+01
  -7.870  0.7674E+00  0.7015E+01
  -7.860  0.7579E+00  0.7022E+01
  -7.850  0.7484E+00  0.7030E+01
  -7.840  0.7389E+00  0.7037E+01
  -7.830  0.7280E+00  0.7045E+01
  -7.820  0.7168E+00  0.7052E+01
  -7.810  0.7061E+00  0.7059E+01
  -7.800  0.6984E+00  0.7066E+01
  -7.790  0.6906E+00  0.7073E+01
  -7.780  0.6829E+00  0.7080E+01
  -7.770  0.6751E+00  0.7087E+01
  -7.760  0.6674E+00  0.7093E+01
  -7.750  0.6593E+00  0.7100E+01
  -7.740  0.6491E+00  0.7106E+01
  -7.730  0.6402E+00  0.7113E+01
  -7.720  0.6354E+00  0.7119E+01
  -7.710  0.6317E+00  0.7126E+01
  -7.700  0.6253E+00  0.7132E+01
  -7.690  0.6188E+00  0.7138E+01
  -7.680  0.6124E+00  0.7144E+01
  -7.670  0.6058E+00  0.7150E+01
  -7.660  0.5989E+00  0.7156E+01
  -7.650  0.5892E+00  0.7162E+01
  -7.640  0.5846E+00  0.7168E+01
  -7.630  0.5800E+00  0.7174E+01
  -7.620  0.5757E+00  0.7180E+01
  -7.610  0.5716E+00  0.7185E+01
  -7.600  0.5689E+00  0.7191E+01
  -7.590  0.5634E+00  0.7197E+01
  -7.580  0.5579E+00  0.7202E+01
  -7.570  0.5521E+00  0.7208E+01
  -7.560  0.5456E+00  0.7213E+01
  -7.550  0.5400E+00  0.7219E+01
  -7.540  0.5360E+00  0.7224E+01
  -7.530  0.5319E+00  0.7230E+01
  -7.520  0.5280E+00  0.7235E+01
  -7.510  0.5241E+00  0.7240E+01
  -7.500  0.5203E+00  0.7245E+01
  -7.490  0.5164E+00  0.7251E+01
  -7.480  0.5136E+00  0.7256E+01
  -7.470  0.5101E+00  0.7261E+01
  -7.460  0.5039E+00  0.7266E+01
  -7.450  0.5003E+00  0.7271E+01
  -7.440  0.4967E+00  0.7276E+01
  -7.430  0.4931E+00  0.7281E+01
  -7.420  0.4896E+00  0.7286E+01
  -7.410  0.4860E+00  0.7291E+01
  -7.400  0.4825E+00  0.7296E+01
  -7.390  0.4790E+00  0.7300E+01
  -7.380  0.4755E+00  0.7305E+01
  -7.370  0.4718E+00  0.7310E+01
  -7.360  0.4676E+00  0.7315E+01
  -7.350  0.4656E+00  0.7319E+01
  -7.340  0.4650E+00  0.7324E+01
  -7.330  0.4617E+00  0.7329E+01
  -7.320  0.4585E+00  0.7333E+01
  -7.310  0.7003E+00  0.7339E+01
  -7.300  0.7086E+00  0.7347E+01
  -7.290  0.7660E+00  0.7354E+01
  -7.280  0.6880E+00  0.7362E+01
  -7.270  0.7017E+00  0.7369E+01
  -7.260  0.7181E+00  0.7376E+01
  -7.250  0.7344E+00  0.7383E+01
  -7.240  0.7525E+00  0.7390E+01
  -7.230  0.7665E+00  0.7398E+01
  -7.220  0.7366E+00  0.7405E+01
  -7.210  0.7073E+00  0.7413E+01
  -7.200  0.7134E+00  0.7420E+01
  -7.190  0.7256E+00  0.7427E+01
  -7.180  0.7362E+00  0.7434E+01
  -7.170  0.7469E+00  0.7442E+01
  -7.160  0.7577E+00  0.7449E+01
  -7.150  0.7295E+00  0.7457E+01
  -7.140  0.7325E+00  0.7464E+01
  -7.130  0.7277E+00  0.7471E+01
  -7.120  0.7230E+00  0.7479E+01
  -7.110  0.7185E+00  0.7486E+01
  -7.100  0.7241E+00  0.7493E+01
  -7.090  0.9552E+00  0.7501E+01
  -7.080  0.9776E+00  0.7510E+01
  -7.070  0.1004E+01  0.7520E+01
  -7.060  0.1069E+01  0.7531E+01
  -7.050  0.9693E+00  0.7541E+01
  -7.040  0.9803E+00  0.7551E+01
  -7.030  0.1003E+01  0.7561E+01
  -7.020  0.1022E+01  0.7571E+01
  -7.010  0.1040E+01  0.7581E+01
  -7.000  0.1060E+01  0.7592E+01
  -6.990  0.1035E+01  0.7602E+01
  -6.980  0.1013E+01  0.7612E+01
  -6.970  0.1025E+01  0.7623E+01
  -6.960  0.1048E+01  0.7633E+01
  -6.950  0.1052E+01  0.7643E+01
  -6.940  0.1065E+01  0.7654E+01
  -6.930  0.1078E+01  0.7665E+01
  -6.920  0.1074E+01  0.7675E+01
  -6.910  0.1059E+01  0.7686E+01
  -6.900  0.1061E+01  0.7697E+01
  -6.890  0.1065E+01  0.7707E+01
  -6.880  0.1067E+01  0.7718E+01
  -6.870  0.1071E+01  0.7729E+01
  -6.860  0.1085E+01  0.7739E+01
  -6.850  0.1098E+01  0.7750E+01
  -6.840  0.1104E+01  0.7761E+01
  -6.830  0.1112E+01  0.7772E+01
  -6.820  0.1109E+01  0.7783E+01
  -6.810  0.1102E+01  0.7795E+01
  -6.800  0.1108E+01  0.7806E+01
  -6.790  0.1115E+01  0.7817E+01
  -6.780  0.1113E+01  0.7828E+01
  -6.770  0.1116E+01  0.7839E+01
  -6.760  0.1124E+01  0.7850E+01
  -6.750  0.1132E+01  0.7861E+01
  -6.740  0.1149E+01  0.7873E+01
  -6.730  0.1168E+01  0.7884E+01
  -6.720  0.1156E+01  0.7896E+01
  -6.710  0.1156E+01  0.7908E+01
  -6.700  0.1156E+01  0.7919E+01
  -6.690  0.1157E+01  0.7931E+01
  -6.680  0.1170E+01  0.7942E+01
  -6.670  0.1176E+01  0.7954E+01
  -6.660  0.1184E+01  0.7966E+01
  -6.650  0.1193E+01  0.7978E+01
  -6.640  0.1199E+01  0.7990E+01
  -6.630  0.1204E+01  0.8002E+01
  -6.620  0.1204E+01  0.8014E+01
  -6.610  0.1206E+01  0.8026E+01
  -6.600  0.1221E+01  0.8038E+01
  -6.590  0.1226E+01  0.8050E+01
  -6.580  0.1233E+01  0.8062E+01
  -6.570  0.1243E+01  0.8075E+01
  -6.560  0.1249E+01  0.8087E+01
  -6.550  0.1254E+01  0.8100E+01
  -6.540  0.1258E+01  0.8112E+01
  -6.530  0.1274E+01  0.8125E+01
  -6.520  0.3873E+01  0.8141E+01
  -6.510  0.3424E+01  0.8173E+01
  -6.500  0.3271E+01  0.8206E+01
  -6.490  0.3304E+01  0.8239E+01
  -6.480  0.3270E+01  0.8274E+01
  -6.470  0.3368E+01  0.8307E+01
  -6.460  0.3504E+01  0.8342E+01
  -6.450  0.3676E+01  0.8378E+01
  -6.440  0.3712E+01  0.8414E+01
  -6.430  0.3646E+01  0.8451E+01
  -6.420  0.3798E+01  0.8488E+01
  -6.410  0.3972E+01  0.8528E+01
  -6.400  0.4135E+01  0.8569E+01
  -6.390  0.5196E+01  0.8612E+01
  -6.380  0.4773E+01  0.8661E+01
  -6.370  0.4188E+01  0.8707E+01
  -6.360  0.4018E+01  0.8748E+01
  -6.350  0.3905E+01  0.8788E+01
  -6.340  0.3828E+01  0.8826E+01
  -6.330  0.3743E+01  0.8864E+01
  -6.320  0.3699E+01  0.8901E+01
  -6.310  0.3722E+01  0.8938E+01
  -6.300  0.3777E+01  0.8976E+01
  -6.290  0.3833E+01  0.9014E+01
  -6.280  0.3907E+01  0.9052E+01
  -6.270  0.4975E+01  0.9095E+01
  -6.260  0.5240E+01  0.9147E+01
  -6.250  0.5333E+01  0.9201E+01
  -6.240  0.5546E+01  0.9256E+01
  -6.230  0.5460E+01  0.9312E+01
  -6.220  0.5072E+01  0.9363E+01
  -6.210  0.4747E+01  0.9414E+01
  -6.200  0.4767E+01  0.9461E+01
  -6.190  0.5255E+01  0.9511E+01
  -6.180  0.6610E+01  0.9568E+01
  -6.170  0.6500E+01  0.9651E+01
  -6.160  0.2227E+01  0.9687E+01
  -6.150  0.2166E+01  0.9709E+01
  -6.140  0.2124E+01  0.9730E+01
  -6.130  0.2170E+01  0.9752E+01
  -6.120  0.2282E+01  0.9774E+01
  -6.110  0.2179E+01  0.9797E+01
  -6.100  0.2214E+01  0.9819E+01
  -6.090  0.2154E+01  0.9841E+01
  -6.080  0.2126E+01  0.9862E+01
  -6.070  0.2159E+01  0.9884E+01
  -6.060  0.2161E+01  0.9906E+01
  -6.050  0.2111E+01  0.9927E+01
  -6.040  0.2046E+01  0.9948E+01
  -6.030  0.2072E+01  0.9968E+01
  -6.020  0.2358E+01  0.9990E+01
  -6.010  0.2555E+01  0.1001E+02
  -6.000  0.2504E+01  0.1004E+02
  -5.990  0.2474E+01  0.1006E+02
  -5.980  0.2498E+01  0.1009E+02
  -5.970  0.2574E+01  0.1011E+02
  -5.960  0.2538E+01  0.1014E+02
  -5.950  0.2589E+01  0.1017E+02
  -5.940  0.2601E+01  0.1019E+02
  -5.930  0.2617E+01  0.1022E+02
  -5.920  0.2708E+01  0.1024E+02
  -5.910  0.2831E+01  0.1027E+02
  -5.900  0.2720E+01  0.1030E+02
  -5.890  0.2790E+01  0.1033E+02
  -5.880  0.2921E+01  0.1036E+02
  -5.870  0.3243E+01  0.1039E+02
  -5.860  0.2228E+01  0.1041E+02
  -5.850  0.1920E+01  0.1043E+02
  -5.840  0.1942E+01  0.1045E+02
  -5.830  0.1959E+01  0.1047E+02
  -5.820  0.1985E+01  0.1049E+02
  -5.810  0.2033E+01  0.1051E+02
  -5.800  0.2056E+01  0.1053E+02
  -5.790  0.2078E+01  0.1055E+02
  -5.780  0.2120E+01  0.1057E+02
  -5.770  0.2211E+01  0.1060E+02
  -5.760  0.2316E+01  0.1062E+02
  -5.750  0.2220E+01  0.1064E+02
  -5.740  0.2266E+01  0.1066E+02
  -5.730  0.2315E+01  0.1069E+02
  -5.720  0.2362E+01  0.1071E+02
  -5.710  0.2411E+01  0.1073E+02
  -5.700  0.2504E+01  0.1076E+02
  -5.690  0.2557E+01  0.1078E+02
  -5.680  0.2607E+01  0.1081E+02
  -5.670  0.2685E+01  0.1084E+02
  -5.660  0.2768E+01  0.1086E+02
  -5.650  0.2774E+01  0.1089E+02
  -5.640  0.2865E+01  0.1092E+02
  -5.630  0.5638E+01  0.1096E+02
  -5.620  0.6287E+01  0.1102E+02
  -5.610  0.7537E+01  0.1109E+02
  -5.600  0.7489E+01  0.1116E+02
  -5.590  0.6222E+01  0.1123E+02
  -5.580  0.8477E+01  0.1129E+02
  -5.570  0.6393E+01  0.1136E+02
  -5.560  0.5800E+01  0.1142E+02
  -5.550  0.5463E+01  0.1148E+02
  -5.540  0.5319E+01  0.1153E+02
  -5.530  0.5179E+01  0.1158E+02
  -5.520  0.5233E+01  0.1164E+02
  -5.510  0.5207E+01  0.1169E+02
  -5.500  0.5236E+01  0.1174E+02
  -5.490  0.5292E+01  0.1179E+02
  -5.480  0.5320E+01  0.1185E+02
  -5.470  0.5281E+01  0.1190E+02
  -5.460  0.4888E+01  0.1195E+02
  -5.450  0.4694E+01  0.1200E+02
  -5.440  0.4599E+01  0.1205E+02
  -5.430  0.4680E+01  0.1209E+02
  -5.420  0.4771E+01  0.1214E+02
  -5.410  0.4777E+01  0.1219E+02
  -5.400  0.4713E+01  0.1223E+02
  -5.390  0.4536E+01  0.1228E+02
  -5.380  0.4383E+01  0.1233E+02
  -5.370  0.4399E+01  0.1237E+02
  -5.360  0.4653E+01  0.1241E+02
  -5.350  0.5102E+01  0.1246E+02
  -5.340  0.5364E+01  0.1251E+02
  -5.330  0.5113E+01  0.1257E+02
  -5.320  0.4749E+01  0.1262E+02
  -5.310  0.5151E+01  0.1267E+02
  -5.300  0.4726E+01  0.1272E+02
  -5.290  0.4531E+01  0.1276E+02
  -5.280  0.4493E+01  0.1281E+02
  -5.270  0.4531E+01  0.1285E+02
  -5.260  0.4495E+01  0.1290E+02
  -5.250  0.4703E+01  0.1294E+02
  -5.240  0.4721E+01  0.1299E+02
  -5.230  0.4777E+01  0.1304E+02
  -5.220  0.4918E+01  0.1309E+02
  -5.210  0.4753E+01  0.1314E+02
  -5.200  0.4191E+01  0.1318E+02
  -5.190  0.4115E+01  0.1322E+02
  -5.180  0.4488E+01  0.1327E+02
  -5.170  0.4104E+01  0.1331E+02
  -5.160  0.4290E+01  0.1335E+02
  -5.150  0.4279E+01  0.1340E+02
  -5.140  0.3790E+01  0.1343E+02
  -5.130  0.3990E+01  0.1347E+02
  -5.120  0.4517E+01  0.1352E+02
  -5.110  0.4473E+01  0.1356E+02
  -5.100  0.5016E+01  0.1361E+02
  -5.090  0.4663E+01  0.1366E+02
  -5.080  0.4623E+01  0.1370E+02
  -5.070  0.4431E+01  0.1375E+02
  -5.060  0.4376E+01  0.1379E+02
  -5.050  0.4412E+01  0.1384E+02
  -5.040  0.4447E+01  0.1388E+02
  -5.030  0.4562E+01  0.1393E+02
  -5.020  0.4552E+01  0.1397E+02
  -5.010  0.4625E+01  0.1402E+02
  -5.000  0.4717E+01  0.1407E+02
  -4.990  0.4888E+01  0.1411E+02
  -4.980  0.5075E+01  0.1416E+02
  -4.970  0.5313E+01  0.1422E+02
  -4.960  0.5938E+01  0.1427E+02
  -4.950  0.6267E+01  0.1433E+02
  -4.940  0.6068E+01  0.1440E+02
  -4.930  0.5526E+01  0.1445E+02
  -4.920  0.5354E+01  0.1451E+02
  -4.910  0.5024E+01  0.1456E+02
  -4.900  0.4887E+01  0.1461E+02
  -4.890  0.4708E+01  0.1466E+02
  -4.880  0.4553E+01  0.1470E+02
  -4.870  0.4429E+01  0.1475E+02
  -4.860  0.4407E+01  0.1479E+02
  -4.850  0.4251E+01  0.1484E+02
  -4.840  0.4191E+01  0.1488E+02
  -4.830  0.4197E+01  0.1492E+02
  -4.820  0.3977E+01  0.1496E+02
  -4.810  0.3906E+01  0.1500E+02
  -4.800  0.3827E+01  0.1504E+02
  -4.790  0.3675E+01  0.1508E+02
  -4.780  0.3852E+01  0.1511E+02
  -4.770  0.3726E+01  0.1515E+02
  -4.760  0.3516E+01  0.1519E+02
  -4.750  0.3316E+01  0.1522E+02
  -4.740  0.1691E+01  0.1524E+02
  -4.730  0.1657E+01  0.1526E+02
  -4.720  0.1655E+01  0.1528E+02
  -4.710  0.1681E+01  0.1529E+02
  -4.700  0.1698E+01  0.1531E+02
  -4.690  0.1683E+01  0.1533E+02
  -4.680  0.1644E+01  0.1534E+02
  -4.670  0.1610E+01  0.1536E+02
  -4.660  0.1585E+01  0.1538E+02
  -4.650  0.1584E+01  0.1539E+02
  -4.640  0.1590E+01  0.1541E+02
  -4.630  0.1623E+01  0.1542E+02
  -4.620  0.1601E+01  0.1544E+02
  -4.610  0.1568E+01  0.1546E+02
  -4.600  0.1532E+01  0.1547E+02
  -4.590  0.1525E+01  0.1549E+02
  -4.580  0.1531E+01  0.1550E+02
  -4.570  0.1516E+01  0.1552E+02
  -4.560  0.1556E+01  0.1553E+02
  -4.550  0.1526E+01  0.1555E+02
  -4.540  0.1494E+01  0.1556E+02
  -4.530  0.1476E+01  0.1558E+02
  -4.520  0.1479E+01  0.1559E+02
  -4.510  0.1469E+01  0.1561E+02
  -4.500  0.1501E+01  0.1562E+02
  -4.490  0.1481E+01  0.1564E+02
  -4.480  0.1445E+01  0.1565E+02
  -4.470  0.1431E+01  0.1567E+02
  -4.460  0.1434E+01  0.1568E+02
  -4.450  0.1406E+01  0.1569E+02
  -4.440  0.1453E+01  0.1571E+02
  -4.430  0.1440E+01  0.1572E+02
  -4.420  0.1403E+01  0.1574E+02
  -4.410  0.1390E+01  0.1575E+02
  -4.400  0.1377E+01  0.1577E+02
  -4.390  0.1397E+01  0.1578E+02
  -4.380  0.1395E+01  0.1579E+02
  -4.370  0.1368E+01  0.1581E+02
  -4.360  0.1359E+01  0.1582E+02
  -4.350  0.1360E+01  0.1583E+02
  -4.340  0.1372E+01  0.1585E+02
  -4.330  0.1404E+01  0.1586E+02
  -4.320  0.1330E+01  0.1588E+02
  -4.310  0.1366E+01  0.1589E+02
  -4.300  0.1268E+01  0.1590E+02
  -4.290  0.1343E+01  0.1591E+02
  -4.280  0.1555E+01  0.1593E+02
  -4.270  0.1312E+01  0.1594E+02
  -4.260  0.9156E+00  0.1595E+02
  -4.250  0.9314E+00  0.1596E+02
  -4.240  0.7052E+00  0.1597E+02
  -4.230  0.7826E+00  0.1598E+02
  -4.220  0.6685E+00  0.1599E+02
  -4.210  0.6302E+00  0.1599E+02
  -4.200  0.3261E+00  0.1600E+02
  -4.190  0.2557E-01  0.1600E+02
  -4.180  0.0000E+00  0.1600E+02
  -4.170  0.0000E+00  0.1600E+02
  -4.160  0.0000E+00  0.1600E+02
  -4.150  0.0000E+00  0.1600E+02
  -4.140  0.0000E+00  0.1600E+02
  -4.130  0.0000E+00  0.1600E+02
  -4.120  0.0000E+00  0.1600E+02
  -4.110  0.0000E+00  0.1600E+02
  -4.100  0.0000E+00  0.1600E+02
  -4.090  0.0000E+00  0.1600E+02
  -4.080  0.0000E+00  0.1600E+02
  -4.070  0.0000E+00  0.1600E+02
  -4.060  0.0000E+00  0.1600E+02
  -4.050  0.0000E+00  0.1600E+02
  -4.040  0.0000E+00  0.1600E+02
  -4.030  0.0000E+00  0.1600E+02
  -4.020  0.0000E+00  0.1600E+02
  -4.010  0.0000E+00  0.1600E+02
  -4.000  0.0000E+00  0.1600E+02
  -3.990  0.0000E+00  0.1600E+02
  -3.980  0.0000E+00  0.1600E+02
  -3.970  0.0000E+00  0.1600E+02
  -3.960  0.0000E+00  0.1600E+02
  -3.950  0.0000E+00  0.1600E+02
  -3.940  0.0000E+00  0.1600E+02
  -3.930  0.0000E+00  0.1600E+02
  -3.920  0.0000E+00  0.1600E+02
  -3.910  0.2139E+00  0.1600E+02
  -3.900  0.1269E+01  0.1601E+02
  -3.890  0.1277E+01  0.1602E+02
  -3.880  0.1324E+01  0.1604E+02
  -3.870  0.2363E+01  0.1605E+02
  -3.860  0.1439E+01  0.1607E+02
  -3.850  0.1536E+01  0.1608E+02
  -3.840  0.1998E+01  0.1610E+02
  -3.830  0.1639E+01  0.1611E+02
  -3.820  0.1774E+01  0.1613E+02
  -3.810  0.2125E+01  0.1615E+02
  -3.800  0.1964E+01  0.1617E+02
  -3.790  0.2195E+01  0.1619E+02
  -3.780  0.2405E+01  0.1621E+02
  -3.770  0.6536E+01  0.1625E+02
  -3.760  0.4079E+01  0.1631E+02
  -3.750  0.3190E+01  0.1635E+02
  -3.740  0.2849E+01  0.1638E+02
  -3.730  0.2514E+01  0.1641E+02
  -3.720  0.2368E+01  0.1643E+02
  -3.710  0.2199E+01  0.1645E+02
  -3.700  0.2107E+01  0.1647E+02
  -3.690  0.2011E+01  0.1649E+02
  -3.680  0.1926E+01  0.1651E+02
  -3.670  0.1873E+01  0.1653E+02
  -3.660  0.1812E+01  0.1655E+02
  -3.650  0.1756E+01  0.1657E+02
  -3.640  0.1721E+01  0.1659E+02
  -3.630  0.1687E+01  0.1660E+02
  -3.620  0.1640E+01  0.1662E+02
  -3.610  0.1623E+01  0.1664E+02
  -3.600  0.1597E+01  0.1665E+02
  -3.590  0.1570E+01  0.1667E+02
  -3.580  0.1544E+01  0.1668E+02
  -3.570  0.1529E+01  0.1670E+02
  -3.560  0.1517E+01  0.1671E+02
  -3.550  0.1502E+01  0.1673E+02
  -3.540  0.1486E+01  0.1674E+02
  -3.530  0.1476E+01  0.1676E+02
  -3.520  0.1465E+01  0.1677E+02
  -3.510  0.1451E+01  0.1679E+02
  -3.500  0.1455E+01  0.1680E+02
  -3.490  0.1452E+01  0.1682E+02
  -3.480  0.1443E+01  0.1683E+02
  -3.470  0.1432E+01  0.1685E+02
  -3.460  0.1428E+01  0.1686E+02
  -3.450  0.1436E+01  0.1688E+02
  -3.440  0.1450E+01  0.1689E+02
  -3.430  0.1440E+01  0.1690E+02
  -3.420  0.1438E+01  0.1692E+02
  -3.410  0.1440E+01  0.1693E+02
  -3.400  0.1450E+01  0.1695E+02
  -3.390  0.1461E+01  0.1696E+02
  -3.380  0.1474E+01  0.1698E+02
  -3.370  0.1478E+01  0.1699E+02
  -3.360  0.1488E+01  0.1701E+02
  -3.350  0.1832E+01  0.1702E+02
  -3.340  0.1971E+01  0.1704E+02
  -3.330  0.2006E+01  0.1706E+02
  -3.320  0.2122E+01  0.1708E+02
  -3.310  0.2137E+01  0.1711E+02
  -3.300  0.2230E+01  0.1713E+02
  -3.290  0.2330E+01  0.1715E+02
  -3.280  0.2417E+01  0.1717E+02
  -3.270  0.2552E+01  0.1720E+02
  -3.260  0.2636E+01  0.1722E+02
  -3.250  0.2754E+01  0.1725E+02
  -3.240  0.2911E+01  0.1728E+02
  -3.230  0.3092E+01  0.1731E+02
  -3.220  0.3252E+01  0.1734E+02
  -3.210  0.3428E+01  0.1737E+02
  -3.200  0.3746E+01  0.1741E+02
  -3.190  0.4007E+01  0.1745E+02
  -3.180  0.4355E+01  0.1749E+02
  -3.170  0.4941E+01  0.1754E+02
  -3.160  0.5449E+01  0.1759E+02
  -3.150  0.6486E+01  0.1765E+02
  -3.140  0.8689E+01  0.1772E+02
  -3.130  0.1261E+02  0.1784E+02
  -3.120  0.8656E+01  0.1794E+02
  -3.110  0.0000E+00  0.1800E+02
  -3.100  0.0000E+00  0.1800E+02
  -3.090  0.0000E+00  0.1800E+02
  -3.080  0.0000E+00  0.1800E+02
  -3.070  0.0000E+00  0.1800E+02
  -3.060  0.0000E+00  0.1800E+02
  -3.050  0.0000E+00  0.1800E+02
  -3.040  0.0000E+00  0.1800E+02
  -3.030  0.0000E+00  0.1800E+02
  -3.020  0.0000E+00  0.1800E+02
  -3.010  0.0000E+00  0.1800E+02
  -3.000  0.0000E+00  0.1800E+02
  -2.990  0.0000E+00  0.1800E+02
  -2.980  0.0000E+00  0.1800E+02
  -2.970  0.0000E+00  0.1800E+02
  -2.960  0.0000E+00  0.1800E+02
  -2.950  0.0000E+00  0.1800E+02
  -2.940  0.0000E+00  0.1800E+02
  -2.930  0.0000E+00  0.1800E+02
  -2.920  0.0000E+00  0.1800E+02
  -2.910  0.0000E+00  0.1800E+02
  -2.900  0.0000E+00  0.1800E+02
  -2.890  0.0000E+00  0.1800E+02
  -2.880  0.0000E+00  0.1800E+02
  -2.870  0.0000E+00  0.1800E+02
  -2.860  0.0000E+00  0.1800E+02
  -2.850  0.0000E+00  0.1800E+02
  -2.840  0.0000E+00  0.1800E+02
  -2.830  0.0000E+00  0.1800E+02
  -2.820  0.0000E+00  0.1800E+02
  -2.810  0.0000E+00  0.1800E+02
  -2.800  0.0000E+00  0.1800E+02
  -2.790  0.0000E+00  0.1800E+02
  -2.780  0.0000E+00  0.1800E+02
  -2.770  0.0000E+00  0.1800E+02
  -2.760  0.0000E+00  0.1800E+02
  -2.750  0.0000E+00  0.1800E+02
  -2.740  0.0000E+00  0.1800E+02
  -2.730  0.0000E+00  0.1800E+02
  -2.720  0.0000E+00  0.1800E+02
  -2.710  0.0000E+00  0.1800E+02
  -2.700  0.0000E+00  0.1800E+02
  -2.690  0.0000E+00  0.1800E+02
  -2.680  0.0000E+00  0.1800E+02
  -2.670  0.0000E+00  0.1800E+02
  -2.660  0.0000E+00  0.1800E+02
  -2.650  0.0000E+00  0.1800E+02
  -2.640  0.0000E+00  0.1800E+02
  -2.630  0.0000E+00  0.1800E+02
  -2.620  0.0000E+00  0.1800E+02
  -2.610  0.0000E+00  0.1800E+02
  -2.600  0.0000E+00  0.1800E+02
  -2.590  0.0000E+00  0.1800E+02
  -2.580  0.0000E+00  0.1800E+02
  -2.570  0.0000E+00  0.1800E+02
  -2.560  0.0000E+00  0.1800E+02
  -2.550  0.0000E+00  0.1800E+02
  -2.540  0.0000E+00  0.1800E+02
  -2.530  0.0000E+00  0.1800E+02
  -2.520  0.0000E+00  0.1800E+02
  -2.510  0.0000E+00  0.1800E+02
  -2.500  0.0000E+00  0.1800E+02
  -2.490  0.0000E+00  0.1800E+02
  -2.480  0.0000E+00  0.1800E+02
  -2.470  0.0000E+00  0.1800E+02
  -2.460  0.0000E+00  0.1800E+02
  -2.450  0.0000E+00  0.1800E+02
  -2.440  0.0000E+00  0.1800E+02
  -2.430  0.0000E+00  0.1800E+02
  -2.420  0.0000E+00  0.1800E+02
  -2.410  0.0000E+00  0.1800E+02
  -2.400  0.0000E+00  0.1800E+02
  -2.390  0.0000E+00  0.1800E+02
  -2.380  0.0000E+00  0.1800E+02
  -2.370  0.0000E+00  0.1800E+02
  -2.360  0.0000E+00  0.1800E+02
  -2.350  0.0000E+00  0.1800E+02
  -2.340  0.0000E+00  0.1800E+02
  -2.330  0.0000E+00  0.1800E+02
  -2.320  0.0000E+00  0.1800E+02
  -2.310  0.0000E+00  0.1800E+02
  -2.300  0.0000E+00  0.1800E+02
  -2.290  0.0000E+00  0.1800E+02
  -2.280  0.0000E+00  0.1800E+02
  -2.270  0.0000E+00  0.1800E+02
  -2.260  0.0000E+00  0.1800E+02
  -2.250  0.0000E+00  0.1800E+02
  -2.240  0.0000E+00  0.1800E+02
  -2.230  0.0000E+00  0.1800E+02
  -2.220  0.0000E+00  0.1800E+02
  -2.210  0.0000E+00  0.1800E+02
  -2.200  0.0000E+00  0.1800E+02
  -2.190  0.0000E+00  0.1800E+02
  -2.180  0.0000E+00  0.1800E+02
  -2.170  0.0000E+00  0.1800E+02
  -2.160  0.0000E+00  0.1800E+02
  -2.150  0.0000E+00  0.1800E+02
  -2.140  0.0000E+00  0.1800E+02
  -2.130  0.0000E+00  0.1800E+02
  -2.120  0.0000E+00  0.1800E+02
  -2.110  0.0000E+00  0.1800E+02
  -2.100  0.0000E+00  0.1800E+02
  -2.090  0.0000E+00  0.1800E+02
  -2.080  0.0000E+00  0.1800E+02
  -2.070  0.0000E+00  0.1800E+02
  -2.060  0.0000E+00  0.1800E+02
  -2.050  0.0000E+00  0.1800E+02
  -2.040  0.0000E+00  0.1800E+02
  -2.030  0.0000E+00  0.1800E+02
  -2.020  0.0000E+00  0.1800E+02
  -2.010  0.0000E+00  0.1800E+02
  -2.000  0.0000E+00  0.1800E+02
  -1.990  0.0000E+00  0.1800E+02
  -1.980  0.0000E+00  0.1800E+02
  -1.970  0.0000E+00  0.1800E+02
  -1.960  0.0000E+00  0.1800E+02
  -1.950  0.0000E+00  0.1800E+02
  -1.940  0.0000E+00  0.1800E+02
  -1.930  0.0000E+00  0.1800E+02
  -1.920  0.0000E+00  0.1800E+02
  -1.910  0.0000E+00  0.1800E+02
  -1.900  0.0000E+00  0.1800E+02
  -1.890  0.0000E+00  0.1800E+02
  -1.880  0.0000E+00  0.1800E+02
  -1.870  0.0000E+00  0.1800E+02
  -1.860  0.0000E+00  0.1800E+02
  -1.850  0.0000E+00  0.1800E+02
  -1.840  0.0000E+00  0.1800E+02
  -1.830  0.0000E+00  0.1800E+02
  -1.820  0.0000E+00  0.1800E+02
  -1.810  0.0000E+00  0.1800E+02
  -1.800  0.0000E+00  0.1800E+02
  -1.790  0.0000E+00  0.1800E+02
  -1.780  0.0000E+00  0.1800E+02
  -1.770  0.0000E+00  0.1800E+02
  -1.760  0.0000E+00  0.1800E+02
  -1.750  0.0000E+00  0.1800E+02
  -1.740  0.0000E+00  0.1800E+02
  -1.730  0.0000E+00  0.1800E+02
  -1.720  0.0000E+00  0.1800E+02
  -1.710  0.0000E+00  0.1800E+02
  -1.700  0.0000E+00  0.1800E+02
  -1.690  0.0000E+00  0.1800E+02
  -1.680  0.0000E+00  0.1800E+02
  -1.670  0.0000E+00  0.1800E+02
  -1.660  0.0000E+00  0.1800E+02
  -1.650  0.0000E+00  0.1800E+02
  -1.640  0.0000E+00  0.1800E+02
  -1.630  0.0000E+00  0.1800E+02
  -1.620  0.0000E+00  0.1800E+02
  -1.610  0.0000E+00  0.1800E+02
  -1.600  0.0000E+00  0.1800E+02
  -1.590  0.0000E+00  0.1800E+02
  -1.580  0.0000E+00  0.1800E+02
  -1.570  0.0000E+00  0.1800E+02
  -1.560  0.0000E+00  0.1800E+02
  -1.550  0.0000E+00  0.1800E+02
  -1.540  0.0000E+00  0.1800E+02
  -1.530  0.0000E+00  0.1800E+02
  -1.520  0.0000E+00  0.1800E+02
  -1.510  0.0000E+00  0.1800E+02
  -1.500  0.0000E+00  0.1800E+02
  -1.490  0.0000E+00  0.1800E+02
  -1.480  0.0000E+00  0.1800E+02
  -1.470  0.0000E+00  0.1800E+02
  -1.460  0.0000E+00  0.1800E+02
  -1.450  0.0000E+00  0.1800E+02
  -1.440  0.0000E+00  0.1800E+02
  -1.430  0.0000E+00  0.1800E+02
  -1.420  0.0000E+00  0.1800E+02
  -1.410  0.0000E+00  0.1800E+02
  -1.400  0.0000E+00  0.1800E+02
  -1.390  0.0000E+00  0.1800E+02
  -1.380  0.0000E+00  0.1800E+02
  -1.370  0.0000E+00  0.1800E+02
  -1.360  0.0000E+00  0.1800E+02
  -1.350  0.0000E+00  0.1800E+02
  -1.340  0.0000E+00  0.1800E+02
  -1.330  0.0000E+00  0.1800E+02
  -1.320  0.0000E+00  0.1800E+02
  -1.310  0.0000E+00  0.1800E+02
  -1.300  0.0000E+00  0.1800E+02
  -1.290  0.0000E+00  0.1800E+02
  -1.280  0.0000E+00  0.1800E+02
  -1.270  0.0000E+00  0.1800E+02
  -1.260  0.0000E+00  0.1800E+02
  -1.250  0.0000E+00  0.1800E+02
  -1.240  0.0000E+00  0.1800E+02
  -1.230  0.0000E+00  0.1800E+02
  -1.220  0.0000E+00  0.1800E+02
  -1.210  0.0000E+00  0.1800E+02
  -1.200  0.0000E+00  0.1800E+02
  -1.190  0.0000E+00  0.1800E+02
  -1.180  0.0000E+00  0.1800E+02
  -1.170  0.0000E+00  0.1800E+02
  -1.160  0.0000E+00  0.1800E+02
  -1.150  0.0000E+00  0.1800E+02
  -1.140  0.0000E+00  0.1800E+02
  -1.130  0.0000E+00  0.1800E+02
  -1.120  0.0000E+00  0.1800E+02
  -1.110  0.0000E+00  0.1800E+02
  -1.100  0.0000E+00  0.1800E+02
  -1.090  0.0000E+00  0.1800E+02
  -1.080  0.0000E+00  0.1800E+02
  -1.070  0.0000E+00  0.1800E+02
  -1.060  0.0000E+00  0.1800E+02
  -1.050  0.0000E+00  0.1800E+02
  -1.040  0.0000E+00  0.1800E+02
  -1.030  0.0000E+00  0.1800E+02
  -1.020  0.0000E+00  0.1800E+02
  -1.010  0.0000E+00  0.1800E+02
  -1.000  0.0000E+00  0.1800E+02
  -0.990  0.1948E+00  0.1800E+02
  -0.980  0.4404E+00  0.1800E+02
  -0.970  0.7732E+00  0.1801E+02
  -0.960  0.9134E+00  0.1802E+02
  -0.950  0.8678E+00  0.1803E+02
  -0.940  0.9144E+00  0.1804E+02
  -0.930  0.8734E+00  0.1805E+02
  -0.920  0.1326E+01  0.1806E+02
  -0.910  0.1652E+01  0.1807E+02
  -0.900  0.1466E+01  0.1809E+02
  -0.890  0.1510E+01  0.1810E+02
  -0.880  0.1507E+01  0.1812E+02
  -0.870  0.1488E+01  0.1813E+02
  -0.860  0.1561E+01  0.1815E+02
  -0.850  0.1590E+01  0.1817E+02
  -0.840  0.1580E+01  0.1818E+02
  -0.830  0.1622E+01  0.1820E+02
  -0.820  0.1624E+01  0.1821E+02
  -0.810  0.1685E+01  0.1823E+02
  -0.800  0.1721E+01  0.1825E+02
  -0.790  0.1741E+01  0.1826E+02
  -0.780  0.1815E+01  0.1828E+02
  -0.770  0.1876E+01  0.1830E+02
  -0.760  0.1872E+01  0.1832E+02
  -0.750  0.1945E+01  0.1834E+02
  -0.740  0.2034E+01  0.1836E+02
  -0.730  0.2145E+01  0.1838E+02
  -0.720  0.2299E+01  0.1840E+02
  -0.710  0.2456E+01  0.1843E+02
  -0.700  0.2926E+01  0.1845E+02
  -0.690  0.2906E+01  0.1848E+02
  -0.680  0.3171E+01  0.1851E+02
  -0.670  0.2693E+01  0.1854E+02
  -0.660  0.2227E+01  0.1857E+02
  -0.650  0.2017E+01  0.1859E+02
  -0.640  0.1915E+01  0.1861E+02
  -0.630  0.1882E+01  0.1863E+02
  -0.620  0.1805E+01  0.1864E+02
  -0.610  0.1735E+01  0.1866E+02
  -0.600  0.1593E+01  0.1868E+02
  -0.590  0.1536E+01  0.1869E+02
  -0.580  0.1479E+01  0.1871E+02
  -0.570  0.1459E+01  0.1872E+02
  -0.560  0.1437E+01  0.1874E+02
  -0.550  0.1383E+01  0.1875E+02
  -0.540  0.1340E+01  0.1877E+02
  -0.530  0.1320E+01  0.1878E+02
  -0.520  0.1290E+01  0.1879E+02
  -0.510  0.1253E+01  0.1881E+02
  -0.500  0.1224E+01  0.1882E+02
  -0.490  0.1195E+01  0.1883E+02
  -0.480  0.1173E+01  0.1884E+02
  -0.470  0.1147E+01  0.1885E+02
  -0.460  0.1115E+01  0.1886E+02
  -0.450  0.1095E+01  0.1888E+02
  -0.440  0.1081E+01  0.1889E+02
  -0.430  0.1061E+01  0.1890E+02
  -0.420  0.1038E+01  0.1891E+02
  -0.410  0.1026E+01  0.1892E+02
  -0.400  0.1019E+01  0.1893E+02
  -0.390  0.1012E+01  0.1894E+02
  -0.380  0.9973E+00  0.1895E+02
  -0.370  0.9698E+00  0.1896E+02
  -0.360  0.9458E+00  0.1897E+02
  -0.350  0.9253E+00  0.1898E+02
  -0.340  0.9141E+00  0.1899E+02
  -0.330  0.9089E+00  0.1900E+02
  -0.320  0.8943E+00  0.1900E+02
  -0.310  0.8780E+00  0.1901E+02
  -0.300  0.8711E+00  0.1902E+02
  -0.290  0.8641E+00  0.1903E+02
  -0.280  0.8570E+00  0.1904E+02
  -0.270  0.8499E+00  0.1905E+02
  -0.260  0.8389E+00  0.1906E+02
  -0.250  0.8270E+00  0.1906E+02
  -0.240  0.8217E+00  0.1907E+02
  -0.230  0.8007E+00  0.1908E+02
  -0.220  0.7931E+00  0.1909E+02
  -0.210  0.7850E+00  0.1910E+02
  -0.200  0.7753E+00  0.1910E+02
  -0.190  0.7622E+00  0.1911E+02
  -0.180  0.7495E+00  0.1912E+02
  -0.170  0.7483E+00  0.1913E+02
  -0.160  0.7434E+00  0.1914E+02
  -0.150  0.7386E+00  0.1914E+02
  -0.140  0.7335E+00  0.1915E+02
  -0.130  0.7216E+00  0.1916E+02
  -0.120  0.7103E+00  0.1916E+02
  -0.110  0.7109E+00  0.1917E+02
  -0.100  0.7108E+00  0.1918E+02
  -0.090  0.7045E+00  0.1919E+02
  -0.080  0.6986E+00  0.1919E+02
  -0.070  0.6855E+00  0.1920E+02
  -0.060  0.6732E+00  0.1921E+02
  -0.050  0.6611E+00  0.1921E+02
  -0.040  0.6568E+00  0.1922E+02
  -0.030  0.6526E+00  0.1923E+02
  -0.020  0.6485E+00  0.1923E+02
  -0.010  0.6444E+00  0.1924E+02
   0.000  0.6444E+00  0.1925E+02
   0.010  0.6267E+00  0.1925E+02
   0.020  0.6294E+00  0.1926E+02
   0.030  0.6345E+00  0.1926E+02
   0.040  0.6320E+00  0.1927E+02
   0.050  0.6258E+00  0.1928E+02
   0.060  0.6183E+00  0.1928E+02
   0.070  0.6080E+00  0.1929E+02
   0.080  0.5968E+00  0.1930E+02
   0.090  0.5875E+00  0.1930E+02
   0.100  0.5855E+00  0.1931E+02
   0.110  0.5842E+00  0.1931E+02
   0.120  0.5829E+00  0.1932E+02
   0.130  0.5814E+00  0.1932E+02
   0.140  0.5793E+00  0.1933E+02
   0.150  0.5648E+00  0.1934E+02
   0.160  0.5618E+00  0.1934E+02
   0.170  0.5586E+00  0.1935E+02
   0.180  0.5554E+00  0.1935E+02
   0.190  0.5564E+00  0.1936E+02
   0.200  0.5513E+00  0.1936E+02
   0.210  0.5460E+00  0.1937E+02
   0.220  0.5401E+00  0.1938E+02
   0.230  0.5332E+00  0.1938E+02
   0.240  0.5334E+00  0.1939E+02
   0.250  0.5356E+00  0.1939E+02
   0.260  0.5369E+00  0.1940E+02
   0.270  0.5301E+00  0.1940E+02
   0.280  0.5215E+00  0.1941E+02
   0.290  0.5127E+00  0.1941E+02
   0.300  0.5040E+00  0.1942E+02
   0.310  0.5011E+00  0.1942E+02
   0.320  0.5008E+00  0.1943E+02
   0.330  0.4996E+00  0.1943E+02
   0.340  0.4985E+00  0.1944E+02
   0.350  0.4974E+00  0.1944E+02
   0.360  0.4891E+00  0.1945E+02
   0.370  0.4899E+00  0.1945E+02
   0.380  0.4868E+00  0.1946E+02
   0.390  0.4877E+00  0.1946E+02
   0.400  0.4833E+00  0.1947E+02
   0.410  0.4789E+00  0.1947E+02
   0.420  0.5222E+00  0.1948E+02
   0.430  0.5659E+00  0.1948E+02
   0.440  0.5601E+00  0.1949E+02
   0.450  0.5712E+00  0.1949E+02
   0.460  0.6697E+00  0.1950E+02
   0.470  0.8080E+00  0.1951E+02
   0.480  0.9966E+00  0.1952E+02
   0.490  0.1101E+01  0.1953E+02
   0.500  0.1374E+01  0.1954E+02
   0.510  0.1147E+01  0.1955E+02
   0.520  0.1152E+01  0.1956E+02
   0.530  0.1156E+01  0.1957E+02
   0.540  0.1164E+01  0.1959E+02
   0.550  0.1196E+01  0.1960E+02
   0.560  0.1221E+01  0.1961E+02
   0.570  0.1211E+01  0.1962E+02
   0.580  0.1181E+01  0.1964E+02
   0.590  0.1172E+01  0.1965E+02
   0.600  0.1188E+01  0.1966E+02
   0.610  0.1179E+01  0.1967E+02
   0.620  0.1189E+01  0.1968E+02
   0.630  0.1386E+01  0.1969E+02
   0.640  0.1201E+01  0.1971E+02
   0.650  0.1206E+01  0.1972E+02
   0.660  0.1203E+01  0.1973E+02
   0.670  0.1198E+01  0.1974E+02
   0.680  0.1204E+01  0.1976E+02
   0.690  0.1315E+01  0.1977E+02
   0.700  0.1198E+01  0.1978E+02
   0.710  0.1206E+01  0.1979E+02
   0.720  0.1212E+01  0.1980E+02
   0.730  0.1207E+01  0.1982E+02
   0.740  0.1204E+01  0.1983E+02
   0.750  0.1208E+01  0.1984E+02
   0.760  0.1287E+01  0.1985E+02
   0.770  0.1238E+01  0.1987E+02
   0.780  0.1218E+01  0.1988E+02
   0.790  0.1216E+01  0.1989E+02
   0.800  0.1217E+01  0.1990E+02
   0.810  0.1228E+01  0.1991E+02
   0.820  0.1233E+01  0.1993E+02
   0.830  0.1241E+01  0.1994E+02
   0.840  0.1295E+01  0.1995E+02
   0.850  0.1256E+01  0.1996E+02
   0.860  0.1245E+01  0.1998E+02
   0.870  0.1248E+01  0.1999E+02
   0.880  0.1252E+01  0.2000E+02
   0.890  0.1259E+01  0.2001E+02
   0.900  0.1268E+01  0.2003E+02
   0.910  0.1270E+01  0.2004E+02
   0.920  0.1315E+01  0.2005E+02
   0.930  0.1293E+01  0.2007E+02
   0.940  0.1275E+01  0.2008E+02
   0.950  0.1293E+01  0.2009E+02
   0.960  0.1304E+01  0.2010E+02
   0.970  0.1310E+01  0.2012E+02
   0.980  0.1307E+01  0.2013E+02
   0.990  0.1321E+01  0.2014E+02
   1.000  0.1346E+01  0.2016E+02
   1.010  0.1392E+01  0.2017E+02
   1.020  0.1382E+01  0.2018E+02
   1.030  0.1386E+01  0.2020E+02
   1.040  0.1397E+01  0.2021E+02
   1.050  0.1698E+01  0.2023E+02
   1.060  0.2231E+01  0.2025E+02
   1.070  0.2445E+01  0.2027E+02
   1.080  0.2509E+01  0.2030E+02
   1.090  0.2415E+01  0.2032E+02
   1.100  0.2488E+01  0.2035E+02
   1.110  0.2496E+01  0.2037E+02
   1.120  0.2526E+01  0.2040E+02
   1.130  0.2459E+01  0.2042E+02
   1.140  0.2521E+01  0.2045E+02
   1.150  0.2597E+01  0.2047E+02
   1.160  0.2612E+01  0.2050E+02
   1.170  0.2642E+01  0.2052E+02
   1.180  0.2742E+01  0.2055E+02
   1.190  0.2752E+01  0.2058E+02
   1.200  0.2827E+01  0.2061E+02
   1.210  0.2711E+01  0.2063E+02
   1.220  0.2707E+01  0.2066E+02
   1.230  0.2651E+01  0.2069E+02
   1.240  0.2654E+01  0.2072E+02
   1.250  0.2720E+01  0.2074E+02
   1.260  0.2772E+01  0.2077E+02
   1.270  0.2799E+01  0.2080E+02
   1.280  0.2863E+01  0.2083E+02
   1.290  0.2997E+01  0.2086E+02
   1.300  0.3022E+01  0.2089E+02
   1.310  0.3699E+01  0.2092E+02
   1.320  0.3262E+01  0.2095E+02
   1.330  0.3811E+01  0.2099E+02
   1.340  0.3744E+01  0.2102E+02
   1.350  0.3517E+01  0.2106E+02
   1.360  0.3383E+01  0.2109E+02
   1.370  0.3307E+01  0.2113E+02
   1.380  0.3267E+01  0.2116E+02
   1.390  0.7080E+01  0.2120E+02
   1.400  0.7901E+01  0.2130E+02
   1.410  0.6300E+01  0.2138E+02
   1.420  0.5690E+01  0.2143E+02
   1.430  0.5683E+01  0.2149E+02
   1.440  0.5878E+01  0.2155E+02
   1.450  0.5285E+01  0.2161E+02
   1.460  0.5080E+01  0.2166E+02
   1.470  0.4263E+01  0.2171E+02
   1.480  0.4820E+01  0.2175E+02
   1.490  0.5011E+01  0.2180E+02
   1.500  0.5712E+01  0.2185E+02
   1.510  0.6054E+01  0.2191E+02
   1.520  0.5801E+01  0.2197E+02
   1.530  0.5781E+01  0.2203E+02
   1.540  0.5876E+01  0.2209E+02
   1.550  0.6161E+01  0.2215E+02
   1.560  0.6586E+01  0.2221E+02
   1.570  0.7914E+01  0.2228E+02
   1.580  0.6091E+01  0.2235E+02
   1.590  0.5880E+01  0.2241E+02
   1.600  0.5607E+01  0.2247E+02
   1.610  0.5735E+01  0.2252E+02
   1.620  0.5484E+01  0.2258E+02
   1.630  0.5332E+01  0.2263E+02
   1.640  0.5091E+01  0.2268E+02
   1.650  0.5057E+01  0.2274E+02
   1.660  0.4864E+01  0.2278E+02
   1.670  0.4846E+01  0.2283E+02
   1.680  0.4730E+01  0.2288E+02
   1.690  0.4711E+01  0.2293E+02
   1.700  0.4521E+01  0.2298E+02
   1.710  0.4173E+01  0.2302E+02
   1.720  0.4094E+01  0.2306E+02
   1.730  0.3867E+01  0.2310E+02
   1.740  0.3829E+01  0.2314E+02
   1.750  0.3603E+01  0.2318E+02
   1.760  0.3371E+01  0.2321E+02
   1.770  0.3171E+01  0.2325E+02
   1.780  0.2940E+01  0.2328E+02
   1.790  0.2708E+01  0.2330E+02
   1.800  0.2709E+01  0.2333E+02
   1.810  0.2962E+01  0.2336E+02
   1.820  0.3060E+01  0.2339E+02
   1.830  0.3152E+01  0.2342E+02
   1.840  0.3162E+01  0.2345E+02
   1.850  0.3262E+01  0.2348E+02
   1.860  0.3720E+01  0.2352E+02
   1.870  0.3937E+01  0.2356E+02
   1.880  0.4226E+01  0.2360E+02
   1.890  0.4173E+01  0.2364E+02
   1.900  0.4100E+01  0.2368E+02
   1.910  0.4138E+01  0.2372E+02
   1.920  0.4311E+01  0.2376E+02
   1.930  0.4169E+01  0.2381E+02
   1.940  0.4023E+01  0.2385E+02
   1.950  0.3531E+01  0.2389E+02
   1.960  0.2804E+01  0.2392E+02
   1.970  0.2704E+01  0.2394E+02
   1.980  0.2603E+01  0.2397E+02
   1.990  0.2429E+01  0.2400E+02
   2.000  0.2276E+01  0.2402E+02
   2.010  0.2231E+01  0.2404E+02
   2.020  0.2198E+01  0.2407E+02
   2.030  0.2093E+01  0.2409E+02
   2.040  0.2071E+01  0.2411E+02
   2.050  0.2080E+01  0.2413E+02
   2.060  0.2066E+01  0.2415E+02
   2.070  0.2345E+01  0.2417E+02
   2.080  0.2149E+01  0.2419E+02
   2.090  0.2228E+01  0.2422E+02
   2.100  0.2205E+01  0.2424E+02
   2.110  0.2361E+01  0.2426E+02
   2.120  0.2188E+01  0.2428E+02
   2.130  0.2254E+01  0.2431E+02
   2.140  0.2311E+01  0.2433E+02
   2.150  0.2392E+01  0.2435E+02
   2.160  0.2680E+01  0.2438E+02
   2.170  0.3039E+01  0.2441E+02
   2.180  0.3174E+01  0.2444E+02
   2.190  0.3181E+01  0.2447E+02
   2.200  0.3641E+01  0.2450E+02
   2.210  0.3459E+01  0.2454E+02
   2.220  0.3309E+01  0.2457E+02
   2.230  0.3341E+01  0.2461E+02
   2.240  0.3300E+01  0.2464E+02
   2.250  0.3231E+01  0.2467E+02
   2.260  0.3205E+01  0.2470E+02
   2.270  0.3195E+01  0.2474E+02
   2.280  0.3191E+01  0.2477E+02
   2.290  0.3164E+01  0.2480E+02
   2.300  0.3172E+01  0.2483E+02
   2.310  0.3193E+01  0.2486E+02
   2.320  0.3212E+01  0.2490E+02
   2.330  0.3210E+01  0.2493E+02
   2.340  0.3209E+01  0.2496E+02
   2.350  0.3242E+01  0.2499E+02
   2.360  0.3293E+01  0.2502E+02
   2.370  0.3362E+01  0.2506E+02
   2.380  0.3531E+01  0.2509E+02
   2.390  0.3947E+01  0.2513E+02
   2.400  0.4187E+01  0.2517E+02
   2.410  0.3701E+01  0.2521E+02
   2.420  0.3916E+01  0.2525E+02
   2.430  0.4842E+01  0.2530E+02
   2.440  0.4754E+01  0.2535E+02
   2.450  0.4963E+01  0.2539E+02
   2.460  0.5142E+01  0.2544E+02
   2.470  0.5444E+01  0.2550E+02
   2.480  0.6091E+01  0.2556E+02
   2.490  0.6584E+01  0.2562E+02
   2.500  0.7173E+01  0.2569E+02
   2.510  0.7315E+01  0.2576E+02
   2.520  0.7157E+01  0.2584E+02
   2.530  0.6469E+01  0.2591E+02
   2.540  0.8298E+01  0.2598E+02
   2.550  0.8379E+01  0.2607E+02
   2.560  0.5729E+01  0.2614E+02
   2.570  0.4880E+01  0.2620E+02
   2.580  0.4375E+01  0.2624E+02
   2.590  0.5088E+01  0.2629E+02
   2.600  0.3556E+01  0.2634E+02
   2.610  0.3282E+01  0.2638E+02
   2.620  0.3497E+01  0.2641E+02
   2.630  0.4137E+01  0.2645E+02
   2.640  0.3277E+01  0.2648E+02
   2.650  0.3415E+01  0.2651E+02
   2.660  0.3431E+01  0.2655E+02
   2.670  0.3332E+01  0.2658E+02
   2.680  0.3582E+01  0.2662E+02
   2.690  0.3381E+01  0.2665E+02
   2.700  0.3293E+01  0.2669E+02
   2.710  0.3240E+01  0.2672E+02
   2.720  0.3034E+01  0.2675E+02
   2.730  0.3062E+01  0.2678E+02
   2.740  0.3113E+01  0.2681E+02
   2.750  0.3169E+01  0.2684E+02
   2.760  0.3398E+01  0.2688E+02
   2.770  0.3653E+01  0.2691E+02
   2.780  0.3727E+01  0.2695E+02
   2.790  0.3484E+01  0.2698E+02
   2.800  0.3436E+01  0.2702E+02
   2.810  0.3628E+01  0.2705E+02
   2.820  0.3907E+01  0.2709E+02
   2.830  0.4455E+01  0.2713E+02
   2.840  0.3928E+01  0.2718E+02
   2.850  0.3374E+01  0.2721E+02
   2.860  0.3117E+01  0.2725E+02
   2.870  0.2852E+01  0.2727E+02
   2.880  0.2737E+01  0.2730E+02
   2.890  0.2555E+01  0.2733E+02
   2.900  0.2464E+01  0.2735E+02
   2.910  0.2485E+01  0.2738E+02
   2.920  0.2378E+01  0.2740E+02
   2.930  0.2239E+01  0.2743E+02
   2.940  0.2187E+01  0.2745E+02
   2.950  0.2333E+01  0.2747E+02
   2.960  0.2186E+01  0.2749E+02
   2.970  0.2064E+01  0.2752E+02
   2.980  0.2040E+01  0.2754E+02
   2.990  0.2084E+01  0.2756E+02
   3.000  0.2030E+01  0.2758E+02
   3.010  0.2090E+01  0.2760E+02
   3.020  0.2211E+01  0.2762E+02
   3.030  0.2607E+01  0.2764E+02
   3.040  0.3225E+01  0.2767E+02
   3.050  0.5023E+01  0.2771E+02
   3.060  0.9459E+01  0.2777E+02
   3.070  0.9891E+01  0.2788E+02
   3.080  0.9833E+01  0.2797E+02
   3.090  0.6371E+01  0.2805E+02
   3.100  0.5138E+01  0.2811E+02
   3.110  0.3336E+01  0.2815E+02
   3.120  0.2929E+01  0.2818E+02
   3.130  0.2790E+01  0.2821E+02
   3.140  0.2567E+01  0.2824E+02
   3.150  0.2463E+01  0.2826E+02
   3.160  0.2387E+01  0.2828E+02
   3.170  0.2301E+01  0.2831E+02
   3.180  0.2293E+01  0.2833E+02
   3.190  0.2406E+01  0.2835E+02
   3.200  0.2178E+01  0.2838E+02
   3.210  0.2294E+01  0.2840E+02
   3.220  0.2116E+01  0.2842E+02
   3.230  0.2077E+01  0.2844E+02
   3.240  0.2053E+01  0.2846E+02
   3.250  0.2039E+01  0.2848E+02
   3.260  0.2016E+01  0.2850E+02
   3.270  0.2017E+01  0.2852E+02
   3.280  0.1987E+01  0.2854E+02
   3.290  0.2249E+01  0.2856E+02
   3.300  0.3038E+01  0.2859E+02
   3.310  0.2336E+01  0.2862E+02
   3.320  0.1772E+01  0.2864E+02
   3.330  0.2136E+01  0.2865E+02
   3.340  0.2691E+01  0.2868E+02
   3.350  0.2637E+01  0.2871E+02
   3.360  0.2522E+01  0.2873E+02
   3.370  0.2350E+01  0.2875E+02
   3.380  0.2461E+01  0.2878E+02
   3.390  0.2291E+01  0.2880E+02
   3.400  0.2241E+01  0.2883E+02
   3.410  0.2296E+01  0.2885E+02
   3.420  0.2531E+01  0.2887E+02
   3.430  0.2362E+01  0.2890E+02
   3.440  0.2367E+01  0.2892E+02
   3.450  0.2307E+01  0.2894E+02
   3.460  0.2311E+01  0.2897E+02
   3.470  0.2325E+01  0.2899E+02
   3.480  0.2359E+01  0.2901E+02
   3.490  0.2396E+01  0.2904E+02
   3.500  0.2333E+01  0.2906E+02
   3.510  0.2349E+01  0.2908E+02
   3.520  0.2404E+01  0.2911E+02
   3.530  0.2411E+01  0.2913E+02
   3.540  0.2446E+01  0.2916E+02
   3.550  0.2650E+01  0.2918E+02
   3.560  0.2858E+01  0.2921E+02
   3.570  0.2893E+01  0.2924E+02
   3.580  0.2866E+01  0.2927E+02
   3.590  0.2929E+01  0.2930E+02
   3.600  0.2939E+01  0.2932E+02
   3.610  0.2987E+01  0.2935E+02
   3.620  0.3444E+01  0.2939E+02
   3.630  0.3501E+01  0.2942E+02
   3.640  0.3777E+01  0.2946E+02
   3.650  0.3835E+01  0.2950E+02
   3.660  0.3673E+01  0.2954E+02
   3.670  0.3454E+01  0.2957E+02
   3.680  0.3565E+01  0.2961E+02
   3.690  0.3284E+01  0.2964E+02
   3.700  0.3317E+01  0.2967E+02
   3.710  0.3320E+01  0.2971E+02
   3.720  0.3080E+01  0.2974E+02
   3.730  0.3104E+01  0.2977E+02
   3.740  0.3076E+01  0.2980E+02
   3.750  0.3054E+01  0.2983E+02
   3.760  0.3039E+01  0.2986E+02
   3.770  0.3198E+01  0.2989E+02
   3.780  0.2967E+01  0.2992E+02
   3.790  0.2994E+01  0.2995E+02
   3.800  0.2998E+01  0.2998E+02
   3.810  0.2997E+01  0.3001E+02
   3.820  0.2938E+01  0.3004E+02
   3.830  0.2920E+01  0.3007E+02
   3.840  0.2913E+01  0.3010E+02
   3.850  0.2976E+01  0.3013E+02
   3.860  0.2874E+01  0.3016E+02
   3.870  0.2889E+01  0.3019E+02
   3.880  0.2898E+01  0.3022E+02
   3.890  0.2985E+01  0.3025E+02
   3.900  0.2932E+01  0.3027E+02
   3.910  0.2909E+01  0.3030E+02
   3.920  0.2934E+01  0.3033E+02
   3.930  0.2926E+01  0.3036E+02
   3.940  0.2942E+01  0.3039E+02
   3.950  0.2949E+01  0.3042E+02
   3.960  0.2981E+01  0.3045E+02
   3.970  0.3078E+01  0.3048E+02
   3.980  0.3350E+01  0.3051E+02
   3.990  0.3665E+01  0.3055E+02
   4.000  0.4232E+01  0.3059E+02
   4.010  0.4430E+01  0.3063E+02
   4.020  0.4813E+01  0.3068E+02
   4.030  0.4901E+01  0.3073E+02
   4.040  0.6060E+01  0.3078E+02
   4.050  0.6245E+01  0.3084E+02
   4.060  0.5421E+01  0.3090E+02
   4.070  0.5244E+01  0.3095E+02
   4.080  0.5208E+01  0.3101E+02
   4.090  0.4907E+01  0.3106E+02
   4.100  0.5008E+01  0.3111E+02
   4.110  0.5017E+01  0.3116E+02
   4.120  0.5160E+01  0.3121E+02
   4.130  0.5399E+01  0.3126E+02
   4.140  0.5046E+01  0.3131E+02
   4.150  0.4967E+01  0.3136E+02
   4.160  0.4616E+01  0.3141E+02
   4.170  0.4507E+01  0.3146E+02
   4.180  0.4430E+01  0.3150E+02
   4.190  0.4330E+01  0.3154E+02
   4.200  0.4259E+01  0.3159E+02
   4.210  0.4213E+01  0.3163E+02
   4.220  0.4249E+01  0.3167E+02
   4.230  0.4183E+01  0.3171E+02
   4.240  0.4177E+01  0.3176E+02
   4.250  0.1884E+02  0.3185E+02
   4.260  0.5828E+01  0.3193E+02
   4.270  0.5506E+01  0.3199E+02
   4.280  0.5437E+01  0.3204E+02
   4.290  0.5483E+01  0.3209E+02
   4.300  0.5429E+01  0.3215E+02
   4.310  0.5580E+01  0.3221E+02
   4.320  0.5218E+01  0.3226E+02
   4.330  0.5121E+01  0.3231E+02
   4.340  0.5068E+01  0.3236E+02
   4.350  0.5039E+01  0.3241E+02
   4.360  0.4939E+01  0.3246E+02
   4.370  0.5001E+01  0.3251E+02
   4.380  0.4864E+01  0.3256E+02
   4.390  0.4501E+01  0.3261E+02
   4.400  0.4083E+01  0.3265E+02
   4.410  0.4086E+01  0.3269E+02
   4.420  0.3954E+01  0.3273E+02
   4.430  0.4045E+01  0.3277E+02
   4.440  0.4232E+01  0.3281E+02
   4.450  0.4644E+01  0.3286E+02
   4.460  0.4853E+01  0.3290E+02
   4.470  0.5084E+01  0.3295E+02
   4.480  0.5237E+01  0.3301E+02
   4.490  0.5431E+01  0.3306E+02
   4.500  0.5650E+01  0.3312E+02
   4.510  0.5940E+01  0.3317E+02
   4.520  0.5946E+01  0.3323E+02
   4.530  0.5894E+01  0.3329E+02
   4.540  0.6146E+01  0.3335E+02
   4.550  0.6768E+01  0.3342E+02
   4.560  0.6043E+01  0.3348E+02
   4.570  0.6405E+01  0.3354E+02
   4.580  0.6178E+01  0.3361E+02
   4.590  0.6345E+01  0.3367E+02
   4.600  0.6245E+01  0.3373E+02
   4.610  0.6024E+01  0.3379E+02
   4.620  0.5854E+01  0.3385E+02
   4.630  0.5780E+01  0.3391E+02
   4.640  0.5820E+01  0.3397E+02
   4.650  0.5706E+01  0.3403E+02
   4.660  0.5629E+01  0.3408E+02
   4.670  0.5719E+01  0.3414E+02
   4.680  0.5678E+01  0.3420E+02
   4.690  0.5522E+01  0.3425E+02
   4.700  0.5371E+01  0.3431E+02
   4.710  0.5302E+01  0.3436E+02
   4.720  0.5312E+01  0.3442E+02
   4.730  0.5329E+01  0.3447E+02
   4.740  0.5414E+01  0.3452E+02
   4.750  0.5848E+01  0.3458E+02
   4.760  0.5974E+01  0.3464E+02
   4.770  0.6348E+01  0.3470E+02
   4.780  0.7221E+01  0.3477E+02
   4.790  0.7680E+01  0.3485E+02
   4.800  0.4350E+01  0.3491E+02
   4.810  0.4294E+01  0.3495E+02
   4.820  0.4176E+01  0.3499E+02
   4.830  0.4152E+01  0.3503E+02
   4.840  0.3808E+01  0.3507E+02
   4.850  0.3755E+01  0.3511E+02
   4.860  0.3326E+01  0.3514E+02
   4.870  0.3296E+01  0.3518E+02
   4.880  0.3291E+01  0.3521E+02
   4.890  0.3278E+01  0.3524E+02
   4.900  0.3186E+01  0.3528E+02
   4.910  0.3166E+01  0.3531E+02
   4.920  0.3127E+01  0.3534E+02
   4.930  0.3177E+01  0.3537E+02
   4.940  0.3324E+01  0.3540E+02
   4.950  0.3411E+01  0.3544E+02
   4.960  0.3502E+01  0.3547E+02
   4.970  0.3432E+01  0.3551E+02
   4.980  0.3366E+01  0.3554E+02
   4.990  0.3365E+01  0.3557E+02
   5.000  0.3399E+01  0.3561E+02
   5.010  0.3438E+01  0.3564E+02
   5.020  0.3643E+01  0.3568E+02
   5.030  0.3512E+01  0.3571E+02
   5.040  0.3371E+01  0.3575E+02
   5.050  0.3342E+01  0.3578E+02
   5.060  0.3358E+01  0.3582E+02
   5.070  0.3365E+01  0.3585E+02
   5.080  0.3391E+01  0.3588E+02
   5.090  0.3435E+01  0.3592E+02
   5.100  0.3493E+01  0.3595E+02
   5.110  0.3461E+01  0.3599E+02
   5.120  0.3453E+01  0.3602E+02
   5.130  0.3540E+01  0.3606E+02
   5.140  0.3508E+01  0.3609E+02
   5.150  0.3652E+01  0.3613E+02
   5.160  0.3931E+01  0.3617E+02
   5.170  0.4180E+01  0.3621E+02
   5.180  0.4124E+01  0.3625E+02
   5.190  0.4179E+01  0.3629E+02
   5.200  0.4176E+01  0.3633E+02
   5.210  0.4178E+01  0.3637E+02
   5.220  0.4508E+01  0.3642E+02
   5.230  0.5099E+01  0.3647E+02
   5.240  0.4940E+01  0.3652E+02
   5.250  0.5164E+01  0.3657E+02
   5.260  0.5477E+01  0.3662E+02
   5.270  0.5516E+01  0.3667E+02
   5.280  0.5548E+01  0.3673E+02
   5.290  0.6114E+01  0.3679E+02
   5.300  0.6441E+01  0.3685E+02
   5.310  0.5866E+01  0.3691E+02
   5.320  0.5709E+01  0.3697E+02
   5.330  0.5385E+01  0.3703E+02
   5.340  0.5235E+01  0.3708E+02
   5.350  0.5165E+01  0.3713E+02
   5.360  0.5216E+01  0.3718E+02
   5.370  0.5086E+01  0.3724E+02
   5.380  0.5067E+01  0.3729E+02
   5.390  0.5059E+01  0.3734E+02
   5.400  0.5178E+01  0.3739E+02
   5.410  0.5393E+01  0.3744E+02
   5.420  0.5577E+01  0.3749E+02
   5.430  0.5804E+01  0.3755E+02
   5.440  0.5427E+01  0.3761E+02
   5.450  0.5547E+01  0.3766E+02
   5.460  0.5649E+01  0.3772E+02
   5.470  0.5696E+01  0.3777E+02
   5.480  0.5821E+01  0.3783E+02
   5.490  0.6157E+01  0.3789E+02
   5.500  0.6150E+01  0.3795E+02
   5.510  0.6180E+01  0.3801E+02
   5.520  0.6518E+01  0.3808E+02
   5.530  0.6825E+01  0.3814E+02
   5.540  0.6731E+01  0.3821E+02
   5.550  0.6410E+01  0.3828E+02
   5.560  0.6292E+01  0.3834E+02
   5.570  0.6148E+01  0.3840E+02
   5.580  0.5712E+01  0.3846E+02
   5.590  0.5557E+01  0.3851E+02
   5.600  0.5463E+01  0.3857E+02
   5.610  0.5919E+01  0.3863E+02
   5.620  0.5716E+01  0.3869E+02
   5.630  0.5406E+01  0.3875E+02
   5.640  0.5934E+01  0.3880E+02
   5.650  0.5381E+01  0.3886E+02
   5.660  0.4978E+01  0.3891E+02
   5.670  0.4867E+01  0.3896E+02
   5.680  0.4860E+01  0.3901E+02
   5.690  0.4609E+01  0.3906E+02
   5.700  0.4648E+01  0.3910E+02
   5.710  0.4520E+01  0.3915E+02
   5.720  0.4619E+01  0.3919E+02
   5.730  0.5060E+01  0.3924E+02
   5.740  0.4970E+01  0.3929E+02
   5.750  0.5008E+01  0.3934E+02
   5.760  0.5063E+01  0.3939E+02
   5.770  0.4995E+01  0.3944E+02
   5.780  0.4965E+01  0.3949E+02
   5.790  0.5188E+01  0.3954E+02
   5.800  0.5431E+01  0.3960E+02
   5.810  0.5348E+01  0.3965E+02
   5.820  0.5201E+01  0.3970E+02
   5.830  0.5178E+01  0.3975E+02
   5.840  0.5219E+01  0.3981E+02
   5.850  0.5427E+01  0.3986E+02
   5.860  0.5394E+01  0.3991E+02
   5.870  0.5630E+01  0.3997E+02
   5.880  0.5641E+01  0.4002E+02
   5.890  0.6058E+01  0.4008E+02
   5.900  0.5909E+01  0.4014E+02
   5.910  0.1206E+02  0.4026E+02
   5.920  0.1091E+02  0.4037E+02
   5.930  0.8762E+01  0.4047E+02
   5.940  0.8234E+01  0.4055E+02
   5.950  0.6695E+01  0.4062E+02
   5.960  0.5646E+01  0.4069E+02
   5.970  0.5758E+01  0.4074E+02
   5.980  0.5733E+01  0.4080E+02
   5.990  0.5596E+01  0.4086E+02
   6.000  0.5677E+01  0.4091E+02
   6.010  0.5577E+01  0.4097E+02
   6.020  0.5528E+01  0.4103E+02
   6.030  0.5655E+01  0.4108E+02
   6.040  0.5679E+01  0.4114E+02
   6.050  0.5466E+01  0.4119E+02
   6.060  0.5627E+01  0.4125E+02
   6.070  0.5419E+01  0.4131E+02
   6.080  0.5357E+01  0.4136E+02
   6.090  0.5397E+01  0.4141E+02
   6.100  0.5529E+01  0.4147E+02
   6.110  0.5583E+01  0.4152E+02
   6.120  0.5927E+01  0.4158E+02
   6.130  0.6068E+01  0.4164E+02
   6.140  0.5938E+01  0.4170E+02
   6.150  0.6303E+01  0.4176E+02
   6.160  0.6827E+01  0.4183E+02
   6.170  0.6352E+01  0.4190E+02
   6.180  0.6100E+01  0.4196E+02
   6.190  0.6050E+01  0.4202E+02
   6.200  0.5847E+01  0.4208E+02
   6.210  0.5418E+01  0.4214E+02
   6.220  0.5037E+01  0.4219E+02
   6.230  0.4895E+01  0.4224E+02
   6.240  0.4780E+01  0.4229E+02
   6.250  0.4758E+01  0.4233E+02
   6.260  0.4846E+01  0.4238E+02
   6.270  0.4938E+01  0.4243E+02
   6.280  0.5205E+01  0.4248E+02
   6.290  0.5395E+01  0.4253E+02
   6.300  0.5366E+01  0.4259E+02
   6.310  0.5320E+01  0.4264E+02
   6.320  0.5374E+01  0.4270E+02
   6.330  0.5165E+01  0.4275E+02
   6.340  0.5055E+01  0.4280E+02
   6.350  0.4942E+01  0.4285E+02
   6.360  0.4887E+01  0.4290E+02
   6.370  0.4914E+01  0.4295E+02
   6.380  0.4955E+01  0.4300E+02
   6.390  0.4938E+01  0.4305E+02
   6.400  0.4789E+01  0.4310E+02
   6.410  0.4797E+01  0.4314E+02
   6.420  0.4867E+01  0.4319E+02
   6.430  0.4972E+01  0.4324E+02
   6.440  0.5021E+01  0.4329E+02
   6.450  0.5269E+01  0.4334E+02
   6.460  0.5676E+01  0.4340E+02
   6.470  0.5059E+01  0.4345E+02
   6.480  0.4927E+01  0.4350E+02
   6.490  0.4839E+01  0.4355E+02
   6.500  0.4764E+01  0.4360E+02
   6.510  0.4756E+01  0.4365E+02
   6.520  0.4749E+01  0.4369E+02
   6.530  0.4740E+01  0.4374E+02
   6.540  0.4794E+01  0.4379E+02
   6.550  0.4894E+01  0.4384E+02
   6.560  0.5262E+01  0.4389E+02
   6.570  0.5052E+01  0.4394E+02
   6.580  0.5127E+01  0.4399E+02
   6.590  0.5117E+01  0.4404E+02
   6.600  0.5197E+01  0.4409E+02
   6.610  0.5343E+01  0.4415E+02
   6.620  0.5467E+01  0.4420E+02
   6.630  0.5616E+01  0.4426E+02
   6.640  0.5782E+01  0.4431E+02
   6.650  0.6328E+01  0.4437E+02
   6.660  0.6377E+01  0.4444E+02
   6.670  0.6542E+01  0.4450E+02
   6.680  0.6693E+01  0.4457E+02
   6.690  0.6873E+01  0.4464E+02
   6.700  0.6687E+01  0.4470E+02
   6.710  0.7307E+01  0.4477E+02
   6.720  0.7430E+01  0.4484E+02
   6.730  0.6851E+01  0.4491E+02
   6.740  0.6300E+01  0.4498E+02
   6.750  0.5510E+01  0.4504E+02
   6.760  0.4787E+01  0.4509E+02
   6.770  0.4480E+01  0.4514E+02
   6.780  0.4529E+01  0.4518E+02
   6.790  0.4334E+01  0.4523E+02
   6.800  0.4406E+01  0.4527E+02
   6.810  0.4499E+01  0.4531E+02
   6.820  0.4325E+01  0.4536E+02
   6.830  0.4046E+01  0.4540E+02
   6.840  0.3977E+01  0.4544E+02
   6.850  0.3477E+01  0.4548E+02
   6.860  0.3418E+01  0.4551E+02
   6.870  0.3383E+01  0.4555E+02
   6.880  0.3360E+01  0.4558E+02
   6.890  0.3378E+01  0.4561E+02
   6.900  0.3457E+01  0.4565E+02
   6.910  0.3521E+01  0.4568E+02
   6.920  0.3496E+01  0.4572E+02
   6.930  0.3687E+01  0.4575E+02
   6.940  0.3825E+01  0.4579E+02
   6.950  0.4011E+01  0.4583E+02
   6.960  0.3934E+01  0.4587E+02
   6.970  0.3962E+01  0.4591E+02
   6.980  0.4030E+01  0.4595E+02
   6.990  0.4309E+01  0.4599E+02
   7.000  0.4297E+01  0.4603E+02
   7.010  0.4423E+01  0.4608E+02
   7.020  0.4365E+01  0.4612E+02
   7.030  0.4481E+01  0.4617E+02
   7.040  0.4883E+01  0.4621E+02
   7.050  0.5014E+01  0.4626E+02
   7.060  0.5241E+01  0.4631E+02
   7.070  0.5611E+01  0.4637E+02
   7.080  0.5659E+01  0.4642E+02
   7.090  0.5798E+01  0.4648E+02
   7.100  0.5480E+01  0.4654E+02
   7.110  0.4996E+01  0.4659E+02
   7.120  0.4879E+01  0.4664E+02
   7.130  0.4721E+01  0.4669E+02
   7.140  0.4714E+01  0.4673E+02
   7.150  0.4778E+01  0.4678E+02
   7.160  0.4547E+01  0.4683E+02
   7.170  0.4413E+01  0.4687E+02
   7.180  0.4924E+01  0.4692E+02
   7.190  0.6011E+01  0.4701E+02
   7.200  0.5278E+01  0.4707E+02
   7.210  0.5008E+01  0.4712E+02
   7.220  0.4973E+01  0.4717E+02
   7.230  0.4929E+01  0.4722E+02
   7.240  0.4880E+01  0.4727E+02
   7.250  0.5293E+01  0.4732E+02
   7.260  0.5804E+01  0.4737E+02
   7.270  0.5612E+01  0.4743E+02
   7.280  0.5989E+01  0.4749E+02
   7.290  0.5716E+01  0.4755E+02
   7.300  0.5578E+01  0.4760E+02
   7.310  0.5506E+01  0.4766E+02
   7.320  0.5415E+01  0.4772E+02
   7.330  0.5329E+01  0.4777E+02
   7.340  0.5313E+01  0.4782E+02
   7.350  0.5490E+01  0.4788E+02
   7.360  0.5414E+01  0.4793E+02
   7.370  0.5013E+01  0.4798E+02
   7.380  0.4769E+01  0.4803E+02
   7.390  0.5211E+01  0.4808E+02
   7.400  0.4799E+01  0.4813E+02
   7.410  0.4683E+01  0.4818E+02
   7.420  0.4652E+01  0.4823E+02
   7.430  0.4310E+01  0.4827E+02
   7.440  0.4199E+01  0.4831E+02
   7.450  0.4786E+01  0.4836E+02
   7.460  0.4786E+01  0.4841E+02
   7.470  0.4659E+01  0.4846E+02
   7.480  0.4728E+01  0.4850E+02
   7.490  0.4777E+01  0.4855E+02
   7.500  0.4951E+01  0.4860E+02
   7.510  0.4933E+01  0.4865E+02
   7.520  0.4917E+01  0.4870E+02
   7.530  0.4953E+01  0.4875E+02
   7.540  0.5392E+01  0.4880E+02
   7.550  0.6992E+01  0.4886E+02
   7.560  0.8687E+01  0.4894E+02
   7.570  0.7881E+01  0.4902E+02
   7.580  0.7154E+01  0.4909E+02
   7.590  0.6816E+01  0.4916E+02
   7.600  0.6505E+01  0.4923E+02
   7.610  0.6154E+01  0.4929E+02
   7.620  0.6356E+01  0.4935E+02
   7.630  0.6340E+01  0.4942E+02
   7.640  0.6244E+01  0.4948E+02
   7.650  0.6369E+01  0.4954E+02
   7.660  0.6577E+01  0.4961E+02
   7.670  0.6871E+01  0.4968E+02
   7.680  0.7038E+01  0.4975E+02
   7.690  0.6479E+01  0.4981E+02
   7.700  0.6269E+01  0.4988E+02
   7.710  0.5413E+01  0.4994E+02
   7.720  0.4055E+01  0.4999E+02
   7.730  0.3842E+01  0.5003E+02
   7.740  0.3616E+01  0.5006E+02
   7.750  0.4234E+01  0.5010E+02
   7.760  0.3696E+01  0.5014E+02
   7.770  0.3917E+01  0.5018E+02
   7.780  0.3921E+01  0.5021E+02
   7.790  0.3917E+01  0.5025E+02
   7.800  0.3975E+01  0.5029E+02
   7.810  0.4376E+01  0.5034E+02
   7.820  0.3784E+01  0.5038E+02
   7.830  0.3704E+01  0.5041E+02
   7.840  0.3967E+01  0.5045E+02
   7.850  0.4176E+01  0.5049E+02
   7.860  0.4312E+01  0.5054E+02
   7.870  0.5460E+01  0.5059E+02
   7.880  0.5400E+01  0.5064E+02
   7.890  0.5895E+01  0.5070E+02
   7.900  0.5881E+01  0.5076E+02
   7.910  0.5756E+01  0.5082E+02
   7.920  0.5645E+01  0.5087E+02
   7.930  0.5767E+01  0.5093E+02
   7.940  0.6313E+01  0.5099E+02
   7.950  0.6272E+01  0.5105E+02
   7.960  0.6661E+01  0.5112E+02
   7.970  0.7048E+01  0.5119E+02
   7.980  0.7407E+01  0.5126E+02
   7.990  0.7432E+01  0.5134E+02
   8.000  0.7188E+01  0.5141E+02
   8.010  0.7261E+01  0.5148E+02
   8.020  0.7764E+01  0.5156E+02
   8.030  0.7605E+01  0.5163E+02
   8.040  0.7269E+01  0.5171E+02
   8.050  0.7830E+01  0.5178E+02
   8.060  0.7451E+01  0.5186E+02
   8.070  0.7528E+01  0.5193E+02
   8.080  0.7442E+01  0.5201E+02
   8.090  0.7209E+01  0.5208E+02
   8.100  0.7255E+01  0.5215E+02
   8.110  0.7176E+01  0.5223E+02
   8.120  0.7495E+01  0.5230E+02
   8.130  0.7423E+01  0.5237E+02
   8.140  0.7346E+01  0.5245E+02
   8.150  0.7961E+01  0.5252E+02
   8.160  0.7628E+01  0.5260E+02
   8.170  0.6905E+01  0.5267E+02
   8.180  0.6645E+01  0.5274E+02
   8.190  0.6561E+01  0.5281E+02
   8.200  0.6375E+01  0.5287E+02
   8.210  0.6242E+01  0.5294E+02
   8.220  0.6103E+01  0.5300E+02
   8.230  0.6123E+01  0.5306E+02
   8.240  0.5447E+01  0.5312E+02
   8.250  0.4835E+01  0.5317E+02
   8.260  0.4693E+01  0.5322E+02
   8.270  0.4390E+01  0.5326E+02
   8.280  0.4425E+01  0.5331E+02
   8.290  0.4398E+01  0.5335E+02
   8.300  0.4458E+01  0.5340E+02
   8.310  0.4641E+01  0.5344E+02
   8.320  0.4137E+01  0.5348E+02
   8.330  0.4048E+01  0.5353E+02
   8.340  0.3591E+01  0.5356E+02
   8.350  0.3470E+01  0.5360E+02
   8.360  0.3347E+01  0.5363E+02
   8.370  0.3047E+01  0.5367E+02
   8.380  0.3420E+01  0.5370E+02
   8.390  0.3448E+01  0.5373E+02
   8.400  0.3173E+01  0.5376E+02
   8.410  0.3192E+01  0.5380E+02
   8.420  0.3262E+01  0.5383E+02
   8.430  0.3637E+01  0.5386E+02
   8.440  0.3582E+01  0.5390E+02
   8.450  0.3389E+01  0.5393E+02
   8.460  0.3294E+01  0.5397E+02
   8.470  0.3222E+01  0.5400E+02
   8.480  0.3404E+01  0.5403E+02
   8.490  0.4045E+01  0.5407E+02
   8.500  0.4295E+01  0.5411E+02
   8.510  0.4703E+01  0.5416E+02
   8.520  0.4487E+01  0.5421E+02
   8.530  0.5225E+01  0.5425E+02
   8.540  0.5709E+01  0.5431E+02
   8.550  0.6072E+01  0.5437E+02
   8.560  0.5144E+01  0.5442E+02
   8.570  0.4908E+01  0.5447E+02
   8.580  0.5114E+01  0.5453E+02
   8.590  0.5253E+01  0.5458E+02
   8.600  0.5325E+01  0.5463E+02
   8.610  0.5336E+01  0.5468E+02
   8.620  0.5767E+01  0.5474E+02
   8.630  0.5929E+01  0.5480E+02
   8.640  0.5865E+01  0.5485E+02
   8.650  0.6074E+01  0.5492E+02
   8.660  0.6385E+01  0.5498E+02
   8.670  0.6324E+01  0.5504E+02
   8.680  0.6255E+01  0.5511E+02
   8.690  0.6677E+01  0.5517E+02
   8.700  0.6172E+01  0.5524E+02
   8.710  0.7044E+01  0.5530E+02
   8.720  0.6282E+01  0.5537E+02
   8.730  0.6043E+01  0.5544E+02
   8.740  0.6071E+01  0.5550E+02
   8.750  0.5533E+01  0.5555E+02
   8.760  0.6094E+01  0.5561E+02
   8.770  0.5712E+01  0.5567E+02
   8.780  0.5801E+01  0.5573E+02
   8.790  0.5717E+01  0.5579E+02
   8.800  0.5402E+01  0.5584E+02
   8.810  0.5347E+01  0.5590E+02
   8.820  0.5752E+01  0.5595E+02
   8.830  0.5552E+01  0.5600E+02
   8.840  0.5721E+01  0.5606E+02
   8.850  0.5578E+01  0.5612E+02
   8.860  0.6212E+01  0.5618E+02
   8.870  0.6988E+01  0.5624E+02
   8.880  0.7401E+01  0.5632E+02
   8.890  0.8396E+01  0.5640E+02
   8.900  0.8403E+01  0.5648E+02
   8.910  0.7841E+01  0.5656E+02
   8.920  0.7065E+01  0.5664E+02
   8.930  0.7012E+01  0.5671E+02
   8.940  0.6988E+01  0.5678E+02
   8.950  0.6526E+01  0.5684E+02
   8.960  0.6300E+01  0.5691E+02
   8.970  0.6478E+01  0.5697E+02
   8.980  0.6543E+01  0.5704E+02
   8.990  0.5713E+01  0.5710E+02
   9.000  0.5540E+01  0.5716E+02
   9.010  0.5389E+01  0.5721E+02
   9.020  0.5371E+01  0.5726E+02
   9.030  0.5716E+01  0.5732E+02
   9.040  0.6262E+01  0.5738E+02
   9.050  0.6655E+01  0.5744E+02
   9.060  0.6276E+01  0.5751E+02
   9.070  0.6159E+01  0.5757E+02
   9.080  0.6099E+01  0.5763E+02
   9.090  0.6016E+01  0.5769E+02
   9.100  0.5947E+01  0.5775E+02
   9.110  0.5579E+01  0.5781E+02
   9.120  0.5313E+01  0.5786E+02
   9.130  0.5098E+01  0.5792E+02
   9.140  0.5171E+01  0.5797E+02
   9.150  0.5264E+01  0.5802E+02
   9.160  0.5209E+01  0.5807E+02
   9.170  0.5382E+01  0.5813E+02
   9.180  0.6712E+01  0.5819E+02
   9.190  0.5529E+01  0.5825E+02
   9.200  0.5276E+01  0.5830E+02
   9.210  0.5091E+01  0.5835E+02
   9.220  0.4820E+01  0.5840E+02
   9.230  0.4300E+01  0.5845E+02
   9.240  0.4915E+01  0.5849E+02
   9.250  0.4292E+01  0.5854E+02
   9.260  0.4453E+01  0.5858E+02
   9.270  0.4786E+01  0.5863E+02
   9.280  0.4664E+01  0.5867E+02
   9.290  0.4568E+01  0.5872E+02
   9.300  0.4396E+01  0.5876E+02
   9.310  0.4788E+01  0.5881E+02
   9.320  0.3612E+01  0.5884E+02
   9.330  0.3337E+01  0.5888E+02
   9.340  0.3169E+01  0.5891E+02
   9.350  0.3623E+01  0.5894E+02
   9.360  0.3032E+01  0.5897E+02
   9.370  0.3000E+01  0.5900E+02
   9.380  0.3030E+01  0.5903E+02
   9.390  0.3119E+01  0.5907E+02
   9.400  0.3001E+01  0.5910E+02
   9.410  0.2990E+01  0.5913E+02
   9.420  0.2739E+01  0.5915E+02
   9.430  0.2575E+01  0.5918E+02
   9.440  0.2417E+01  0.5921E+02
   9.450  0.2551E+01  0.5923E+02
   9.460  0.2595E+01  0.5926E+02
   9.470  0.2456E+01  0.5928E+02
   9.480  0.2513E+01  0.5931E+02
   9.490  0.2705E+01  0.5933E+02
   9.500  0.2762E+01  0.5936E+02
   9.510  0.2574E+01  0.5939E+02
   9.520  0.2592E+01  0.5941E+02
   9.530  0.2801E+01  0.5944E+02
   9.540  0.2807E+01  0.5947E+02
   9.550  0.2551E+01  0.5950E+02
   9.560  0.2441E+01  0.5952E+02
   9.570  0.2288E+01  0.5954E+02
   9.580  0.2147E+01  0.5957E+02
   9.590  0.2106E+01  0.5959E+02
   9.600  0.2084E+01  0.5961E+02
   9.610  0.1976E+01  0.5963E+02
   9.620  0.1872E+01  0.5965E+02
   9.630  0.1826E+01  0.5967E+02
   9.640  0.1774E+01  0.5968E+02
   9.650  0.1639E+01  0.5970E+02
   9.660  0.1587E+01  0.5972E+02
   9.670  0.1525E+01  0.5973E+02
   9.680  0.1447E+01  0.5975E+02
   9.690  0.1366E+01  0.5976E+02
   9.700  0.1247E+01  0.5977E+02
   9.710  0.1241E+01  0.5979E+02
   9.720  0.1189E+01  0.5980E+02
   9.730  0.1200E+01  0.5981E+02
   9.740  0.1206E+01  0.5982E+02
   9.750  0.1216E+01  0.5984E+02
   9.760  0.1244E+01  0.5985E+02
   9.770  0.1295E+01  0.5986E+02
   9.780  0.1353E+01  0.5987E+02
   9.790  0.1418E+01  0.5989E+02
   9.800  0.1356E+01  0.5990E+02
   9.810  0.1473E+01  0.5992E+02
   9.820  0.1128E+01  0.5993E+02
   9.830  0.8001E+00  0.5994E+02
   9.840  0.6449E+00  0.5995E+02
   9.850  0.6422E+00  0.5995E+02
   9.860  0.5125E+00  0.5996E+02
   9.870  0.5168E+00  0.5997E+02
   9.880  0.5219E+00  0.5997E+02
   9.890  0.5244E+00  0.5998E+02
   9.900  0.5269E+00  0.5998E+02
   9.910  0.5293E+00  0.5999E+02
   9.920  0.3152E+00  0.5999E+02
   9.930  0.2048E+00  0.5999E+02
   9.940  0.2179E+00  0.6000E+02
   9.950  0.1897E+00  0.6000E+02
   9.960  0.1109E+00  0.6000E+02
   9.970  0.4938E-01  0.6000E+02
   9.980  0.0000E+00  0.6000E+02
   9.990  0.0000E+00  0.6000E+02
  10.000  0.0000E+00  0.6000E+02
  10.010  0.0000E+00  0.6000E+02
  10.020  0.0000E+00  0.6000E+02
  10.030  0.0000E+00  0.6000E+02
  10.040  0.0000E+00  0.6000E+02
  10.050  0.0000E+00  0.6000E+02
  10.060  0.0000E+00  0.6000E+02
  10.070  0.0000E+00  0.6000E+02
  10.080  0.0000E+00  0.6000E+02
  10.090  0.0000E+00  0.6000E+02
  10.100  0.0000E+00  0.6000E+02
  10.110  0.0000E+00  0.6000E+02
  10.120  0.0000E+00  0.6000E+02
  10.130  0.0000E+00  0.6000E+02
  10.140  0.0000E+00  0.6000E+02
  10.150  0.0000E+00  0.6000E+02
  10.160  0.0000E+00  0.6000E+02
  10.170  0.0000E+00  0.6000E+02
  10.180  0.0000E+00  0.6000E+02
  10.190  0.0000E+00  0.6000E+02
  10.200  0.0000E+00  0.6000E+02
  10.210  0.0000E+00  0.6000E+02
  10.220  0.0000E+00  0.6000E+02
  10.230  0.0000E+00  0.6000E+02
  10.240  0.0000E+00  0.6000E+02
  10.250  0.0000E+00  0.6000E+02
  10.260  0.0000E+00  0.6000E+02
  10.270  0.0000E+00  0.6000E+02
  10.280  0.0000E+00  0.6000E+02
  10.290  0.0000E+00  0.6000E+02
  10.300  0.0000E+00  0.6000E+02
  10.310  0.0000E+00  0.6000E+02
  10.320  0.0000E+00  0.6000E+02
  10.330  0.0000E+00  0.6000E+02
  10.340  0.0000E+00  0.6000E+02
  10.350  0.0000E+00  0.6000E+02
  10.360  0.0000E+00  0.6000E+02
  10.370  0.0000E+00  0.6000E+02
  10.380  0.0000E+00  0.6000E+02
  10.390  0.0000E+00  0.6000E+02
  10.400  0.0000E+00  0.6000E+02
  10.410  0.0000E+00  0.6000E+02
  10.420  0.0000E+00  0.6000E+02
  10.430  0.0000E+00  0.6000E+02
  10.440  0.0000E+00  0.6000E+02
  10.450  0.0000E+00  0.6000E+02
  10.460  0.0000E+00  0.6000E+02
  10.470  0.0000E+00  0.6000E+02
  10.480  0.0000E+00  0.6000E+02
  10.490  0.0000E+00  0.6000E+02
  10.500  0.0000E+00  0.6000E+02
  10.510  0.0000E+00  0.6000E+02
  10.520  0.0000E+00  0.6000E+02
  10.530  0.0000E+00  0.6000E+02
  10.540  0.0000E+00  0.6000E+02
  10.550  0.0000E+00  0.6000E+02
  10.560  0.0000E+00  0.6000E+02
  10.570  0.0000E+00  0.6000E+02
  10.580  0.0000E+00  0.6000E+02
  10.590  0.0000E+00  0.6000E+02
  10.600  0.0000E+00  0.6000E+02
  10.610  0.0000E+00  0.6000E+02
  10.620  0.0000E+00  0.6000E+02
  10.630  0.0000E+00  0.6000E+02
  10.640  0.0000E+00  0.6000E+02
  10.650  0.0000E+00  0.6000E+02
  10.660  0.0000E+00  0.6000E+02
  10.670  0.0000E+00  0.6000E+02
  10.680  0.0000E+00  0.6000E+02
  10.690  0.0000E+00  0.6000E+02
  10.700  0.0000E+00  0.6000E+02
  10.710  0.0000E+00  0.6000E+02
  10.720  0.0000E+00  0.6000E+02
  10.730  0.0000E+00  0.6000E+02
  10.740  0.0000E+00  0.6000E+02
  10.750  0.0000E+00  0.6000E+02
  10.760  0.0000E+00  0.6000E+02
  10.770  0.0000E+00  0.6000E+02
  10.780  0.0000E+00  0.6000E+02
  10.790  0.0000E+00  0.6000E+02
  10.800  0.0000E+00  0.6000E+02
  10.810  0.0000E+00  0.6000E+02
  10.820  0.0000E+00  0.6000E+02
  10.830  0.0000E+00  0.6000E+02
  10.840  0.0000E+00  0.6000E+02
  10.850  0.0000E+00  0.6000E+02
  10.860  0.0000E+00  0.6000E+02
  10.870  0.0000E+00  0.6000E+02
  10.880  0.0000E+00  0.6000E+02
  10.890  0.0000E+00  0.6000E+02
  10.900  0.0000E+00  0.6000E+02
  10.910  0.0000E+00  0.6000E+02
  10.920  0.0000E+00  0.6000E+02
  10.930  0.0000E+00  0.6000E+02
  10.940  0.0000E+00  0.6000E+02
  10.950  0.0000E+00  0.6000E+02
  10.960  0.0000E+00  0.6000E+02
  10.970  0.0000E+00  0.6000E+02
  10.980  0.0000E+00  0.6000E+02
  10.990  0.0000E+00  0.6000E+02
  11.000  0.0000E+00  0.6000E+02
  11.010  0.0000E+00  0.6000E+02
  11.020  0.0000E+00  0.6000E+02
  11.030  0.0000E+00  0.6000E+02
  11.040  0.0000E+00  0.6000E+02
  11.050  0.0000E+00  0.6000E+02
  11.060  0.0000E+00  0.6000E+02
  11.070  0.0000E+00  0.6000E+02
  11.080  0.0000E+00  0.6000E+02
  11.090  0.0000E+00  0.6000E+02
  11.100  0.0000E+00  0.6000E+02
  11.110  0.0000E+00  0.6000E+02
  11.120  0.0000E+00  0.6000E+02
  11.130  0.0000E+00  0.6000E+02
  11.140  0.0000E+00  0.6000E+02
  11.150  0.0000E+00  0.6000E+02
  11.160  0.0000E+00  0.6000E+02
  11.170  0.0000E+00  0.6000E+02
  11.180  0.0000E+00  0.6000E+02
  11.190  0.0000E+00  0.6000E+02
  11.200  0.0000E+00  0.6000E+02
  11.210  0.0000E+00  0.6000E+02
  11.220  0.0000E+00  0.6000E+02
  11.230  0.0000E+00  0.6000E+02
  11.240  0.0000E+00  0.6000E+02
  11.250  0.0000E+00  0.6000E+02
  11.260  0.0000E+00  0.6000E+02
  11.270  0.0000E+00  0.6000E+02
  11.280  0.0000E+00  0.6000E+02
  11.290  0.0000E+00  0.6000E+02
  11.300  0.0000E+00  0.6000E+02
  11.310  0.0000E+00  0.6000E+02
  11.320  0.0000E+00  0.6000E+02
  11.330  0.0000E+00  0.6000E+02
  11.340  0.0000E+00  0.6000E+02
  11.350  0.0000E+00  0.6000E+02
  11.360  0.0000E+00  0.6000E+02
  11.370  0.0000E+00  0.6000E+02
  11.380  0.0000E+00  0.6000E+02
  11.390  0.0000E+00  0.6000E+02
  11.400  0.0000E+00  0.6000E+02
  11.410  0.0000E+00  0.6000E+02
  11.420  0.0000E+00  0.6000E+02
  11.430  0.0000E+00  0.6000E+02
  11.440  0.0000E+00  0.6000E+02
  11.450  0.0000E+00  0.6000E+02
  11.460  0.0000E+00  0.6000E+02
  11.470  0.0000E+00  0.6000E+02
  11.480  0.0000E+00  0.6000E+02
  11.490  0.0000E+00  0.6000E+02
  11.500  0.0000E+00  0.6000E+02
  11.510  0.0000E+00  0.6000E+02
  11.520  0.0000E+00  0.6000E+02
  11.530  0.0000E+00  0.6000E+02
  11.540  0.0000E+00  0.6000E+02
  11.550  0.0000E+00  0.6000E+02
  11.560  0.0000E+00  0.6000E+02
  11.570  0.0000E+00  0.6000E+02
  11.580  0.0000E+00  0.6000E+02
  11.590  0.0000E+00  0.6000E+02
  11.600  0.0000E+00  0.6000E+02
  11.610  0.0000E+00  0.6000E+02
  11.620  0.0000E+00  0.6000E+02
  11.630  0.0000E+00  0.6000E+02
  11.640  0.0000E+00  0.6000E+02
  11.650  0.0000E+00  0.6000E+02
  11.660  0.0000E+00  0.6000E+02
  11.670  0.0000E+00  0.6000E+02
  11.680  0.0000E+00  0.6000E+02
  11.690  0.0000E+00  0.6000E+02
  11.700  0.0000E+00  0.6000E+02
  11.710  0.0000E+00  0.6000E+02
  11.720  0.0000E+00  0.6000E+02
  11.730  0.0000E+00  0.6000E+02
  11.740  0.0000E+00  0.6000E+02
  11.750  0.0000E+00  0.6000E+02
  11.760  0.0000E+00  0.6000E+02
  11.770  0.0000E+00  0.6000E+02
  11.780  0.0000E+00  0.6000E+02
  11.790  0.0000E+00  0.6000E+02
  11.800  0.0000E+00  0.6000E+02
  11.810  0.0000E+00  0.6000E+02
  11.820  0.0000E+00  0.6000E+02
  11.830  0.0000E+00  0.6000E+02
  11.840  0.0000E+00  0.6000E+02
  11.850  0.0000E+00  0.6000E+02
  11.860  0.0000E+00  0.6000E+02
  11.870  0.0000E+00  0.6000E+02
  11.880  0.0000E+00  0.6000E+02
  11.890  0.0000E+00  0.6000E+02
  11.900  0.0000E+00  0.6000E+02
  11.910  0.0000E+00  0.6000E+02
  11.920  0.0000E+00  0.6000E+02
  11.930  0.0000E+00  0.6000E+02
  11.940  0.0000E+00  0.6000E+02
  11.950  0.0000E+00  0.6000E+02
  11.960  0.0000E+00  0.6000E+02
  11.970  0.0000E+00  0.6000E+02
  11.980  0.0000E+00  0.6000E+02
  11.990  0.0000E+00  0.6000E+02
  12.000  0.0000E+00  0.6000E+02
  12.010  0.0000E+00  0.6000E+02
  12.020  0.0000E+00  0.6000E+02
  12.030  0.0000E+00  0.6000E+02
  12.040  0.0000E+00  0.6000E+02
  12.050  0.0000E+00  0.6000E+02
  12.060  0.0000E+00  0.6000E+02
  12.070  0.0000E+00  0.6000E+02
  12.080  0.0000E+00  0.6000E+02
  12.090  0.0000E+00  0.6000E+02
  12.100  0.0000E+00  0.6000E+02
  12.110  0.0000E+00  0.6000E+02
  12.120  0.0000E+00  0.6000E+02
  12.130  0.0000E+00  0.6000E+02
  12.140  0.0000E+00  0.6000E+02
  12.150  0.0000E+00  0.6000E+02
  12.160  0.0000E+00  0.6000E+02
  12.170  0.0000E+00  0.6000E+02
  12.180  0.0000E+00  0.6000E+02
  12.190  0.0000E+00  0.6000E+02
  12.200  0.0000E+00  0.6000E+02
  12.210  0.0000E+00  0.6000E+02
  12.220  0.0000E+00  0.6000E+02
  12.230  0.0000E+00  0.6000E+02
  12.240  0.0000E+00  0.6000E+02
  12.250  0.0000E+00  0.6000E+02
  12.260  0.0000E+00  0.6000E+02
  12.270  0.0000E+00  0.6000E+02
  12.280  0.0000E+00  0.6000E+02
  12.290  0.0000E+00  0.6000E+02
  12.300  0.0000E+00  0.6000E+02
  12.310  0.0000E+00  0.6000E+02
  12.320  0.0000E+00  0.6000E+02
  12.330  0.0000E+00  0.6000E+02
  12.340  0.0000E+00  0.6000E+02
  12.350  0.0000E+00  0.6000E+02
  12.360  0.0000E+00  0.6000E+02
  12.370  0.0000E+00  0.6000E+02
  12.380  0.0000E+00  0.6000E+02
  12.390  0.0000E+00  0.6000E+02
  12.400  0.0000E+00  0.6000E+02
  12.410  0.0000E+00  0.6000E+02
  12.420  0.0000E+00  0.6000E+02
  12.430  0.0000E+00  0.6000E+02
  12.440  0.0000E+00  0.6000E+02
  12.450  0.0000E+00  0.6000E+02
  12.460  0.0000E+00  0.6000E+02
  12.470  0.0000E+00  0.6000E+02
  12.480  0.0000E+00  0.6000E+02
  12.490  0.0000E+00  0.6000E+02
  12.500  0.0000E+00  0.6000E+02
  12.510  0.0000E+00  0.6000E+02
  12.520  0.0000E+00  0.6000E+02
  12.530  0.0000E+00  0.6000E+02
  12.540  0.0000E+00  0.6000E+02
  12.550  0.0000E+00  0.6000E+02
  12.560  0.0000E+00  0.6000E+02
  12.570  0.0000E+00  0.6000E+02
  12.580  0.0000E+00  0.6000E+02
  12.590  0.0000E+00  0.6000E+02
  12.600  0.0000E+00  0.6000E+02
  12.610  0.0000E+00  0.6000E+02
  12.620  0.0000E+00  0.6000E+02
  12.630  0.0000E+00  0.6000E+02
  12.640  0.0000E+00  0.6000E+02
  12.650  0.0000E+00  0.6000E+02
  12.660  0.0000E+00  0.6000E+02
  12.670  0.0000E+00  0.6000E+02
  12.680  0.0000E+00  0.6000E+02
  12.690  0.0000E+00  0.6000E+02
  12.700  0.0000E+00  0.6000E+02
  12.710  0.0000E+00  0.6000E+02
  12.720  0.0000E+00  0.6000E+02
  12.730  0.0000E+00  0.6000E+02
  12.740  0.0000E+00  0.6000E+02
  12.750  0.0000E+00  0.6000E+02
  12.760  0.0000E+00  0.6000E+02
  12.770  0.0000E+00  0.6000E+02
  12.780  0.0000E+00  0.6000E+02
  12.790  0.0000E+00  0.6000E+02
  12.800  0.0000E+00  0.6000E+02
  12.810  0.0000E+00  0.6000E+02
  12.820  0.0000E+00  0.6000E+02
  12.830  0.0000E+00  0.6000E+02
  12.840  0.0000E+00  0.6000E+02
  12.850  0.0000E+00  0.6000E+02
  12.860  0.0000E+00  0.6000E+02
  12.870  0.0000E+00  0.6000E+02
  12.880  0.0000E+00  0.6000E+02
  12.890  0.0000E+00  0.6000E+02
  12.900  0.0000E+00  0.6000E+02
  12.910  0.0000E+00  0.6000E+02
  12.920  0.0000E+00  0.6000E+02
  12.930  0.0000E+00  0.6000E+02
  12.940  0.0000E+00  0.6000E+02
  12.950  0.0000E+00  0.6000E+02
  12.960  0.0000E+00  0.6000E+02
  12.970  0.0000E+00  0.6000E+02
  12.980  0.0000E+00  0.6000E+02
  12.990  0.0000E+00  0.6000E+02
  13.000  0.0000E+00  0.6000E+02
  13.010  0.0000E+00  0.6000E+02
  13.020  0.0000E+00  0.6000E+02
  13.030  0.0000E+00  0.6000E+02
  13.040  0.0000E+00  0.6000E+02
  13.050  0.0000E+00  0.6000E+02
  13.060  0.0000E+00  0.6000E+02
  13.070  0.0000E+00  0.6000E+02
  13.080  0.0000E+00  0.6000E+02
  13.090  0.0000E+00  0.6000E+02
  13.100  0.0000E+00  0.6000E+02
  13.110  0.0000E+00  0.6000E+02
  13.120  0.0000E+00  0.6000E+02
  13.130  0.0000E+00  0.6000E+02
  13.140  0.0000E+00  0.6000E+02
  13.150  0.0000E+00  0.6000E+02
  13.160  0.0000E+00  0.6000E+02
  13.170  0.0000E+00  0.6000E+02
  13.180  0.0000E+00  0.6000E+02
  13.190  0.0000E+00  0.6000E+02
  13.200  0.0000E+00  0.6000E+02
  13.210  0.0000E+00  0.6000E+02
  13.220  0.0000E+00  0.6000E+02
  13.230  0.0000E+00  0.6000E+02
  13.240  0.0000E+00  0.6000E+02
  13.250  0.0000E+00  0.6000E+02
  13.260  0.0000E+00  0.6000E+02
  13.270  0.0000E+00  0.6000E+02
  13.280  0.0000E+00  0.6000E+02
  13.290  0.0000E+00  0.6000E+02
  13.300  0.0000E+00  0.6000E+02
  13.310  0.0000E+00  0.6000E+02
  13.320  0.0000E+00  0.6000E+02
  13.330  0.0000E+00  0.6000E+02
  13.340  0.0000E+00  0.6000E+02
  13.350  0.0000E+00  0.6000E+02
  13.360  0.0000E+00  0.6000E+02
  13.370  0.0000E+00  0.6000E+02
  13.380  0.0000E+00  0.6000E+02
  13.390  0.0000E+00  0.6000E+02
  13.400  0.0000E+00  0.6000E+02
  13.410  0.0000E+00  0.6000E+02
  13.420  0.0000E+00  0.6000E+02
  13.430  0.0000E+00  0.6000E+02
  13.440  0.0000E+00  0.6000E+02
  13.450  0.0000E+00  0.6000E+02
  13.460  0.0000E+00  0.6000E+02
  13.470  0.0000E+00  0.6000E+02
  13.480  0.0000E+00  0.6000E+02
  13.490  0.0000E+00  0.6000E+02
  13.500  0.0000E+00  0.6000E+02
  13.510  0.0000E+00  0.6000E+02
  13.520  0.0000E+00  0.6000E+02
  13.530  0.0000E+00  0.6000E+02
  13.540  0.0000E+00  0.6000E+02
  13.550  0.0000E+00  0.6000E+02
  13.560  0.0000E+00  0.6000E+02
  13.570  0.0000E+00  0.6000E+02
  13.580  0.0000E+00  0.6000E+02
  13.590  0.0000E+00  0.6000E+02
  13.600  0.0000E+00  0.6000E+02
  13.610  0.0000E+00  0.6000E+02
  13.620  0.0000E+00  0.6000E+02
  13.630  0.0000E+00  0.6000E+02
  13.640  0.0000E+00  0.6000E+02
  13.650  0.0000E+00  0.6000E+02
  13.660  0.0000E+00  0.6000E+02
  13.670  0.0000E+00  0.6000E+02
  13.680  0.0000E+00  0.6000E+02
  13.690  0.0000E+00  0.6000E+02
  13.700  0.0000E+00  0.6000E+02
  13.710  0.0000E+00  0.6000E+02
  13.720  0.0000E+00  0.6000E+02
  13.730  0.0000E+00  0.6000E+02
  13.740  0.0000E+00  0.6000E+02
  13.750  0.0000E+00  0.6000E+02
  13.760  0.0000E+00  0.6000E+02
  13.770  0.0000E+00  0.6000E+02
  13.780  0.0000E+00  0.6000E+02
  13.790  0.0000E+00  0.6000E+02
  13.800  0.0000E+00  0.6000E+02
  13.810  0.0000E+00  0.6000E+02
  13.820  0.0000E+00  0.6000E+02
  13.830  0.0000E+00  0.6000E+02
  13.840  0.0000E+00  0.6000E+02
  13.850  0.0000E+00  0.6000E+02
  13.860  0.0000E+00  0.6000E+02
  13.870  0.0000E+00  0.6000E+02
  13.880  0.0000E+00  0.6000E+02
  13.890  0.0000E+00  0.6000E+02
  13.900  0.0000E+00  0.6000E+02
  13.910  0.0000E+00  0.6000E+02
  13.920  0.0000E+00  0.6000E+02
  13.930  0.0000E+00  0.6000E+02
  13.940  0.0000E+00  0.6000E+02
  13.950  0.0000E+00  0.6000E+02
  13.960  0.0000E+00  0.6000E+02
  13.970  0.0000E+00  0.6000E+02
  13.980  0.0000E+00  0.6000E+02
  13.990  0.0000E+00  0.6000E+02
  14.000  0.0000E+00  0.6000E+02
  14.010  0.0000E+00  0.6000E+02
  14.020  0.0000E+00  0.6000E+02
  14.030  0.0000E+00  0.6000E+02
  14.040  0.0000E+00  0.6000E+02
  14.050  0.0000E+00  0.6000E+02
  14.060  0.0000E+00  0.6000E+02
  14.070  0.0000E+00  0.6000E+02
  14.080  0.0000E+00  0.6000E+02
  14.090  0.0000E+00  0.6000E+02
  14.100  0.0000E+00  0.6000E+02
  14.110  0.0000E+00  0.6000E+02
  14.120  0.0000E+00  0.6000E+02
  14.130  0.0000E+00  0.6000E+02
  14.140  0.0000E+00  0.6000E+02
  14.150  0.0000E+00  0.6000E+02
  14.160  0.0000E+00  0.6000E+02
  14.170  0.0000E+00  0.6000E+02
  14.180  0.0000E+00  0.6000E+02
  14.190  0.0000E+00  0.6000E+02
  14.200  0.0000E+00  0.6000E+02
  14.210  0.0000E+00  0.6000E+02
  14.220  0.0000E+00  0.6000E+02
  14.230  0.0000E+00  0.6000E+02
  14.240  0.0000E+00  0.6000E+02
  14.250  0.0000E+00  0.6000E+02
  14.260  0.0000E+00  0.6000E+02
  14.270  0.0000E+00  0.6000E+02
  14.280  0.0000E+00  0.6000E+02
  14.290  0.0000E+00  0.6000E+02
  14.300  0.0000E+00  0.6000E+02
  14.310  0.0000E+00  0.6000E+02
  14.320  0.0000E+00  0.6000E+02
  14.330  0.0000E+00  0.6000E+02
  14.340  0.0000E+00  0.6000E+02
  14.350  0.0000E+00  0.6000E+02
  14.360  0.0000E+00  0.6000E+02
  14.370  0.0000E+00  0.6000E+02
  14.380  0.0000E+00  0.6000E+02
  14.390  0.0000E+00  0.6000E+02
  14.400  0.0000E+00  0.6000E+02
  14.410  0.0000E+00  0.6000E+02
  14.420  0.0000E+00  0.6000E+02
  14.430  0.0000E+00  0.6000E+02
  14.440  0.0000E+00  0.6000E+02
  14.450  0.0000E+00  0.6000E+02
  14.460  0.0000E+00  0.6000E+02
  14.470  0.0000E+00  0.6000E+02
  14.480  0.0000E+00  0.6000E+02
  14.490  0.0000E+00  0.6000E+02
  14.500  0.0000E+00  0.6000E+02
  14.510  0.0000E+00  0.6000E+02
  14.520  0.0000E+00  0.6000E+02
  14.530  0.0000E+00  0.6000E+02
  14.540  0.0000E+00  0.6000E+02
  14.550  0.0000E+00  0.6000E+02
  14.560  0.0000E+00  0.6000E+02
  14.570  0.0000E+00  0.6000E+02
  14.580  0.0000E+00  0.6000E+02
  14.590  0.0000E+00  0.6000E+02
  14.600  0.0000E+00  0.6000E+02
  14.610  0.0000E+00  0.6000E+02
  14.620  0.0000E+00  0.6000E+02
  14.630  0.0000E+00  0.6000E+02
  14.640  0.0000E+00  0.6000E+02
  14.650  0.0000E+00  0.6000E+02
  14.660  0.0000E+00  0.6000E+02
  14.670  0.0000E+00  0.6000E+02
  14.680  0.0000E+00  0.6000E+02
  14.690  0.0000E+00  0.6000E+02
  14.700  0.0000E+00  0.6000E+02
  14.710  0.0000E+00  0.6000E+02
  14.720  0.0000E+00  0.6000E+02
  14.730  0.0000E+00  0.6000E+02
  14.740  0.0000E+00  0.6000E+02
  14.750  0.0000E+00  0.6000E+02
  14.760  0.0000E+00  0.6000E+02
  14.770  0.0000E+00  0.6000E+02
  14.780  0.0000E+00  0.6000E+02
  14.790  0.0000E+00  0.6000E+02
  14.800  0.0000E+00  0.6000E+02
  14.810  0.0000E+00  0.6000E+02
  14.820  0.0000E+00  0.6000E+02
  14.830  0.0000E+00  0.6000E+02
  14.840  0.0000E+00  0.6000E+02
  14.850  0.0000E+00  0.6000E+02
  14.860  0.0000E+00  0.6000E+02
  14.870  0.0000E+00  0.6000E+02
  14.880  0.0000E+00  0.6000E+02
  14.890  0.0000E+00  0.6000E+02
  14.900  0.0000E+00  0.6000E+02
  14.910  0.0000E+00  0.6000E+02
  14.920  0.0000E+00  0.6000E+02
  14.930  0.0000E+00  0.6000E+02
  14.940  0.0000E+00  0.6000E+02
  14.950  0.0000E+00  0.6000E+02
  14.960  0.0000E+00  0.6000E+02
  14.970  0.0000E+00  0.6000E+02
  14.980  0.0000E+00  0.6000E+02
  14.990  0.0000E+00  0.6000E+02
  15.000  0.0000E+00  0.6000E+02
